Participant ID,Run ID,Timestamp,Left Pupil Dilation,Right Pupil Dilation,Blink
2-3-1,Run1,188972462753,3.2338409423828125,3.699874877929688,0.0
2-3-1,Run1,188972479459,3.2338409423828125,3.699874877929688,0.0
2-3-1,Run1,188972510068,3.2338409423828125,3.699874877929688,0.0
2-3-1,Run1,188972526732,3.2338409423828125,3.699874877929688,0.0
2-3-1,Run1,188972543396,3.2338409423828125,3.699874877929688,0.0
2-3-1,Run1,188972560035,3.2338409423828125,3.699874877929688,0.0
2-3-1,Run1,188972594723,3.2338409423828125,3.699874877929688,0.0
2-3-1,Run1,188972611383,3.2338409423828125,3.699874877929688,0.0
2-3-1,Run1,188972628042,3.2338409423828125,3.699874877929688,0.0
2-3-1,Run1,188972644699,3.2338409423828125,3.699874877929688,0.0
2-3-1,Run1,188972661330,3.2338409423828125,3.699874877929688,0.0
2-3-1,Run1,188972677959,3.2338409423828125,3.699874877929688,0.0
2-3-1,Run1,188972694587,3.2338409423828125,3.699874877929688,0.0
2-3-1,Run1,188972711243,3.2338409423828125,3.699874877929688,0.0
2-3-1,Run1,188972727899,3.2338409423828125,3.699874877929688,0.0
2-3-1,Run1,188972744553,3.2338409423828125,3.699874877929688,0.0
2-3-1,Run1,188972761205,3.2338409423828125,3.699874877929688,0.0
2-3-1,Run1,188972777857,3.2338409423828125,3.699874877929688,1.0
2-3-1,Run1,188972794510,3.1273651123046875,3.5860595703125,1.0
2-3-1,Run1,188972811164,3.16033935546875,3.61602783203125,1.0
2-3-1,Run1,188972827820,3.285491943359375,3.7946624755859375,1.0
2-3-1,Run1,188972844474,3.3328399658203125,3.840118408203125,1.0
2-3-1,Run1,188972861117,3.352569580078125,3.8582763671875,1.0
2-3-1,Run1,188972877761,3.2948150634765625,3.8241119384765625,1.0
2-3-1,Run1,188972894405,3.2819366455078125,3.7915751139322915,0.0
2-3-1,Run1,188972911058,3.2690582275390625,3.759038289388021,0.0
2-3-1,Run1,188972927712,3.2561798095703125,3.72650146484375,1.0
2-3-1,Run1,188972944366,3.2433013916015625,3.72650146484375,1.0
2-3-1,Run1,188972961028,3.2304229736328125,3.715606689453125,1.0
2-3-1,Run1,188972977691,3.3486785888671875,3.774566650390625,1.0
2-3-1,Run1,188972994355,3.350311279296875,3.779876708984375,1.0
2-3-1,Run1,188973011011,3.3315887451171875,3.789093017578125,1.0
2-3-1,Run1,188973027665,3.3409576416015625,3.804229736328125,1.0
2-3-1,Run1,188973044321,3.35400390625,3.8104248046875,1.0
2-3-1,Run1,188973060966,3.370208740234375,3.8065338134765625,1.0
2-3-1,Run1,188973077610,3.3713531494140625,3.808135986328125,1.0
2-3-1,Run1,188973094255,3.37542724609375,3.80609130859375,1.0
2-3-1,Run1,188973110909,3.384368896484375,3.80462646484375,1.0
2-3-1,Run1,188973127562,3.4154205322265625,3.815994262695313,1.0
2-3-1,Run1,188973144217,3.4377899169921875,3.828170776367188,1.0
2-3-1,Run1,188973160874,3.440948486328125,3.835372924804688,1.0
2-3-1,Run1,188973177531,3.4474639892578125,3.824630737304688,1.0
2-3-1,Run1,188973194189,3.5530548095703125,3.89385986328125,1.0
2-3-1,Run1,188973210845,3.604949951171875,3.920944213867188,1.0
2-3-1,Run1,188973227499,3.49066162109375,3.856658935546875,1.0
2-3-1,Run1,188973244152,3.497909545898437,3.865875244140625,1.0
2-3-1,Run1,188973260807,3.62030029296875,3.942581176757813,1.0
2-3-1,Run1,188973277460,3.619384765625,3.981689453125,1.0
2-3-1,Run1,188973294114,3.619384765625,3.981689453125,1.0
2-3-1,Run1,188973310767,3.544830322265625,3.9142074584960938,0.0
2-3-1,Run1,188973327422,3.47027587890625,3.846725463867188,1.0
2-3-1,Run1,188973344075,3.5442657470703125,3.9067535400390634,1.0
2-3-1,Run1,188973360730,3.637863159179688,3.988739013671875,1.0
2-3-1,Run1,188973377384,3.658889770507813,4.007614135742188,1.0
2-3-1,Run1,188973394038,3.57440185546875,3.939041137695313,1.0
2-3-1,Run1,188973410692,3.580673217773437,3.948150634765625,1.0
2-3-1,Run1,188973427347,3.67193603515625,4.029067993164063,1.0
2-3-1,Run1,188973444000,3.662750244140625,4.0226593017578125,1.0
2-3-1,Run1,188973460653,3.5950164794921875,3.9697418212890634,1.0
2-3-1,Run1,188973477306,3.611968994140625,3.977447509765625,1.0
2-3-1,Run1,188973493959,3.620681762695313,3.987579345703125,1.0
2-3-1,Run1,188973510611,3.62060546875,3.994796752929688,1.0
2-3-1,Run1,188973527264,3.619094848632813,3.998123168945313,1.0
2-3-1,Run1,188973543917,3.62615966796875,4.006362915039063,1.0
2-3-1,Run1,188973560569,3.642532348632813,4.009323120117188,1.0
2-3-1,Run1,188973577222,3.6660308837890634,4.026138305664063,1.0
2-3-1,Run1,188973593874,3.6748199462890634,4.052017211914063,1.0
2-3-1,Run1,188973610526,3.67242431640625,4.050872802734375,1.0
2-3-1,Run1,188973627178,3.667800903320313,4.046966552734375,1.0
2-3-1,Run1,188973643831,3.68658447265625,4.07568359375,1.0
2-3-1,Run1,188973660484,3.806671142578125,4.17431640625,1.0
2-3-1,Run1,188973677138,3.8055267333984375,4.1920013427734375,1.0
2-3-1,Run1,188973693792,3.735076904296875,4.14056396484375,1.0
2-3-1,Run1,188973710445,3.7357025146484375,4.159225463867188,1.0
2-3-1,Run1,188973727099,3.745880126953125,4.166793823242188,1.0
2-3-1,Run1,188973743753,3.76190185546875,4.158615112304688,1.0
2-3-1,Run1,188973760406,3.7741546630859375,4.181640625,1.0
2-3-1,Run1,188973777060,3.769287109375,4.189010620117188,1.0
2-3-1,Run1,188973793714,3.776657104492188,4.183319091796875,1.0
2-3-1,Run1,188973810368,3.798507690429688,4.200103759765625,1.0
2-3-1,Run1,188973827021,3.793365478515625,4.211395263671875,1.0
2-3-1,Run1,188973843675,3.785186767578125,4.21234130859375,1.0
2-3-1,Run1,188973860330,3.777801513671875,4.223556518554688,1.0
2-3-1,Run1,188973876985,3.76324462890625,4.228240966796875,1.0
2-3-1,Run1,188973893641,3.752639770507813,4.2213287353515625,1.0
2-3-1,Run1,188973910298,3.730545043945313,4.175704956054688,1.0
2-3-1,Run1,188973926953,3.685958862304688,4.0963897705078125,1.0
2-3-1,Run1,188973943609,3.658493041992188,4.1342620849609375,1.0
2-3-1,Run1,188973960266,3.644332885742188,4.115081787109375,1.0
2-3-1,Run1,188973976921,3.6391448974609375,4.121017456054688,1.0
2-3-1,Run1,188973993578,3.6240386962890634,4.1143646240234375,1.0
2-3-1,Run1,188974010235,3.6003875732421875,4.102203369140625,1.0
2-3-1,Run1,188974026891,3.59759521484375,4.09918212890625,1.0
2-3-1,Run1,188974043548,3.5996856689453125,4.08526611328125,1.0
2-3-1,Run1,188974060205,3.5760955810546875,4.05908203125,1.0
2-3-1,Run1,188974076862,3.558624267578125,4.051849365234375,1.0
2-3-1,Run1,188974093518,3.54327392578125,4.038101196289063,1.0
2-3-1,Run1,188974110175,3.5439605712890625,4.02911376953125,1.0
2-3-1,Run1,188974126833,3.548797607421875,4.011077880859375,1.0
2-3-1,Run1,188974143489,3.54779052734375,3.997848510742188,1.0
2-3-1,Run1,188974160147,3.5472564697265625,3.998123168945313,1.0
2-3-1,Run1,188974176803,3.5395965576171875,3.99700927734375,1.0
2-3-1,Run1,188974193460,3.53790283203125,3.986572265625,1.0
2-3-1,Run1,188974210118,3.5517730712890625,3.9828948974609375,1.0
2-3-1,Run1,188974226776,3.6483306884765625,4.0578155517578125,1.0
2-3-1,Run1,188974243433,3.637496948242188,4.06610107421875,1.0
2-3-1,Run1,188974260089,3.559234619140625,3.976165771484375,1.0
2-3-1,Run1,188974276744,3.560577392578125,3.9721832275390634,1.0
2-3-1,Run1,188974293398,3.6416168212890634,3.966217041015625,1.0
2-3-1,Run1,188974310053,3.6581878662109375,3.968215942382813,1.0
2-3-1,Run1,188974326708,3.582275390625,3.9741363525390634,1.0
2-3-1,Run1,188974343363,3.597686767578125,3.9618988037109375,1.0
2-3-1,Run1,188974360017,3.692108154296875,3.9697418212890634,1.0
2-3-1,Run1,188974376672,3.696014404296875,3.9863433837890634,1.0
2-3-1,Run1,188974393327,3.617721557617188,3.9843902587890634,1.0
2-3-1,Run1,188974409981,3.6231536865234375,3.98992919921875,1.0
2-3-1,Run1,188974426636,3.626556396484375,3.991729736328125,1.0
2-3-1,Run1,188974443291,3.628997802734375,3.98565673828125,1.0
2-3-1,Run1,188974459945,3.7087249755859375,3.993820190429688,1.0
2-3-1,Run1,188974476600,3.735931396484375,4.0023040771484375,1.0
2-3-1,Run1,188974493255,3.653656005859375,4.0153350830078125,1.0
2-3-1,Run1,188974509909,3.65777587890625,4.017745971679688,1.0
2-3-1,Run1,188974526564,3.6630859375,4.00506591796875,1.0
2-3-1,Run1,188974543219,3.657424926757813,4.001373291015625,1.0
2-3-1,Run1,188974559873,3.65374755859375,4.004898071289063,1.0
2-3-1,Run1,188974576528,3.664474487304688,4.015548706054688,1.0
2-3-1,Run1,188974593183,3.75885009765625,4.1097564697265625,1.0
2-3-1,Run1,188974609838,3.7585601806640634,4.1124114990234375,1.0
2-3-1,Run1,188974626492,3.686813354492188,4.0433349609375,1.0
2-3-1,Run1,188974643147,3.6950836181640634,4.047134399414063,1.0
2-3-1,Run1,188974659801,3.7008209228515625,4.0560302734375,1.0
2-3-1,Run1,188974676455,3.70709228515625,4.058746337890625,1.0
2-3-1,Run1,188974693111,3.7053070068359375,4.05517578125,1.0
2-3-1,Run1,188974709767,3.70965576171875,4.0592803955078125,1.0
2-3-1,Run1,188974726421,3.7259674072265625,4.0655364990234375,1.0
2-3-1,Run1,188974743077,3.72344970703125,4.0660552978515625,1.0
2-3-1,Run1,188974759732,3.71466064453125,4.070281982421875,1.0
2-3-1,Run1,188974776387,3.709136962890625,4.06866455078125,1.0
2-3-1,Run1,188974793043,3.7134857177734375,4.06829833984375,1.0
2-3-1,Run1,188974809699,3.713912963867188,4.071578979492188,1.0
2-3-1,Run1,188974826353,3.721466064453125,4.084732055664063,1.0
2-3-1,Run1,188974843009,3.7230072021484375,4.096847534179688,1.0
2-3-1,Run1,188974859665,3.71044921875,4.1009368896484375,1.0
2-3-1,Run1,188974876320,3.7136077880859375,4.098388671875,1.0
2-3-1,Run1,188974892975,3.7214202880859375,4.097686767578125,1.0
2-3-1,Run1,188974909631,3.721023559570313,4.101486206054688,1.0
2-3-1,Run1,188974926287,3.7091217041015625,4.104766845703125,1.0
2-3-1,Run1,188974942941,3.7103118896484375,4.1046295166015625,1.0
2-3-1,Run1,188974959597,3.720657348632813,4.0997314453125,1.0
2-3-1,Run1,188974976253,3.718536376953125,4.106369018554688,1.0
2-3-1,Run1,188974992908,3.7043609619140634,4.0922393798828125,1.0
2-3-1,Run1,188975009564,3.7093658447265625,4.0780792236328125,1.0
2-3-1,Run1,188975026219,3.6421051025390634,4.0886993408203125,1.0
2-3-1,Run1,188975042874,3.521713256835937,3.668792724609375,1.0
2-3-1,Run1,188975059530,3.5892333984375,3.1947479248046875,1.0
2-3-1,Run1,188975076186,3.716598510742188,3.4985809326171875,1.0
2-3-1,Run1,188975092841,3.691680908203125,3.802413940429688,1.0
2-3-1,Run1,188975109496,3.67950439453125,4.034194946289063,1.0
2-3-1,Run1,188975126153,3.673538208007813,4.132247924804688,1.0
2-3-1,Run1,188975142809,3.6912689208984375,4.066619873046875,1.0
2-3-1,Run1,188975159463,3.701507568359375,4.0727081298828125,1.0
2-3-1,Run1,188975176119,3.701690673828125,4.075897216796875,1.0
2-3-1,Run1,188975192775,3.705474853515625,4.080657958984375,1.0
2-3-1,Run1,188975209430,3.7159423828125,4.09625244140625,1.0
2-3-1,Run1,188975226086,3.715255737304688,4.1034088134765625,1.0
2-3-1,Run1,188975242741,3.7139892578125,4.09527587890625,1.0
2-3-1,Run1,188975259397,3.729248046875,4.097991943359375,1.0
2-3-1,Run1,188975276053,3.743362426757813,4.1053314208984375,1.0
2-3-1,Run1,188975292709,3.749313354492188,4.1010284423828125,1.0
2-3-1,Run1,188975309363,3.7508697509765625,4.10430908203125,1.0
2-3-1,Run1,188975326020,3.760055541992188,4.111328125,1.0
2-3-1,Run1,188975342676,3.762741088867188,4.122116088867188,1.0
2-3-1,Run1,188975359331,3.7727203369140634,4.1353759765625,1.0
2-3-1,Run1,188975375987,3.79071044921875,4.134765625,1.0
2-3-1,Run1,188975392643,3.795501708984375,4.1405792236328125,1.0
2-3-1,Run1,188975409299,3.80206298828125,4.1569671630859375,1.0
2-3-1,Run1,188975425954,3.806060791015625,4.1659698486328125,1.0
2-3-1,Run1,188975442610,3.7894287109375,4.1568450927734375,1.0
2-3-1,Run1,188975459267,3.790283203125,4.154708862304688,1.0
2-3-1,Run1,188975475921,3.801849365234375,4.15972900390625,1.0
2-3-1,Run1,188975492576,3.803680419921875,4.1558380126953125,1.0
2-3-1,Run1,188975509231,3.809173583984375,4.168228149414063,1.0
2-3-1,Run1,188975525886,3.812942504882813,4.1772003173828125,1.0
2-3-1,Run1,188975542541,3.79736328125,4.164031982421875,1.0
2-3-1,Run1,188975559196,3.7892913818359375,4.1717681884765625,1.0
2-3-1,Run1,188975575850,3.793167114257813,4.1761322021484375,1.0
2-3-1,Run1,188975592506,3.7784271240234375,4.171539306640625,1.0
2-3-1,Run1,188975609161,3.7628173828125,4.1678314208984375,1.0
2-3-1,Run1,188975625815,3.759429931640625,4.1551513671875,1.0
2-3-1,Run1,188975642471,3.75164794921875,4.1423187255859375,1.0
2-3-1,Run1,188975659126,3.744461059570313,4.135894775390625,1.0
2-3-1,Run1,188975675781,3.7371673583984375,4.138153076171875,1.0
2-3-1,Run1,188975692435,3.7352447509765625,4.116912841796875,1.0
2-3-1,Run1,188975709091,3.736129760742188,4.120651245117188,1.0
2-3-1,Run1,188975725746,3.73284912109375,4.127655029296875,1.0
2-3-1,Run1,188975742400,3.7232666015625,4.102584838867188,1.0
2-3-1,Run1,188975759055,3.713058471679688,4.0960693359375,1.0
2-3-1,Run1,188975775711,3.719894409179688,4.095260620117188,1.0
2-3-1,Run1,188975792365,3.723724365234375,4.0909576416015625,1.0
2-3-1,Run1,188975809020,3.723190307617188,4.101089477539063,1.0
2-3-1,Run1,188975825675,3.7336578369140634,4.0991058349609375,1.0
2-3-1,Run1,188975842330,3.7400054931640634,4.091796875,1.0
2-3-1,Run1,188975858985,3.810333251953125,4.088912963867188,1.0
2-3-1,Run1,188975875640,3.835540771484375,4.086639404296875,1.0
2-3-1,Run1,188975892294,3.754730224609375,4.09442138671875,1.0
2-3-1,Run1,188975908950,3.7471771240234375,4.0904388427734375,1.0
2-3-1,Run1,188975925605,3.749481201171875,4.089111328125,1.0
2-3-1,Run1,188975942260,3.750762939453125,4.100189208984375,1.0
2-3-1,Run1,188975958914,3.753494262695313,4.103805541992188,1.0
2-3-1,Run1,188975975570,3.74676513671875,4.099395751953125,1.0
2-3-1,Run1,188975992225,3.742843627929688,4.101837158203125,1.0
2-3-1,Run1,188976008879,3.7497406005859375,4.1086273193359375,1.0
2-3-1,Run1,188976025534,3.74102783203125,4.10546875,1.0
2-3-1,Run1,188976042190,3.7358245849609375,4.1080322265625,1.0
2-3-1,Run1,188976058844,3.73980712890625,4.104217529296875,1.0
2-3-1,Run1,188976075499,3.73529052734375,4.098846435546875,1.0
2-3-1,Run1,188976092154,3.7328033447265625,4.0948028564453125,1.0
2-3-1,Run1,188976108809,3.731979370117188,4.090728759765625,1.0
2-3-1,Run1,188976125464,3.736328125,4.0908203125,1.0
2-3-1,Run1,188976142119,3.7406005859375,4.087738037109375,1.0
2-3-1,Run1,188976158773,3.7372894287109375,4.083023071289063,1.0
2-3-1,Run1,188976175429,3.731399536132813,4.082366943359375,1.0
2-3-1,Run1,188976192084,3.732177734375,4.082763671875,1.0
2-3-1,Run1,188976208739,3.736358642578125,4.0784759521484375,1.0
2-3-1,Run1,188976225393,3.736282348632813,4.074966430664063,1.0
2-3-1,Run1,188976242049,3.7392578125,4.078338623046875,1.0
2-3-1,Run1,188976258704,3.744827270507813,4.0872344970703125,1.0
2-3-1,Run1,188976275358,3.751220703125,4.093917846679688,1.0
2-3-1,Run1,188976292013,3.745635986328125,4.09490966796875,1.0
2-3-1,Run1,188976308668,3.7451324462890634,4.089279174804688,1.0
2-3-1,Run1,188976325323,3.8238372802734375,4.084762573242188,1.0
2-3-1,Run1,188976341978,3.8375244140625,4.0908203125,1.0
2-3-1,Run1,188976358634,3.760650634765625,4.097686767578125,1.0
2-3-1,Run1,188976375288,3.759475708007813,4.092254638671875,1.0
2-3-1,Run1,188976391942,3.8346099853515625,4.1021575927734375,1.0
2-3-1,Run1,188976408598,3.841842651367188,4.10845947265625,1.0
2-3-1,Run1,188976425253,3.7653961181640634,4.169342041015625,1.0
2-3-1,Run1,188976441908,3.76611328125,4.1746826171875,1.0
2-3-1,Run1,188976458563,3.84576416015625,3.901199340820313,1.0
2-3-1,Run1,188976475218,3.7401301066080728,3.4718170166015625,1.0
2-3-1,Run1,188976491873,3.634496053059896,3.5892766316731772,0.0
2-3-1,Run1,188976508528,3.5288619995117188,3.7067362467447915,0.0
2-3-1,Run1,188976525183,3.4232279459635415,3.8241958618164062,0.0
2-3-1,Run1,188976541837,3.3175938924153647,3.941655476888021,0.0
2-3-1,Run1,188976558493,3.2119598388671875,4.059115091959636,1.0
2-3-1,Run1,188976575148,3.5801544189453125,4.17657470703125,1.0
2-3-1,Run1,188976591802,3.789260864257813,4.072998046875,1.0
2-3-1,Run1,188976608457,3.7955169677734375,4.113082885742188,1.0
2-3-1,Run1,188976625113,3.8045654296875,4.1689453125,1.0
2-3-1,Run1,188976641767,3.8114166259765625,4.1470489501953125,1.0
2-3-1,Run1,188976658422,3.81817626953125,4.15179443359375,1.0
2-3-1,Run1,188976675077,3.839996337890625,4.161041259765625,1.0
2-3-1,Run1,188976691732,3.837356567382813,4.157989501953125,1.0
2-3-1,Run1,188976708387,3.836944580078125,4.163360595703125,1.0
2-3-1,Run1,188976725042,3.83441162109375,4.17572021484375,1.0
2-3-1,Run1,188976741697,3.83050537109375,4.174896240234375,1.0
2-3-1,Run1,188976758352,3.83245849609375,4.17852783203125,1.0
2-3-1,Run1,188976775007,3.8372802734375,4.1864013671875,1.0
2-3-1,Run1,188976791662,3.841110229492188,4.1869049072265625,1.0
2-3-1,Run1,188976808316,3.833572387695313,4.192550659179688,1.0
2-3-1,Run1,188976824972,3.836837768554688,4.1861114501953125,1.0
2-3-1,Run1,188976841627,3.8375244140625,4.173370361328125,1.0
2-3-1,Run1,188976858281,3.829177856445313,4.1694183349609375,1.0
2-3-1,Run1,188976874936,3.810821533203125,4.1653594970703125,1.0
2-3-1,Run1,188976891592,3.785797119140625,4.156646728515625,1.0
2-3-1,Run1,188976908246,3.780838012695313,4.1574554443359375,1.0
2-3-1,Run1,188976924901,3.773147583007813,4.159912109375,1.0
2-3-1,Run1,188976941556,3.75396728515625,4.1486663818359375,1.0
2-3-1,Run1,188976958211,3.7237701416015625,4.131881713867188,1.0
2-3-1,Run1,188976974866,3.702056884765625,4.1161956787109375,1.0
2-3-1,Run1,188976991521,3.6853179931640634,4.1009521484375,1.0
2-3-1,Run1,188977008176,3.65753173828125,4.089111328125,1.0
2-3-1,Run1,188977024831,3.643096923828125,4.0604400634765625,1.0
2-3-1,Run1,188977041486,3.63543701171875,4.051559448242188,1.0
2-3-1,Run1,188977058141,3.620635986328125,4.0393829345703125,1.0
2-3-1,Run1,188977074796,3.612762451171875,4.016616821289063,1.0
2-3-1,Run1,188977091451,3.5927886962890625,4.0012054443359375,1.0
2-3-1,Run1,188977108106,3.578887939453125,3.99237060546875,1.0
2-3-1,Run1,188977124760,3.5680694580078125,3.9832916259765625,1.0
2-3-1,Run1,188977141416,3.5509185791015625,3.97406005859375,1.0
2-3-1,Run1,188977158071,3.5352020263671875,3.95050048828125,1.0
2-3-1,Run1,188977174725,3.5352325439453125,3.944122314453125,1.0
2-3-1,Run1,188977191380,3.527618408203125,3.936737060546875,1.0
2-3-1,Run1,188977208036,3.51422119140625,3.932083129882813,1.0
2-3-1,Run1,188977224690,3.4942626953125,3.910888671875,1.0
2-3-1,Run1,188977241345,3.495635986328125,3.8929290771484375,1.0
2-3-1,Run1,188977258000,3.499847412109375,3.9687652587890634,1.0
2-3-1,Run1,188977274656,3.492706298828125,3.985641479492188,1.0
2-3-1,Run1,188977291310,3.4959716796875,3.891204833984375,1.0
2-3-1,Run1,188977307965,3.499481201171875,3.891326904296875,1.0
2-3-1,Run1,188977324620,3.5040435791015625,3.90185546875,1.0
2-3-1,Run1,188977341275,3.5085906982421875,3.908157348632813,1.0
2-3-1,Run1,188977357930,3.50592041015625,3.904617309570313,1.0
2-3-1,Run1,188977374585,3.512054443359375,3.8923492431640634,1.0
2-3-1,Run1,188977391239,3.52374267578125,3.889495849609375,1.0
2-3-1,Run1,188977407895,3.5263214111328125,3.89898681640625,1.0
2-3-1,Run1,188977424550,3.52325439453125,3.909225463867188,1.0
2-3-1,Run1,188977441204,3.514556884765625,3.903030395507813,1.0
2-3-1,Run1,188977457859,3.519744873046875,3.907806396484375,1.0
2-3-1,Run1,188977474515,3.535400390625,3.914108276367188,1.0
2-3-1,Run1,188977491169,3.529876708984375,3.9271087646484375,1.0
2-3-1,Run1,188977507824,3.521835327148437,3.906951904296875,1.0
2-3-1,Run1,188977524479,3.5384063720703125,3.902420043945313,1.0
2-3-1,Run1,188977541135,3.542633056640625,3.9124908447265625,1.0
2-3-1,Run1,188977557789,3.54693603515625,3.912811279296875,1.0
2-3-1,Run1,188977574444,3.5603179931640625,3.9288330078125,1.0
2-3-1,Run1,188977591099,3.5615692138671875,3.927902221679688,1.0
2-3-1,Run1,188977607754,3.5616455078125,3.943359375,1.0
2-3-1,Run1,188977624409,3.6539459228515625,4.0401763916015625,1.0
2-3-1,Run1,188977641064,3.6645355224609375,4.0568389892578125,1.0
2-3-1,Run1,188977657718,3.574005126953125,3.985427856445313,1.0
2-3-1,Run1,188977674374,3.592987060546875,3.9897308349609375,1.0
2-3-1,Run1,188977691029,3.623977661132813,3.996261596679688,1.0
2-3-1,Run1,188977707683,3.622894287109375,3.991012573242188,1.0
2-3-1,Run1,188977724338,3.6110992431640634,3.994430541992188,1.0
2-3-1,Run1,188977740994,3.628936767578125,4.0126800537109375,1.0
2-3-1,Run1,188977757648,3.644973754882813,4.025802612304688,1.0
2-3-1,Run1,188977774303,3.642166137695313,4.031402587890625,1.0
2-3-1,Run1,188977790959,3.656906127929688,4.033950805664063,1.0
2-3-1,Run1,188977807614,3.663528442382813,4.0399017333984375,1.0
2-3-1,Run1,188977824268,3.674072265625,4.051666259765625,1.0
2-3-1,Run1,188977840923,3.6771240234375,4.0499114990234375,1.0
2-3-1,Run1,188977857579,3.686309814453125,4.06097412109375,1.0
2-3-1,Run1,188977874233,3.697555541992188,4.077926635742188,1.0
2-3-1,Run1,188977890888,3.70849609375,4.093185424804688,1.0
2-3-1,Run1,188977907543,3.72216796875,4.0889739990234375,1.0
2-3-1,Run1,188977924198,3.736129760742188,4.091964721679688,1.0
2-3-1,Run1,188977940853,3.748214721679688,4.102264404296875,1.0
2-3-1,Run1,188977957508,3.746170043945313,4.106292724609375,1.0
2-3-1,Run1,188977974162,3.672042846679688,4.04833984375,1.0
2-3-1,Run1,188977990818,2.67755126953125,4.03106689453125,1.0
2-3-1,Run1,188978007473,1.6830596923828125,3.9357261657714844,1.0
2-3-1,Run1,188978024127,1.6830596923828125,3.8403854370117188,1.0
2-3-1,Run1,188978040782,3.2947540283203125,3.7450447082519536,1.0
2-3-1,Run1,188978057438,3.246429443359375,3.649703979492188,1.0
2-3-1,Run1,188978074093,3.554306030273437,4.045867919921875,1.0
2-3-1,Run1,188978090747,3.776519775390625,4.058135986328125,1.0
2-3-1,Run1,188978107402,3.767669677734375,4.0443115234375,1.0
2-3-1,Run1,188978124058,3.77008056640625,4.14788818359375,1.0
2-3-1,Run1,188978140712,3.76812744140625,4.1583099365234375,1.0
2-3-1,Run1,188978157367,3.766021728515625,4.156463623046875,1.0
2-3-1,Run1,188978174022,3.778717041015625,4.135787963867188,1.0
2-3-1,Run1,188978190677,3.7926177978515625,4.143478393554688,1.0
2-3-1,Run1,188978207332,3.794647216796875,4.151397705078125,1.0
2-3-1,Run1,188978223987,3.792938232421875,4.151168823242188,1.0
2-3-1,Run1,188978240641,3.794631958007813,4.1590423583984375,1.0
2-3-1,Run1,188978257297,3.792770385742188,4.1557464599609375,1.0
2-3-1,Run1,188978273952,3.788787841796875,4.1473236083984375,1.0
2-3-1,Run1,188978290606,3.781524658203125,4.1343536376953125,1.0
2-3-1,Run1,188978307261,3.7870025634765625,4.135986328125,1.0
2-3-1,Run1,188978323917,3.7918853759765625,4.1519317626953125,1.0
2-3-1,Run1,188978340572,3.7730865478515625,4.1541900634765625,1.0
2-3-1,Run1,188978357226,3.7613372802734375,4.1457366943359375,1.0
2-3-1,Run1,188978373881,3.75439453125,4.137420654296875,1.0
2-3-1,Run1,188978390537,3.7458648681640634,4.1295013427734375,1.0
2-3-1,Run1,188978407191,3.738525390625,4.1173858642578125,1.0
2-3-1,Run1,188978423846,3.721878051757813,4.0899810791015625,1.0
2-3-1,Run1,188978440501,3.708160400390625,4.0734710693359375,1.0
2-3-1,Run1,188978457156,3.687423706054688,4.077667236328125,1.0
2-3-1,Run1,188978473811,3.6674652099609375,4.078872680664063,1.0
2-3-1,Run1,188978490466,3.6576995849609375,4.060150146484375,1.0
2-3-1,Run1,188978507120,3.63525390625,4.0459747314453125,1.0
2-3-1,Run1,188978523776,3.6168365478515625,4.026031494140625,1.0
2-3-1,Run1,188978540431,3.620407104492188,4.0176544189453125,1.0
2-3-1,Run1,188978557085,3.5718536376953125,4.005950927734375,1.0
2-3-1,Run1,188978573740,3.5514373779296875,3.9976806640625,1.0
2-3-1,Run1,188978590396,3.5758209228515625,3.9846038818359375,1.0
2-3-1,Run1,188978607051,3.5794677734375,3.96942138671875,1.0
2-3-1,Run1,188978623705,3.564971923828125,3.955490112304688,1.0
2-3-1,Run1,188978640360,3.545257568359375,3.945098876953125,1.0
2-3-1,Run1,188978657016,3.5406646728515625,3.948883056640625,1.0
2-3-1,Run1,188978673670,3.540771484375,3.956512451171875,1.0
2-3-1,Run1,188978690325,3.5350341796875,3.930496215820313,1.0
2-3-1,Run1,188978706980,3.528594970703125,3.919387817382813,1.0
2-3-1,Run1,188978723635,3.5130615234375,3.91741943359375,1.0
2-3-1,Run1,188978740290,3.5171356201171875,3.919921875,1.0
2-3-1,Run1,188978756945,3.5189971923828125,3.921066284179688,1.0
2-3-1,Run1,188978773599,3.521102905273437,3.912200927734375,1.0
2-3-1,Run1,188978790255,3.525115966796875,3.91583251953125,1.0
2-3-1,Run1,188978806910,3.5169677734375,3.92022705078125,1.0
2-3-1,Run1,188978823564,3.5220489501953125,3.9106597900390634,1.0
2-3-1,Run1,188978840219,3.5283355712890625,3.9216461181640634,1.0
2-3-1,Run1,188978856875,3.533721923828125,3.933059692382813,1.0
2-3-1,Run1,188978873530,3.530136108398437,3.925140380859375,1.0
2-3-1,Run1,188978890184,3.54010009765625,3.9220123291015625,1.0
2-3-1,Run1,188978906839,3.5662078857421875,3.9266204833984375,1.0
2-3-1,Run1,188978923495,3.590728759765625,3.9527740478515625,1.0
2-3-1,Run1,188978940149,3.5826416015625,3.95556640625,1.0
2-3-1,Run1,188978956804,3.5727081298828125,3.941802978515625,1.0
2-3-1,Run1,188978973459,3.594696044921875,3.9554595947265625,1.0
2-3-1,Run1,188978990114,3.604736328125,3.959686279296875,1.0
2-3-1,Run1,188979006769,3.604248046875,3.9612884521484375,1.0
2-3-1,Run1,188979023424,3.6213531494140634,3.971038818359375,1.0
2-3-1,Run1,188979040078,3.623260498046875,3.9698486328125,1.0
2-3-1,Run1,188979056734,3.6130218505859375,3.987014770507813,1.0
2-3-1,Run1,188979073389,3.619781494140625,3.991119384765625,1.0
2-3-1,Run1,188979090043,3.635833740234375,3.997039794921875,1.0
2-3-1,Run1,188979106698,3.629074096679688,3.99609375,1.0
2-3-1,Run1,188979123354,3.6304779052734375,3.9962310791015625,1.0
2-3-1,Run1,188979140009,3.6387939453125,4.003387451171875,1.0
2-3-1,Run1,188979156663,3.6394195556640634,4.003936767578125,1.0
2-3-1,Run1,188979173318,3.641082763671875,4.005462646484375,1.0
2-3-1,Run1,188979189974,3.638580322265625,3.991790771484375,1.0
2-3-1,Run1,188979206628,3.629425048828125,3.9819183349609375,1.0
2-3-1,Run1,188979223283,3.620162963867188,3.9886627197265625,1.0
2-3-1,Run1,188979239938,3.622039794921875,3.995162963867188,1.0
2-3-1,Run1,188979256593,3.617996215820313,4.004074096679688,1.0
2-3-1,Run1,188979273248,3.6152191162109375,4.005035400390625,1.0
2-3-1,Run1,188979289903,3.6083831787109375,3.99560546875,1.0
2-3-1,Run1,188979306557,3.608978271484375,4.0037841796875,1.0
2-3-1,Run1,188979323213,3.60577392578125,4.0070648193359375,1.0
2-3-1,Run1,188979339868,3.6046142578125,4.0067138671875,1.0
2-3-1,Run1,188979356522,3.60845947265625,4.008712768554688,1.0
2-3-1,Run1,188979373177,3.6115570068359375,4.001724243164063,1.0
2-3-1,Run1,188979389833,3.607330322265625,3.99371337890625,1.0
2-3-1,Run1,188979406488,3.604202270507813,3.993621826171875,1.0
2-3-1,Run1,188979423142,3.6131439208984375,4.0072021484375,1.0
2-3-1,Run1,188979439797,3.616363525390625,4.014328002929688,1.0
2-3-1,Run1,188979456453,3.6275634765625,4.00982666015625,1.0
2-3-1,Run1,188979473106,3.634613037109375,4.0103912353515625,1.0
2-3-1,Run1,188979489761,3.636016845703125,4.019073486328125,1.0
2-3-1,Run1,188979506416,3.629486083984375,4.019989013671875,1.0
2-3-1,Run1,188979523071,3.63482666015625,4.0225982666015625,1.0
2-3-1,Run1,188979539726,3.57257080078125,3.9662933349609375,1.0
2-3-1,Run1,188979556380,3.61529541015625,3.9661712646484375,1.0
2-3-1,Run1,188979573034,3.65802001953125,3.9706598917643228,0.0
2-3-1,Run1,188979589690,3.70074462890625,3.9751485188802085,0.0
2-3-1,Run1,188979606345,3.74346923828125,3.9796371459960938,0.0
2-3-1,Run1,188979622999,3.78619384765625,3.984125773111979,0.0
2-3-1,Run1,188979639653,3.82891845703125,3.9886144002278647,1.0
2-3-1,Run1,188979656309,3.662750244140625,3.99310302734375,1.0
2-3-1,Run1,188979672964,3.6681060791015625,4.103775024414063,1.0
2-3-1,Run1,188979689618,3.727951049804688,4.0174407958984375,1.0
2-3-1,Run1,188979706273,3.722015380859375,4.021636962890625,1.0
2-3-1,Run1,188979722928,3.723114013671875,4.1018829345703125,1.0
2-3-1,Run1,188979739582,3.72955322265625,4.1132659912109375,1.0
2-3-1,Run1,188979756237,3.74365234375,4.113311767578125,1.0
2-3-1,Run1,188979772892,3.760955810546875,4.0977630615234375,1.0
2-3-1,Run1,188979789546,3.767898559570313,4.099700927734375,1.0
2-3-1,Run1,188979806201,3.749725341796875,4.112701416015625,1.0
2-3-1,Run1,188979822856,3.7579345703125,4.13128662109375,1.0
2-3-1,Run1,188979839510,3.77435302734375,4.136260986328125,1.0
2-3-1,Run1,188979856165,3.76971435546875,4.131744384765625,1.0
2-3-1,Run1,188979872820,3.776687622070313,4.140380859375,1.0
2-3-1,Run1,188979889474,3.7878570556640634,4.144088745117188,1.0
2-3-1,Run1,188979906129,3.7838134765625,4.159271240234375,1.0
2-3-1,Run1,188979922785,3.780426025390625,4.169830322265625,1.0
2-3-1,Run1,188979939439,3.765426635742188,4.1455841064453125,1.0
2-3-1,Run1,188979956093,3.7536468505859375,4.1241302490234375,1.0
2-3-1,Run1,188979972748,3.7629241943359375,4.12030029296875,1.0
2-3-1,Run1,188979989404,3.7490081787109375,4.1186370849609375,1.0
2-3-1,Run1,188980006057,3.721725463867188,4.106781005859375,1.0
2-3-1,Run1,188980022712,3.70062255859375,4.0807952880859375,1.0
2-3-1,Run1,188980039367,3.68212890625,4.062789916992188,1.0
2-3-1,Run1,188980056022,3.658035278320313,4.042694091796875,1.0
2-3-1,Run1,188980072676,3.637359619140625,4.0393829345703125,1.0
2-3-1,Run1,188980089331,3.61480712890625,4.028244018554688,1.0
2-3-1,Run1,188980105985,3.5932159423828125,4.010467529296875,1.0
2-3-1,Run1,188980122641,3.5795440673828125,3.985595703125,1.0
2-3-1,Run1,188980139296,3.565185546875,3.9730377197265625,1.0
2-3-1,Run1,188980155949,3.551986694335937,3.9615631103515625,1.0
2-3-1,Run1,188980172604,3.5390625,3.93603515625,1.0
2-3-1,Run1,188980189260,3.512786865234375,3.90728759765625,1.0
2-3-1,Run1,188980205914,3.499862670898437,3.905593872070313,1.0
2-3-1,Run1,188980222568,3.4870147705078125,3.89410400390625,1.0
2-3-1,Run1,188980239223,3.4737548828125,3.88311767578125,1.0
2-3-1,Run1,188980255879,3.450302124023437,3.856109619140625,1.0
2-3-1,Run1,188980272533,3.4402618408203125,3.84136962890625,1.0
2-3-1,Run1,188980289187,3.4337310791015625,3.833587646484375,1.0
2-3-1,Run1,188980305842,3.4429473876953125,3.8376617431640634,1.0
2-3-1,Run1,188980322497,3.44049072265625,3.8348236083984375,1.0
2-3-1,Run1,188980339151,3.413543701171875,3.830764770507813,1.0
2-3-1,Run1,188980355806,3.419769287109375,3.806320190429688,1.0
2-3-1,Run1,188980372460,3.429916381835937,3.801849365234375,1.0
2-3-1,Run1,188980389116,3.4297332763671875,3.82159423828125,1.0
2-3-1,Run1,188980405770,3.43475341796875,3.824752807617188,1.0
2-3-1,Run1,188980422424,3.4390869140625,3.813278198242188,1.0
2-3-1,Run1,188980439079,3.452117919921875,3.802825927734375,1.0
2-3-1,Run1,188980455734,3.566131591796875,3.896453857421875,1.0
2-3-1,Run1,188980472389,3.55401611328125,3.90399169921875,1.0
2-3-1,Run1,188980489043,3.464828491210937,3.817337036132813,1.0
2-3-1,Run1,188980505698,3.4934844970703125,3.814773559570313,1.0
2-3-1,Run1,188980522353,3.5117645263671875,3.83294677734375,1.0
2-3-1,Run1,188980539007,3.527206420898437,3.8471527099609375,1.0
2-3-1,Run1,188980555662,3.546295166015625,3.8567962646484375,1.0
2-3-1,Run1,188980572317,3.547576904296875,3.8497161865234375,1.0
2-3-1,Run1,188980588971,3.559173583984375,3.8542327880859375,1.0
2-3-1,Run1,188980605626,3.57318115234375,3.871871948242188,1.0
2-3-1,Run1,188980622281,3.594512939453125,3.885162353515625,1.0
2-3-1,Run1,188980638935,3.6038665771484375,3.88043212890625,1.0
2-3-1,Run1,188980655590,3.619842529296875,3.891769409179688,1.0
2-3-1,Run1,188980672245,3.6327056884765625,3.9094390869140634,1.0
2-3-1,Run1,188980688899,3.633270263671875,3.928024291992188,1.0
2-3-1,Run1,188980705554,3.64178466796875,3.946456909179688,1.0
2-3-1,Run1,188980722209,3.6658935546875,3.946823120117188,1.0
2-3-1,Run1,188980738864,3.6765289306640634,3.9533843994140634,1.0
2-3-1,Run1,188980755518,3.681686401367188,3.9699859619140634,1.0
2-3-1,Run1,188980772172,3.68560791015625,3.9815521240234375,1.0
2-3-1,Run1,188980788828,3.7714996337890634,4.0675201416015625,1.0
2-3-1,Run1,188980805482,3.758331298828125,4.0806884765625,1.0
2-3-1,Run1,188980822137,3.758331298828125,4.0806884765625,1.0
2-3-1,Run1,188980838791,3.701927185058594,4.027557373046875,0.0
2-3-1,Run1,188980855446,3.6455230712890634,3.97442626953125,1.0
2-3-1,Run1,188980872101,3.7255706787109375,4.032028198242188,1.0
2-3-1,Run1,188980888755,3.745697021484375,4.050018310546875,1.0
2-3-1,Run1,188980905409,3.7535400390625,4.060791015625,1.0
2-3-1,Run1,188980922065,3.741165161132813,4.0603790283203125,1.0
2-3-1,Run1,188980938720,3.740966796875,4.064712524414063,1.0
2-3-1,Run1,188980955373,3.745269775390625,4.0734405517578125,1.0
2-3-1,Run1,188980972028,3.7514801025390634,4.090667724609375,1.0
2-3-1,Run1,188980988683,3.771682739257813,4.09698486328125,1.0
2-3-1,Run1,188981005338,3.77276611328125,4.086441040039063,1.0
2-3-1,Run1,188981021992,3.7675628662109375,4.0933990478515625,1.0
2-3-1,Run1,188981038647,3.769378662109375,4.09576416015625,1.0
2-3-1,Run1,188981055302,3.777618408203125,4.1140899658203125,1.0
2-3-1,Run1,188981071956,3.790435791015625,4.123504638671875,1.0
2-3-1,Run1,188981088611,3.7985687255859375,4.1287841796875,1.0
2-3-1,Run1,188981105266,3.796798706054688,4.143707275390625,1.0
2-3-1,Run1,188981121920,3.798629760742188,4.1552276611328125,1.0
2-3-1,Run1,188981138575,3.811981201171875,4.1513214111328125,1.0
2-3-1,Run1,188981155230,3.817657470703125,4.158599853515625,1.0
2-3-1,Run1,188981171883,3.81451416015625,4.163177490234375,1.0
2-3-1,Run1,188981188539,3.8282623291015625,4.149932861328125,1.0
2-3-1,Run1,188981205193,3.767486572265625,4.0367431640625,1.0
2-3-1,Run1,188981221847,3.7932205200195312,3.9327392578125,1.0
2-3-1,Run1,188981238502,3.818954467773438,3.997125244140625,0.0
2-3-1,Run1,188981255158,3.844688415527344,4.06151123046875,0.0
2-3-1,Run1,188981271812,3.8704223632812504,4.125897216796875,0.0
2-3-1,Run1,188981288466,3.896156311035157,4.190283203125,0.0
2-3-1,Run1,188981305121,3.9218902587890634,4.254669189453125,1.0
2-3-1,Run1,188981321776,3.7617034912109375,4.066375732421875,1.0
2-3-1,Run1,188981338430,3.786346435546875,4.108001708984375,1.0
2-3-1,Run1,188981355085,3.885345458984375,4.2166748046875,1.0
2-3-1,Run1,188981371740,3.89093017578125,4.210372924804688,1.0
2-3-1,Run1,188981388394,3.9024505615234375,4.2567138671875,1.0
2-3-1,Run1,188981405049,3.89361572265625,4.257598876953125,1.0
2-3-1,Run1,188981421703,3.893524169921875,4.2590179443359375,1.0
2-3-1,Run1,188981438357,3.914825439453125,4.2580413818359375,1.0
2-3-1,Run1,188981455012,3.926361083984375,4.268707275390625,1.0
2-3-1,Run1,188981471668,3.92822265625,4.277587890625,1.0
2-3-1,Run1,188981488321,3.934036254882813,4.2798614501953125,1.0
2-3-1,Run1,188981504976,3.94879150390625,4.28021240234375,1.0
2-3-1,Run1,188981521631,3.952972412109375,4.283493041992188,1.0
2-3-1,Run1,188981538286,3.958038330078125,4.299819946289063,1.0
2-3-1,Run1,188981554940,3.954757690429688,4.303497314453125,1.0
2-3-1,Run1,188981571594,3.945724487304688,4.2988128662109375,1.0
2-3-1,Run1,188981588250,3.9487457275390634,4.3090362548828125,1.0
2-3-1,Run1,188981604904,3.957839965820313,4.3123779296875,1.0
2-3-1,Run1,188981621559,3.949432373046875,4.301727294921875,1.0
2-3-1,Run1,188981638213,3.9354400634765625,4.299713134765625,1.0
2-3-1,Run1,188981654867,3.918380737304688,4.2957916259765625,1.0
2-3-1,Run1,188981671522,3.902984619140625,4.28240966796875,1.0
2-3-1,Run1,188981688178,3.8980712890625,4.286590576171875,1.0
2-3-1,Run1,188981704831,3.8809967041015625,4.2935638427734375,1.0
2-3-1,Run1,188981721486,3.865966796875,4.272872924804688,1.0
2-3-1,Run1,188981738141,3.8339996337890634,4.2372894287109375,1.0
2-3-1,Run1,188981754795,3.8272705078125,4.19012451171875,1.0
2-3-1,Run1,188981771449,3.739944458007813,4.0042724609375,1.0
2-3-1,Run1,188981788104,3.631741841634115,4.072654724121094,0.0
2-3-1,Run1,188981804760,3.523539225260417,4.1410369873046875,0.0
2-3-1,Run1,188981821414,3.4153366088867188,4.209419250488281,0.0
2-3-1,Run1,188981838068,3.307133992513021,4.277801513671876,0.0
2-3-1,Run1,188981854723,3.198931376139323,4.34618377685547,0.0
2-3-1,Run1,188981871377,3.090728759765625,4.414566040039063,1.0
2-3-1,Run1,188981888032,3.28228759765625,4.414566040039063,1.0
2-3-1,Run1,188981904687,3.5951080322265625,4.265792846679688,1.0
2-3-1,Run1,188981921341,3.6419830322265625,4.0323028564453125,1.0
2-3-1,Run1,188981937996,3.692291259765625,4.031585693359375,1.0
2-3-1,Run1,188981954651,3.7145843505859375,4.0941009521484375,1.0
2-3-1,Run1,188981971304,3.682708740234375,4.074996948242188,1.0
2-3-1,Run1,188981987959,3.688995361328125,4.108200073242188,1.0
2-3-1,Run1,188982004614,3.68341064453125,4.112640380859375,1.0
2-3-1,Run1,188982021268,3.678756713867188,4.1197509765625,1.0
2-3-1,Run1,188982037923,3.6856689453125,4.097686767578125,1.0
2-3-1,Run1,188982054578,3.684646606445313,4.086761474609375,1.0
2-3-1,Run1,188982071233,3.691650390625,4.086685180664063,1.0
2-3-1,Run1,188982087887,3.68896484375,4.090911865234375,1.0
2-3-1,Run1,188982104541,3.690093994140625,4.0840911865234375,1.0
2-3-1,Run1,188982121196,3.671096801757813,4.0764923095703125,1.0
2-3-1,Run1,188982137851,3.65484619140625,4.08026123046875,1.0
2-3-1,Run1,188982154505,3.6690826416015625,4.09014892578125,1.0
2-3-1,Run1,188982171160,3.66998291015625,4.090621948242188,1.0
2-3-1,Run1,188982187814,3.653961181640625,4.08135986328125,1.0
2-3-1,Run1,188982204469,3.656158447265625,4.0822296142578125,1.0
2-3-1,Run1,188982221123,3.643386840820313,4.0748443603515625,1.0
2-3-1,Run1,188982237778,3.627044677734375,4.0621185302734375,1.0
2-3-1,Run1,188982254433,3.61907958984375,4.05584716796875,1.0
2-3-1,Run1,188982271088,3.6110992431640634,4.0468597412109375,1.0
2-3-1,Run1,188982287741,3.608306884765625,4.033370971679688,1.0
2-3-1,Run1,188982304396,3.597396850585937,4.0172119140625,1.0
2-3-1,Run1,188982321051,3.576644897460937,4.0055694580078125,1.0
2-3-1,Run1,188982337705,3.55255126953125,4.000457763671875,1.0
2-3-1,Run1,188982354360,3.5352935791015625,3.9696197509765625,1.0
2-3-1,Run1,188982371015,3.5325927734375,3.9662017822265625,1.0
2-3-1,Run1,188982387670,3.519287109375,3.9791412353515625,1.0
2-3-1,Run1,188982404323,3.501800537109375,3.974685668945313,1.0
2-3-1,Run1,188982420978,3.4886474609375,3.9486083984375,1.0
2-3-1,Run1,188982437633,3.495834350585937,3.9287109375,1.0
2-3-1,Run1,188982454286,3.4826202392578125,3.91217041015625,1.0
2-3-1,Run1,188982470942,3.4674835205078125,3.921340942382813,1.0
2-3-1,Run1,188982487597,3.475448608398437,3.913528442382813,1.0
2-3-1,Run1,188982504251,3.4689483642578125,3.885421752929688,1.0
2-3-1,Run1,188982520905,3.44635009765625,3.887908935546875,1.0
2-3-1,Run1,188982537560,3.4274139404296875,3.890533447265625,1.0
2-3-1,Run1,188982554214,3.432647705078125,3.867462158203125,1.0
2-3-1,Run1,188982570869,3.430450439453125,3.855133056640625,1.0
2-3-1,Run1,188982587524,3.40899658203125,3.86639404296875,1.0
2-3-1,Run1,188982604179,3.408798217773437,3.86834716796875,1.0
2-3-1,Run1,188982620832,3.4154052734375,3.8538818359375,1.0
2-3-1,Run1,188982637487,3.40374755859375,3.854339599609375,1.0
2-3-1,Run1,188982654142,3.392120361328125,3.85015869140625,1.0
2-3-1,Run1,188982670796,3.3948516845703125,3.849044799804688,1.0
2-3-1,Run1,188982687452,3.3929443359375,3.8358306884765625,1.0
2-3-1,Run1,188982704107,3.39947509765625,3.813385009765625,1.0
2-3-1,Run1,188982720761,3.510833740234375,3.886154174804688,1.0
2-3-1,Run1,188982737416,3.513824462890625,3.900588989257813,1.0
2-3-1,Run1,188982754071,3.386688232421875,3.81884765625,1.0
2-3-1,Run1,188982770725,3.3763427734375,3.82440185546875,1.0
2-3-1,Run1,188982787380,3.3826141357421875,3.829299926757813,1.0
2-3-1,Run1,188982804036,3.3856353759765625,3.833343505859375,1.0
2-3-1,Run1,188982820690,3.39764404296875,3.8167724609375,1.0
2-3-1,Run1,188982837345,3.3889312744140625,3.8012847900390634,1.0
2-3-1,Run1,188982854000,3.4796295166015625,3.888641357421875,1.0
2-3-1,Run1,188982870655,3.5005340576171875,3.8862152099609375,1.0
2-3-1,Run1,188982887309,3.383544921875,3.8061676025390634,1.0
2-3-1,Run1,188982903965,3.3852691650390625,3.80401611328125,1.0
2-3-1,Run1,188982920620,3.404037475585937,3.806228637695313,1.0
2-3-1,Run1,188982937274,3.41339111328125,3.80462646484375,1.0
2-3-1,Run1,188982953929,3.409210205078125,3.809600830078125,1.0
2-3-1,Run1,188982970584,3.4038848876953125,3.810012817382813,1.0
2-3-1,Run1,188982987238,3.514266967773437,3.702102661132813,1.0
2-3-1,Run1,188983003893,2.7917633056640625,3.5439605712890625,1.0
2-3-1,Run1,188983020549,2.7917633056640625,3.525052751813616,1.0
2-3-1,Run1,188983037203,2.8362503051757812,3.5061449323381697,0.0
2-3-1,Run1,188983053858,2.8807373046875,3.487237112862723,0.0
2-3-1,Run1,188983070513,2.9252243041992183,3.4683292933872765,0.0
2-3-1,Run1,188983087167,2.969711303710937,3.44942147391183,1.0
2-3-1,Run1,188983103822,3.3225250244140625,3.4305136544363837,1.0
2-3-1,Run1,188983120477,3.4027862548828125,3.411605834960937,1.0
2-3-1,Run1,188983137133,3.41943359375,3.721923828125,1.0
2-3-1,Run1,188983153787,3.449249267578125,3.8423919677734375,1.0
2-3-1,Run1,188983170442,3.457427978515625,3.79595947265625,1.0
2-3-1,Run1,188983187097,3.479721069335937,3.85955810546875,1.0
2-3-1,Run1,188983203751,3.48651123046875,3.87005615234375,1.0
2-3-1,Run1,188983220406,3.4907989501953125,3.8718109130859375,1.0
2-3-1,Run1,188983237062,3.505889892578125,3.8887786865234375,1.0
2-3-1,Run1,188983253716,3.51226806640625,3.901824951171875,1.0
2-3-1,Run1,188983270371,3.5166015625,3.887969970703125,1.0
2-3-1,Run1,188983287026,3.5211334228515625,3.8857421875,1.0
2-3-1,Run1,188983303680,3.523956298828125,3.895721435546875,1.0
2-3-1,Run1,188983320335,3.52777099609375,3.904541015625,1.0
2-3-1,Run1,188983336990,3.5364990234375,3.893630981445313,1.0
2-3-1,Run1,188983353645,3.536972045898437,3.889984130859375,1.0
2-3-1,Run1,188983370300,3.53118896484375,3.9177093505859375,1.0
2-3-1,Run1,188983386955,3.534942626953125,3.927322387695313,1.0
2-3-1,Run1,188983403610,3.53533935546875,3.9191741943359375,1.0
2-3-1,Run1,188983420264,3.5327301025390625,3.91864013671875,1.0
2-3-1,Run1,188983436919,3.509765625,3.9251556396484375,1.0
2-3-1,Run1,188983453575,3.491683959960937,3.90789794921875,1.0
2-3-1,Run1,188983470229,3.495330810546875,3.87591552734375,1.0
2-3-1,Run1,188983486884,3.466827392578125,3.8690338134765625,1.0
2-3-1,Run1,188983503539,3.438079833984375,3.876663208007813,1.0
2-3-1,Run1,188983520193,3.4322509765625,3.862960815429688,1.0
2-3-1,Run1,188983536848,3.4163055419921875,3.848068237304688,1.0
2-3-1,Run1,188983553503,3.403778076171875,3.834030151367188,1.0
2-3-1,Run1,188983570158,3.3948516845703125,3.8177490234375,1.0
2-3-1,Run1,188983586813,3.37371826171875,3.796432495117188,1.0
2-3-1,Run1,188983603468,3.384796142578125,3.785720825195313,1.0
2-3-1,Run1,188983620122,3.37030029296875,3.7814788818359375,1.0
2-3-1,Run1,188983636777,3.344451904296875,3.78253173828125,1.0
2-3-1,Run1,188983653432,3.340301513671875,3.7791595458984375,1.0
2-3-1,Run1,188983670087,3.3301239013671875,3.770599365234375,1.0
2-3-1,Run1,188983686742,3.323516845703125,3.769210815429688,1.0
2-3-1,Run1,188983703397,3.31365966796875,3.765548706054688,1.0
2-3-1,Run1,188983720052,3.4088592529296875,3.753875732421875,1.0
2-3-1,Run1,188983736706,3.4237518310546875,3.738845825195313,1.0
2-3-1,Run1,188983753361,3.2919158935546875,3.7279205322265625,1.0
2-3-1,Run1,188983770016,3.28204345703125,3.731033325195313,1.0
2-3-1,Run1,188983786671,3.2813873291015625,3.7174224853515625,1.0
2-3-1,Run1,188983803326,3.27166748046875,3.718353271484375,1.0
2-3-1,Run1,188983819981,3.38153076171875,3.820846557617188,1.0
2-3-1,Run1,188983836635,3.384384155273437,3.7959136962890634,1.0
2-3-1,Run1,188983853290,3.271392822265625,3.689056396484375,1.0
2-3-1,Run1,188983869945,3.2750244140625,3.682205200195313,1.0
2-3-1,Run1,188983886599,3.267852783203125,3.6978912353515625,1.0
2-3-1,Run1,188983903255,3.2669219970703125,3.6947021484375,1.0
2-3-1,Run1,188983919910,3.2809295654296875,3.700119018554688,1.0
2-3-1,Run1,188983936565,3.28076171875,3.6974945068359375,1.0
2-3-1,Run1,188983953219,3.389556884765625,3.766159057617188,1.0
2-3-1,Run1,188983969874,3.39080810546875,3.7677154541015625,1.0
2-3-1,Run1,188983986529,3.28515625,3.6932220458984375,1.0
2-3-1,Run1,188984003183,3.2835845947265625,3.705718994140625,1.0
2-3-1,Run1,188984019839,3.2794342041015625,3.700408935546875,1.0
2-3-1,Run1,188984036494,3.2966766357421875,3.6885833740234375,1.0
2-3-1,Run1,188984053148,3.293548583984375,3.68511962890625,1.0
2-3-1,Run1,188984069803,3.2916259765625,3.685546875,1.0
2-3-1,Run1,188984086458,3.420928955078125,3.7706146240234375,1.0
2-3-1,Run1,188984103112,3.409042358398437,3.7927398681640634,1.0
2-3-1,Run1,188984119768,3.2922515869140625,3.701950073242188,1.0
2-3-1,Run1,188984136423,3.307647705078125,3.694290161132813,1.0
2-3-1,Run1,188984153077,3.4410400390625,3.709030151367188,1.0
2-3-1,Run1,188984169732,3.420318603515625,3.73272705078125,1.0
2-3-1,Run1,188984186387,3.3125152587890625,3.734939575195313,1.0
2-3-1,Run1,188984203042,3.3235015869140625,3.7204742431640634,1.0
2-3-1,Run1,188984219696,3.332992553710937,3.7259674072265625,1.0
2-3-1,Run1,188984236352,3.34381103515625,3.745880126953125,1.0
2-3-1,Run1,188984253007,3.33856201171875,3.745437622070313,1.0
2-3-1,Run1,188984269661,3.3372802734375,3.73028564453125,1.0
2-3-1,Run1,188984286316,3.3545379638671875,3.7420654296875,1.0
2-3-1,Run1,188984302971,3.3455352783203125,3.7656402587890634,1.0
2-3-1,Run1,188984319625,3.4482574462890625,3.860992431640625,1.0
2-3-1,Run1,188984336280,3.47979736328125,3.845550537109375,1.0
2-3-1,Run1,188984352936,3.3797607421875,3.767578125,1.0
2-3-1,Run1,188984369590,3.3887176513671875,3.786666870117188,1.0
2-3-1,Run1,188984386245,3.387664794921875,3.8045806884765625,1.0
2-3-1,Run1,188984402900,3.400726318359375,3.808502197265625,1.0
2-3-1,Run1,188984419554,3.42449951171875,3.821243286132813,1.0
2-3-1,Run1,188984436209,3.434188842773437,3.8114013671875,1.0
2-3-1,Run1,188984452865,3.4496307373046875,3.873138427734375,1.0
2-3-1,Run1,188984469520,3.459564208984375,3.90057373046875,1.0
2-3-1,Run1,188984486174,3.4704742431640625,3.8434906005859375,1.0
2-3-1,Run1,188984502829,3.488250732421875,3.8513336181640634,1.0
2-3-1,Run1,188984519484,3.5005340576171875,3.845046997070313,1.0
2-3-1,Run1,188984536138,3.5039520263671875,3.86944580078125,1.0
2-3-1,Run1,188984552793,3.52386474609375,3.8954925537109375,1.0
2-3-1,Run1,188984569449,3.5432891845703125,3.88128662109375,1.0
2-3-1,Run1,188984586103,3.557861328125,3.88916015625,1.0
2-3-1,Run1,188984602758,3.562286376953125,3.904510498046875,1.0
2-3-1,Run1,188984619413,3.578475952148437,3.905487060546875,1.0
2-3-1,Run1,188984636067,3.575897216796875,3.912353515625,1.0
2-3-1,Run1,188984652722,3.6528167724609375,3.992477416992188,1.0
2-3-1,Run1,188984669378,3.721511840820313,4.0240325927734375,1.0
2-3-1,Run1,188984686032,3.631744384765625,3.945480346679688,1.0
2-3-1,Run1,188984702687,3.6285247802734375,3.941970825195313,1.0
2-3-1,Run1,188984719342,3.638015747070313,3.95159912109375,1.0
2-3-1,Run1,188984735997,3.6356353759765625,3.9611663818359375,1.0
2-3-1,Run1,188984752651,3.644729614257813,3.964187622070313,1.0
2-3-1,Run1,188984769306,3.6562347412109375,3.9637603759765625,1.0
2-3-1,Run1,188984785962,3.647903442382813,3.977127075195313,1.0
2-3-1,Run1,188984802616,3.631134033203125,3.9896087646484375,1.0
2-3-1,Run1,188984819271,3.6314849853515625,3.992355346679688,1.0
2-3-1,Run1,188984835926,3.6518402099609375,3.992279052734375,1.0
2-3-1,Run1,188984852580,3.649871826171875,3.9903717041015625,1.0
2-3-1,Run1,188984869235,3.627166748046875,3.982330322265625,1.0
2-3-1,Run1,188984885890,3.5425262451171875,3.847702026367188,1.0
2-3-1,Run1,188984902545,3.3876495361328125,3.45556640625,1.0
2-3-1,Run1,188984919200,3.4637222290039062,3.170867919921875,1.0
2-3-1,Run1,188984935855,3.539794921875,3.268122355143229,0.0
2-3-1,Run1,188984952509,3.615867614746094,3.3653767903645835,0.0
2-3-1,Run1,188984969164,3.691940307617188,3.4626312255859375,1.0
2-3-1,Run1,188984985819,3.691940307617188,3.5598856608072915,1.0
2-3-1,Run1,188985002475,3.7148284912109375,3.657140096028646,1.0
2-3-1,Run1,188985019129,3.619796752929688,3.75439453125,1.0
2-3-1,Run1,188985035784,3.5926971435546875,3.8873138427734375,1.0
2-3-1,Run1,188985052439,3.5743560791015625,3.952880859375,1.0
2-3-1,Run1,188985069093,3.5746612548828125,3.946319580078125,1.0
2-3-1,Run1,188985085748,3.649856567382813,4.0413360595703125,1.0
2-3-1,Run1,188985102403,3.6750640869140634,3.97747802734375,1.0
2-3-1,Run1,188985119058,3.579330444335937,3.927520751953125,1.0
2-3-1,Run1,188985135713,3.581817626953125,3.940628051757813,1.0
2-3-1,Run1,188985152368,3.578125,3.941162109375,1.0
2-3-1,Run1,188985169022,3.5670623779296875,3.95306396484375,1.0
2-3-1,Run1,188985185677,3.557113647460937,3.94464111328125,1.0
2-3-1,Run1,188985202332,3.5643310546875,3.945953369140625,1.0
2-3-1,Run1,188985218986,3.558990478515625,3.945632934570313,1.0
2-3-1,Run1,188985235642,3.5511932373046875,3.936859130859375,1.0
2-3-1,Run1,188985252297,3.5563507080078125,3.937332153320313,1.0
2-3-1,Run1,188985268952,3.553253173828125,3.935501098632813,1.0
2-3-1,Run1,188985285606,3.555282592773437,3.939163208007813,1.0
2-3-1,Run1,188985302261,3.561630249023437,3.936721801757813,1.0
2-3-1,Run1,188985318916,3.5455322265625,3.9335784912109375,1.0
2-3-1,Run1,188985335571,3.538726806640625,3.941818237304688,1.0
2-3-1,Run1,188985352226,3.543930053710937,3.9255218505859375,1.0
2-3-1,Run1,188985368881,3.528671264648437,3.9186859130859375,1.0
2-3-1,Run1,188985385535,3.52734375,3.9101409912109375,1.0
2-3-1,Run1,188985402190,3.5281524658203125,3.911544799804688,1.0
2-3-1,Run1,188985418845,3.5166168212890625,3.917160034179688,1.0
2-3-1,Run1,188985435499,3.5022430419921875,3.9028472900390634,1.0
2-3-1,Run1,188985452155,3.4757843017578125,3.885284423828125,1.0
2-3-1,Run1,188985468810,3.473861694335937,3.8801422119140634,1.0
2-3-1,Run1,188985485464,3.4760284423828125,3.87481689453125,1.0
2-3-1,Run1,188985502119,3.467681884765625,3.856353759765625,1.0
2-3-1,Run1,188985518774,3.4568023681640625,3.835357666015625,1.0
2-3-1,Run1,188985535429,3.442657470703125,3.84075927734375,1.0
2-3-1,Run1,188985552083,3.4381561279296875,3.8355865478515625,1.0
2-3-1,Run1,188985568739,3.436737060546875,3.8382720947265625,1.0
2-3-1,Run1,188985585394,3.43255615234375,3.8465576171875,1.0
2-3-1,Run1,188985602048,3.4189453125,3.836502075195313,1.0
2-3-1,Run1,188985618703,3.4156951904296875,3.836990356445313,1.0
2-3-1,Run1,188985635358,3.426132202148437,3.8271484375,1.0
2-3-1,Run1,188985652012,3.408294677734375,3.808685302734375,1.0
2-3-1,Run1,188985668668,3.408538818359375,3.8033294677734375,1.0
2-3-1,Run1,188985685323,3.4114990234375,3.790817260742188,1.0
2-3-1,Run1,188985701977,3.41302490234375,3.779953002929688,1.0
2-3-1,Run1,188985718632,3.5315399169921875,3.863067626953125,1.0
2-3-1,Run1,188985735287,3.510238647460937,3.904876708984375,1.0
2-3-1,Run1,188985751941,3.40423583984375,3.8110504150390634,1.0
2-3-1,Run1,188985768596,3.3969879150390625,3.799514770507813,1.0
2-3-1,Run1,188985785252,3.40057373046875,3.7996978759765625,1.0
2-3-1,Run1,188985801907,3.403671264648437,3.792449951171875,1.0
2-3-1,Run1,188985818561,3.400726318359375,3.7794189453125,1.0
2-3-1,Run1,188985835216,3.407501220703125,3.77398681640625,1.0
2-3-1,Run1,188985851871,3.5175018310546875,3.8519134521484375,1.0
2-3-1,Run1,188985868525,3.5112457275390625,3.85394287109375,1.0
2-3-1,Run1,188985885181,3.4163360595703125,3.768630981445313,1.0
2-3-1,Run1,188985901836,3.429718017578125,3.771270751953125,1.0
2-3-1,Run1,188985918490,3.424789428710937,3.774856567382813,1.0
2-3-1,Run1,188985935145,3.41668701171875,3.766326904296875,1.0
2-3-1,Run1,188985951801,3.4230499267578125,3.763992309570313,1.0
2-3-1,Run1,188985968455,3.42236328125,3.781585693359375,1.0
2-3-1,Run1,188985985111,3.5221099853515625,3.8807220458984375,1.0
2-3-1,Run1,188986001767,3.5221710205078125,3.865066528320313,1.0
2-3-1,Run1,188986018422,3.4205474853515625,3.777999877929688,1.0
2-3-1,Run1,188986035077,3.417022705078125,3.7703857421875,1.0
2-3-1,Run1,188986051732,3.41241455078125,3.772415161132813,1.0
2-3-1,Run1,188986068388,3.420394897460937,3.791534423828125,1.0
2-3-1,Run1,188986085042,3.4305572509765625,3.79693603515625,1.0
2-3-1,Run1,188986101698,3.43585205078125,3.7933349609375,1.0
2-3-1,Run1,188986118354,3.438949584960937,3.775634765625,1.0
2-3-1,Run1,188986135009,3.42822265625,3.778366088867188,1.0
2-3-1,Run1,188986151664,3.430511474609375,3.779953002929688,1.0
2-3-1,Run1,188986168320,3.443328857421875,3.763763427734375,1.0
2-3-1,Run1,188986184974,3.5453338623046875,3.849456787109375,1.0
2-3-1,Run1,188986201629,3.54315185546875,3.85791015625,1.0
2-3-1,Run1,188986218286,3.451629638671875,3.76995849609375,1.0
2-3-1,Run1,188986234940,3.46484375,3.778167724609375,1.0
2-3-1,Run1,188986251596,3.4677276611328125,3.7920989990234375,1.0
2-3-1,Run1,188986268251,3.47198486328125,3.802154541015625,1.0
2-3-1,Run1,188986284906,3.579803466796875,3.824554443359375,1.0
2-3-1,Run1,188986301561,3.61627197265625,3.819732666015625,1.0
2-3-1,Run1,188986318217,3.5211639404296875,3.812103271484375,1.0
2-3-1,Run1,188986334873,3.5229034423828125,3.818283081054688,1.0
2-3-1,Run1,188986351528,3.532318115234375,3.8360748291015625,1.0
2-3-1,Run1,188986368183,3.5413818359375,3.84722900390625,1.0
2-3-1,Run1,188986384838,3.5502471923828125,3.854202270507813,1.0
2-3-1,Run1,188986401493,3.573760986328125,3.865142822265625,1.0
2-3-1,Run1,188986418148,3.587127685546875,3.878082275390625,1.0
2-3-1,Run1,188986434804,3.5911407470703125,3.881301879882813,1.0
2-3-1,Run1,188986451459,3.6150970458984375,3.903533935546875,1.0
2-3-1,Run1,188986468115,3.617950439453125,3.928756713867188,1.0
2-3-1,Run1,188986484770,3.70855712890625,4.01409912109375,1.0
2-3-1,Run1,188986501425,3.738327026367188,4.04376220703125,1.0
2-3-1,Run1,188986518080,3.65570068359375,3.966583251953125,1.0
2-3-1,Run1,188986534736,3.645950317382813,3.910858154296875,1.0
2-3-1,Run1,188986551391,3.727264404296875,3.9229583740234375,1.0
2-3-1,Run1,188986568047,3.710120064871652,3.9458770751953125,0.0
2-3-1,Run1,188986584702,3.692975725446429,3.9687957763671875,0.0
2-3-1,Run1,188986601358,3.6758313860212057,3.9917144775390625,0.0
2-3-1,Run1,188986618012,3.658687046595982,4.0146331787109375,0.0
2-3-1,Run1,188986634668,3.641542707170759,4.0375518798828125,0.0
2-3-1,Run1,188986651323,3.624398367745536,4.0604705810546875,0.0
2-3-1,Run1,188986667978,3.607254028320313,4.0833892822265625,1.0
2-3-1,Run1,188986684634,3.3543853759765625,4.1063079833984375,1.0
2-3-1,Run1,188986701290,3.3766021728515625,4.1292266845703125,1.0
2-3-1,Run1,188986717944,3.5352935791015625,3.893218994140625,1.0
2-3-1,Run1,188986734599,3.636505126953125,3.866043090820313,1.0
2-3-1,Run1,188986751255,3.685501098632813,3.9581451416015625,1.0
2-3-1,Run1,188986767910,3.659515380859375,3.97943115234375,1.0
2-3-1,Run1,188986784566,3.6749114990234375,4.0235443115234375,1.0
2-3-1,Run1,188986801221,3.67724609375,4.0160064697265625,1.0
2-3-1,Run1,188986817876,3.6629791259765625,4.021255493164063,1.0
2-3-1,Run1,188986834531,3.6793365478515625,4.024459838867188,1.0
2-3-1,Run1,188986851187,3.683319091796875,4.02276611328125,1.0
2-3-1,Run1,188986867843,3.6784820556640634,4.003707885742188,1.0
2-3-1,Run1,188986884498,3.678009033203125,4.00885009765625,1.0
2-3-1,Run1,188986901153,3.6785888671875,4.022476196289063,1.0
2-3-1,Run1,188986917809,3.679168701171875,4.016128540039063,1.0
2-3-1,Run1,188986934463,3.669479370117188,4.017486572265625,1.0
2-3-1,Run1,188986951119,3.656661987304688,4.01690673828125,1.0
2-3-1,Run1,188986967775,3.64788818359375,4.011383056640625,1.0
2-3-1,Run1,188986984429,3.6388092041015625,4.005645751953125,1.0
2-3-1,Run1,188987001085,3.629638671875,3.9968414306640634,1.0
2-3-1,Run1,188987017741,3.620773315429688,3.9774169921875,1.0
2-3-1,Run1,188987034395,3.6082916259765625,3.9818267822265625,1.0
2-3-1,Run1,188987051051,3.578842163085937,3.981857299804688,1.0
2-3-1,Run1,188987067707,3.5583953857421875,3.965621948242188,1.0
2-3-1,Run1,188987084361,3.5530242919921875,3.946456909179688,1.0
2-3-1,Run1,188987101017,3.53387451171875,3.9312591552734375,1.0
2-3-1,Run1,188987117673,3.515243530273437,3.907135009765625,1.0
2-3-1,Run1,188987134328,3.4264678955078125,3.902130126953125,1.0
2-3-1,Run1,188987150983,3.3865509033203125,3.8968505859375,1.0
2-3-1,Run1,188987167639,3.483123779296875,3.891799926757813,1.0
2-3-1,Run1,188987184294,3.4673004150390625,3.873001098632813,1.0
2-3-1,Run1,188987200949,3.4500274658203125,3.8636322021484375,1.0
2-3-1,Run1,188987217605,3.4395294189453125,3.8488922119140634,1.0
2-3-1,Run1,188987234261,3.44390869140625,3.8377532958984375,1.0
2-3-1,Run1,188987250915,3.433624267578125,3.8347015380859375,1.0
2-3-1,Run1,188987267571,3.409149169921875,3.821014404296875,1.0
2-3-1,Run1,188987284226,3.38824462890625,3.817169189453125,1.0
2-3-1,Run1,188987300881,3.361312866210937,3.822067260742188,1.0
2-3-1,Run1,188987317537,3.3510894775390625,3.7991790771484375,1.0
2-3-1,Run1,188987334193,3.3547515869140625,3.793289184570313,1.0
2-3-1,Run1,188987350847,3.3419189453125,3.885208129882813,1.0
2-3-1,Run1,188987367503,3.3263397216796875,3.862258911132813,1.0
2-3-1,Run1,188987384158,3.324691772460937,3.764251708984375,1.0
2-3-1,Run1,188987400814,3.3265533447265625,3.7501373291015625,1.0
2-3-1,Run1,188987417469,3.433868408203125,3.826812744140625,1.0
2-3-1,Run1,188987434125,3.4322509765625,3.839279174804688,1.0
2-3-1,Run1,188987450780,3.318328857421875,3.7454986572265625,1.0
2-3-1,Run1,188987467435,3.3159942626953125,3.733978271484375,1.0
2-3-1,Run1,188987484091,3.32293701171875,3.7332763671875,1.0
2-3-1,Run1,188987500746,3.3134918212890625,3.733108520507813,1.0
2-3-1,Run1,188987517401,3.41180419921875,3.8139495849609375,1.0
2-3-1,Run1,188987534056,3.42236328125,3.836013793945313,1.0
2-3-1,Run1,188987550713,3.30963134765625,3.730514526367188,1.0
2-3-1,Run1,188987567367,3.307373046875,3.7153472900390634,1.0
2-3-1,Run1,188987584023,3.4203338623046875,3.800140380859375,1.0
2-3-1,Run1,188987600678,3.404296875,3.828643798828125,1.0
2-3-1,Run1,188987617333,3.286361694335937,3.737457275390625,1.0
2-3-1,Run1,188987633989,3.286712646484375,3.718704223632813,1.0
2-3-1,Run1,188987650644,3.403106689453125,3.784698486328125,1.0
2-3-1,Run1,188987667301,3.41009521484375,3.8314056396484375,1.0
2-3-1,Run1,188987683955,3.2876739501953125,3.729812622070313,1.0
2-3-1,Run1,188987700611,3.284423828125,3.7122955322265625,1.0
2-3-1,Run1,188987717267,3.2890777587890625,3.709625244140625,1.0
2-3-1,Run1,188987733921,3.2882232666015625,3.720046997070313,1.0
2-3-1,Run1,188987750577,3.279296875,3.7203216552734375,1.0
2-3-1,Run1,188987767233,3.2736053466796875,3.699508666992188,1.0
2-3-1,Run1,188987783888,3.3955841064453125,3.7665863037109375,1.0
2-3-1,Run1,188987800543,3.3887176513671875,3.794708251953125,1.0
2-3-1,Run1,188987817199,3.2806396484375,3.712448120117188,1.0
2-3-1,Run1,188987833853,3.284942626953125,3.6982574462890634,1.0
2-3-1,Run1,188987850509,3.39453125,3.7621917724609375,1.0
2-3-1,Run1,188987867165,3.411727905273437,3.816207885742188,1.0
2-3-1,Run1,188987883820,3.2838592529296875,3.717117309570313,1.0
2-3-1,Run1,188987900475,3.289947509765625,3.704254150390625,1.0
2-3-1,Run1,188987917131,3.31890869140625,3.708694458007813,1.0
2-3-1,Run1,188987933787,3.32452392578125,3.7117919921875,1.0
2-3-1,Run1,188987950441,3.32586669921875,3.72454833984375,1.0
2-3-1,Run1,188987967097,3.3380126953125,3.73065185546875,1.0
2-3-1,Run1,188987983753,3.346710205078125,3.7298736572265625,1.0
2-3-1,Run1,188988000408,3.35443115234375,3.7389068603515625,1.0
2-3-1,Run1,188988017064,3.3787994384765625,3.7374114990234375,1.0
2-3-1,Run1,188988033719,3.384979248046875,3.7540435791015625,1.0
2-3-1,Run1,188988050374,3.3779449462890625,3.7655029296875,1.0
2-3-1,Run1,188988067030,3.384490966796875,3.758941650390625,1.0
2-3-1,Run1,188988083685,3.50115966796875,3.8514404296875,1.0
2-3-1,Run1,188988100340,3.5059814453125,3.84912109375,1.0
2-3-1,Run1,188988116996,3.399627685546875,3.77105712890625,1.0
2-3-1,Run1,188988133652,3.3994293212890625,3.790939331054688,1.0
2-3-1,Run1,188988150306,3.4175262451171875,3.8005218505859375,1.0
2-3-1,Run1,188988166962,3.425506591796875,3.804534912109375,1.0
2-3-1,Run1,188988183618,3.431182861328125,3.814407348632813,1.0
2-3-1,Run1,188988200273,3.4374542236328125,3.812088012695313,1.0
2-3-1,Run1,188988216928,3.43939208984375,3.777877807617188,1.0
2-3-1,Run1,188988233584,3.3282470703125,3.456695556640625,1.0
2-3-1,Run1,188988250240,3.2911376953125,2.669525146484375,1.0
2-3-1,Run1,188988266894,3.0468215942382812,2.8124186197916665,0.0
2-3-1,Run1,188988283550,2.8025054931640625,2.9553120930989585,0.0
2-3-1,Run1,188988300206,2.5581893920898438,3.09820556640625,0.0
2-3-1,Run1,188988316860,2.313873291015625,3.2410990397135415,1.0
2-3-1,Run1,188988333517,2.9862213134765625,3.383992513020833,1.0
2-3-1,Run1,188988350172,3.4490966796875,3.526885986328125,1.0
2-3-1,Run1,188988366827,3.4368133544921875,3.7566986083984375,1.0
2-3-1,Run1,188988383483,3.448883056640625,3.85675048828125,1.0
2-3-1,Run1,188988400138,3.459716796875,3.82440185546875,1.0
2-3-1,Run1,188988416793,3.460845947265625,3.8574066162109375,1.0
2-3-1,Run1,188988433449,3.4807891845703125,3.870147705078125,1.0
2-3-1,Run1,188988450105,3.5044403076171875,3.8681640625,1.0
2-3-1,Run1,188988466760,3.503173828125,3.854522705078125,1.0
2-3-1,Run1,188988483416,3.4976348876953125,3.8572845458984375,1.0
2-3-1,Run1,188988500071,3.5032958984375,3.864013671875,1.0
2-3-1,Run1,188988516727,3.5183258056640625,3.876708984375,1.0
2-3-1,Run1,188988533382,3.520233154296875,3.887298583984375,1.0
2-3-1,Run1,188988550038,3.513580322265625,3.897750854492188,1.0
2-3-1,Run1,188988566693,3.51153564453125,3.89947509765625,1.0
2-3-1,Run1,188988583348,3.512969970703125,3.88934326171875,1.0
2-3-1,Run1,188988600004,3.519256591796875,3.88555908203125,1.0
2-3-1,Run1,188988616659,3.524810791015625,3.885818481445313,1.0
2-3-1,Run1,188988633314,3.5341339111328125,3.887115478515625,1.0
2-3-1,Run1,188988649970,3.538803100585937,3.876373291015625,1.0
2-3-1,Run1,188988666626,3.5211181640625,3.8748779296875,1.0
2-3-1,Run1,188988683281,3.50579833984375,3.887039184570313,1.0
2-3-1,Run1,188988699936,3.498031616210937,3.87530517578125,1.0
2-3-1,Run1,188988716592,3.4853515625,3.8567047119140634,1.0
2-3-1,Run1,188988733248,3.477279663085937,3.8556060791015625,1.0
2-3-1,Run1,188988749903,3.45556640625,3.838836669921875,1.0
2-3-1,Run1,188988766559,3.4456787109375,3.835906982421875,1.0
2-3-1,Run1,188988783215,3.4426422119140625,3.813674926757813,1.0
2-3-1,Run1,188988799869,3.422348022460937,3.793701171875,1.0
2-3-1,Run1,188988816525,3.4005279541015625,3.7942047119140634,1.0
2-3-1,Run1,188988833181,3.38836669921875,3.794677734375,1.0
2-3-1,Run1,188988849835,3.378036499023437,3.785491943359375,1.0
2-3-1,Run1,188988866491,3.3525848388671875,3.781951904296875,1.0
2-3-1,Run1,188988883147,3.338226318359375,3.781295776367188,1.0
2-3-1,Run1,188988899802,3.3469696044921875,3.764938354492188,1.0
2-3-1,Run1,188988916458,3.3453369140625,3.7457122802734375,1.0
2-3-1,Run1,188988933114,3.354522705078125,3.7459716796875,1.0
2-3-1,Run1,188988949768,3.34088134765625,3.738235473632813,1.0
2-3-1,Run1,188988966424,3.327301025390625,3.721710205078125,1.0
2-3-1,Run1,188988983080,3.439666748046875,3.80328369140625,1.0
2-3-1,Run1,188988999736,3.423309326171875,3.806884765625,1.0
2-3-1,Run1,188989016390,3.304534912109375,3.714080810546875,1.0
2-3-1,Run1,188989033047,3.30206298828125,3.705078125,1.0
2-3-1,Run1,188989049702,3.298812866210937,3.6976165771484375,1.0
2-3-1,Run1,188989066357,3.3025054931640625,3.69952392578125,1.0
2-3-1,Run1,188989083012,3.2898712158203125,3.685638427734375,1.0
2-3-1,Run1,188989099669,3.2650299072265625,3.68792724609375,1.0
2-3-1,Run1,188989116323,3.275619506835937,3.6890716552734375,1.0
2-3-1,Run1,188989132979,3.3021392822265625,3.683441162109375,1.0
2-3-1,Run1,188989149635,3.295806884765625,3.6905517578125,1.0
2-3-1,Run1,188989166290,3.2926788330078125,3.6861572265625,1.0
2-3-1,Run1,188989182945,3.416976928710937,3.775466918945313,1.0
2-3-1,Run1,188989199601,3.399749755859375,3.7761383056640634,1.0
2-3-1,Run1,188989216256,3.2770233154296875,3.682296752929688,1.0
2-3-1,Run1,188989232912,3.2788238525390625,3.6812896728515625,1.0
2-3-1,Run1,188989249568,3.2924957275390625,3.69183349609375,1.0
2-3-1,Run1,188989266223,3.3066558837890625,3.6916351318359375,1.0
2-3-1,Run1,188989282878,3.3163604736328125,3.69757080078125,1.0
2-3-1,Run1,188989299534,3.3267974853515625,3.71502685546875,1.0
2-3-1,Run1,188989316190,3.350860595703125,3.726882934570313,1.0
2-3-1,Run1,188989332845,3.3648223876953125,3.730438232421875,1.0
2-3-1,Run1,188989349501,3.3708038330078125,3.7348480224609375,1.0
2-3-1,Run1,188989366156,3.37353515625,3.74127197265625,1.0
2-3-1,Run1,188989382811,3.3895263671875,3.75494384765625,1.0
2-3-1,Run1,188989399467,3.40020751953125,3.757720947265625,1.0
2-3-1,Run1,188989416123,3.409881591796875,3.7722015380859375,1.0
2-3-1,Run1,188989432778,3.41064453125,3.777740478515625,1.0
2-3-1,Run1,188989449434,3.424713134765625,3.7689361572265625,1.0
2-3-1,Run1,188989466090,3.4284820556640625,3.778228759765625,1.0
2-3-1,Run1,188989482744,3.44329833984375,3.797119140625,1.0
2-3-1,Run1,188989499400,3.473388671875,3.81689453125,1.0
2-3-1,Run1,188989516056,3.480743408203125,3.823562622070313,1.0
2-3-1,Run1,188989532711,3.48687744140625,3.809112548828125,1.0
2-3-1,Run1,188989549367,3.5914306640625,3.8138275146484375,1.0
2-3-1,Run1,188989566023,3.60870361328125,3.8491058349609375,1.0
2-3-1,Run1,188989582678,3.52178955078125,3.87200927734375,1.0
2-3-1,Run1,188989599333,3.5167388916015625,3.865142822265625,1.0
2-3-1,Run1,188989615989,3.517486572265625,3.8721771240234375,1.0
2-3-1,Run1,188989632645,3.5398101806640625,3.871246337890625,1.0
2-3-1,Run1,188989649300,3.551666259765625,3.89111328125,1.0
2-3-1,Run1,188989665956,3.5486602783203125,3.9029388427734375,1.0
2-3-1,Run1,188989682611,3.5584259033203125,3.91485595703125,1.0
2-3-1,Run1,188989699267,3.5643310546875,3.9190826416015625,1.0
2-3-1,Run1,188989715922,3.5614776611328125,3.915130615234375,1.0
2-3-1,Run1,188989732578,3.5537261962890625,3.921676635742188,1.0
2-3-1,Run1,188989749233,3.556869506835937,3.924560546875,1.0
2-3-1,Run1,188989765889,3.565582275390625,3.917205810546875,1.0
2-3-1,Run1,188989782544,3.5615234375,3.92449951171875,1.0
2-3-1,Run1,188989799201,3.553863525390625,3.9272613525390634,1.0
2-3-1,Run1,188989815855,3.54571533203125,3.849319458007813,1.0
2-3-1,Run1,188989832511,3.458221435546875,3.7198333740234375,1.0
2-3-1,Run1,188989849167,3.4744237263997397,3.776277542114258,0.0
2-3-1,Run1,188989865822,3.490626017252604,3.832721710205078,0.0
2-3-1,Run1,188989882478,3.5068283081054688,3.8891658782958984,0.0
2-3-1,Run1,188989899134,3.5230305989583335,3.9456100463867188,0.0
2-3-1,Run1,188989915789,3.5392328898111978,4.002054214477539,0.0
2-3-1,Run1,188989932444,3.5554351806640625,4.058498382568359,1.0
2-3-1,Run1,188989949100,3.414901733398437,4.11494255065918,1.0
2-3-1,Run1,188989965755,3.474578857421875,4.17138671875,1.0
2-3-1,Run1,188989982411,3.52142333984375,3.926300048828125,1.0
2-3-1,Run1,188989999067,3.50909423828125,3.885894775390625,1.0
2-3-1,Run1,188990015722,3.52508544921875,3.9618988037109375,1.0
2-3-1,Run1,188990032377,3.5323944091796875,3.955108642578125,1.0
2-3-1,Run1,188990049033,3.54241943359375,3.98834228515625,1.0
2-3-1,Run1,188990065689,3.5543975830078125,3.98583984375,1.0
2-3-1,Run1,188990082344,3.5698699951171875,3.989715576171875,1.0
2-3-1,Run1,188990099000,3.5746612548828125,3.9881439208984375,1.0
2-3-1,Run1,188990115656,3.567352294921875,3.998748779296875,1.0
2-3-1,Run1,188990132311,3.576171875,4.0140533447265625,1.0
2-3-1,Run1,188990148966,3.569198608398437,4.0086212158203125,1.0
2-3-1,Run1,188990165623,3.5708770751953125,4.01416015625,1.0
2-3-1,Run1,188990182277,3.5689239501953125,4.02191162109375,1.0
2-3-1,Run1,188990198933,3.566650390625,4.017120361328125,1.0
2-3-1,Run1,188990215589,3.5767822265625,4.0204010009765625,1.0
2-3-1,Run1,188990232244,3.5653228759765625,4.01531982421875,1.0
2-3-1,Run1,188990248900,3.5522003173828125,4.001876831054688,1.0
2-3-1,Run1,188990265556,3.539276123046875,4.00341796875,1.0
2-3-1,Run1,188990282211,3.52001953125,3.997802734375,1.0
2-3-1,Run1,188990298866,3.5049285888671875,3.979644775390625,1.0
2-3-1,Run1,188990315523,3.5005645751953125,3.9658050537109375,1.0
2-3-1,Run1,188990332178,3.490829467773437,3.9592437744140634,1.0
2-3-1,Run1,188990348833,3.468292236328125,3.931686401367188,1.0
2-3-1,Run1,188990365489,3.461410522460937,3.9150543212890634,1.0
2-3-1,Run1,188990382145,3.436614990234375,3.912155151367188,1.0
2-3-1,Run1,188990398800,3.4235076904296875,3.902618408203125,1.0
2-3-1,Run1,188990415456,3.412689208984375,3.8739013671875,1.0
2-3-1,Run1,188990432112,3.40234375,3.869232177734375,1.0
2-3-1,Run1,188990448766,3.3870849609375,3.8549652099609375,1.0
2-3-1,Run1,188990465423,3.374542236328125,3.8498687744140634,1.0
2-3-1,Run1,188990482079,3.368988037109375,3.834625244140625,1.0
2-3-1,Run1,188990498733,3.34613037109375,3.82806396484375,1.0
2-3-1,Run1,188990515390,3.329681396484375,3.832916259765625,1.0
2-3-1,Run1,188990532045,3.330352783203125,3.8181304931640634,1.0
2-3-1,Run1,188990548700,3.3184356689453125,3.799514770507813,1.0
2-3-1,Run1,188990565356,3.3036346435546875,3.795654296875,1.0
2-3-1,Run1,188990582012,3.290634155273437,3.770553588867188,1.0
2-3-1,Run1,188990598668,3.2978973388671875,3.7599945068359375,1.0
2-3-1,Run1,188990615323,3.3042449951171875,3.756317138671875,1.0
2-3-1,Run1,188990631979,3.303817749023437,3.7649078369140634,1.0
2-3-1,Run1,188990648634,3.293548583984375,3.7573394775390634,1.0
2-3-1,Run1,188990665290,3.2813873291015625,3.734298706054688,1.0
2-3-1,Run1,188990681946,3.395263671875,3.81365966796875,1.0
2-3-1,Run1,188990698601,3.381988525390625,3.818450927734375,1.0
2-3-1,Run1,188990715257,3.269378662109375,3.725128173828125,1.0
2-3-1,Run1,188990731912,3.269027709960937,3.7394866943359375,1.0
2-3-1,Run1,188990748568,3.266586303710937,3.7469635009765625,1.0
2-3-1,Run1,188990765224,3.264999389648437,3.7414703369140634,1.0
2-3-1,Run1,188990781879,3.2559967041015625,3.7398529052734375,1.0
2-3-1,Run1,188990798535,3.2461090087890625,3.72943115234375,1.0
2-3-1,Run1,188990815190,3.25665283203125,3.746490478515625,1.0
2-3-1,Run1,188990831846,3.1632843017578125,3.7550201416015625,1.0
2-3-1,Run1,188990848502,3.187042236328125,3.737747192382813,1.0
2-3-1,Run1,188990865158,3.272796630859375,3.7414398193359375,1.0
2-3-1,Run1,188990881813,3.2647247314453125,3.751617431640625,1.0
2-3-1,Run1,188990898468,3.2706451416015625,3.7407379150390634,1.0
2-3-1,Run1,188990915125,3.27001953125,3.732101440429688,1.0
2-3-1,Run1,188990931779,3.287078857421875,3.736648559570313,1.0
2-3-1,Run1,188990948434,3.2944793701171875,3.747100830078125,1.0
2-3-1,Run1,188990965089,3.29083251953125,3.749343872070313,1.0
2-3-1,Run1,188990981744,3.293075561523437,3.763702392578125,1.0
2-3-1,Run1,188990998399,3.298797607421875,3.764236450195313,1.0
2-3-1,Run1,188991015054,3.419952392578125,3.8347015380859375,1.0
2-3-1,Run1,188991031709,3.4147491455078125,3.84234619140625,1.0
2-3-1,Run1,188991048364,3.2873992919921875,3.7464599609375,1.0
2-3-1,Run1,188991065019,3.289779663085937,3.7365875244140634,1.0
2-3-1,Run1,188991081674,3.2878570556640625,3.732666015625,1.0
2-3-1,Run1,188991098329,3.28546142578125,3.7304534912109375,1.0
2-3-1,Run1,188991114984,3.2913360595703125,3.736297607421875,1.0
2-3-1,Run1,188991131640,3.2957000732421875,3.7338714599609375,1.0
2-3-1,Run1,188991148294,3.297149658203125,3.7444000244140634,1.0
2-3-1,Run1,188991164949,3.29486083984375,3.753005981445313,1.0
2-3-1,Run1,188991181605,3.290756225585937,3.7379150390625,1.0
2-3-1,Run1,188991198259,3.2817840576171875,3.7465667724609375,1.0
2-3-1,Run1,188991214914,3.2915496826171875,3.75250244140625,1.0
2-3-1,Run1,188991231570,3.308944702148437,3.7362060546875,1.0
2-3-1,Run1,188991248224,3.3121337890625,3.727691650390625,1.0
2-3-1,Run1,188991264879,3.3022003173828125,3.729904174804688,1.0
2-3-1,Run1,188991281535,3.3057098388671875,3.72491455078125,1.0
2-3-1,Run1,188991298189,3.3107452392578125,3.7281494140625,1.0
2-3-1,Run1,188991314844,3.32012939453125,3.72705078125,1.0
2-3-1,Run1,188991331500,3.3346710205078125,3.725372314453125,1.0
2-3-1,Run1,188991348154,3.45458984375,3.8221435546875,1.0
2-3-1,Run1,188991364809,3.474517822265625,3.799362182617188,1.0
2-3-1,Run1,188991381465,3.372467041015625,3.7009124755859375,1.0
2-3-1,Run1,188991398120,3.3125762939453125,3.633499145507813,1.0
2-3-1,Run1,188991414774,3.3535614013671875,3.6690673828125,1.0
2-3-1,Run1,188991431430,3.3878275553385415,3.7638397216796875,0.0
2-3-1,Run1,188991448085,3.422093709309896,3.858612060546875,0.0
2-3-1,Run1,188991464739,3.45635986328125,3.9533843994140625,1.0
2-3-1,Run1,188991481395,3.3262939453125,4.04815673828125,1.0
2-3-1,Run1,188991498050,3.3825225830078125,4.1429290771484375,1.0
2-3-1,Run1,188991514704,3.432891845703125,3.792999267578125,1.0
2-3-1,Run1,188991531360,3.40673828125,3.7198333740234375,1.0
2-3-1,Run1,188991548015,3.411773681640625,3.8123779296875,1.0
2-3-1,Run1,188991564669,3.4464569091796875,3.807296752929688,1.0
2-3-1,Run1,188991581325,3.4636383056640625,3.831756591796875,1.0
2-3-1,Run1,188991597980,3.4598541259765625,3.818649291992188,1.0
2-3-1,Run1,188991614634,3.46746826171875,3.82745361328125,1.0
2-3-1,Run1,188991631290,3.4867706298828125,3.82379150390625,1.0
2-3-1,Run1,188991647945,3.4835205078125,3.8302001953125,1.0
2-3-1,Run1,188991664600,3.489959716796875,3.8322601318359375,1.0
2-3-1,Run1,188991681255,3.4948883056640625,3.835617065429688,1.0
2-3-1,Run1,188991697910,3.486419677734375,3.85614013671875,1.0
2-3-1,Run1,188991714565,3.4798126220703125,3.8492431640625,1.0
2-3-1,Run1,188991731220,3.496337890625,3.857147216796875,1.0
2-3-1,Run1,188991747875,3.5019683837890625,3.871292114257813,1.0
2-3-1,Run1,188991764530,3.4864501953125,3.8741302490234375,1.0
2-3-1,Run1,188991781185,3.4814605712890625,3.863739013671875,1.0
2-3-1,Run1,188991797840,3.4824981689453125,3.872039794921875,1.0
2-3-1,Run1,188991814495,3.47467041015625,3.8717193603515625,1.0
2-3-1,Run1,188991831150,3.4753875732421875,3.849639892578125,1.0
2-3-1,Run1,188991847805,3.452178955078125,3.83489990234375,1.0
2-3-1,Run1,188991864460,3.4228973388671875,3.8397369384765625,1.0
2-3-1,Run1,188991881114,3.415771484375,3.8443603515625,1.0
2-3-1,Run1,188991897770,3.3908233642578125,3.826004028320313,1.0
2-3-1,Run1,188991914425,3.374664306640625,3.8033599853515625,1.0
2-3-1,Run1,188991931080,3.3760986328125,3.800140380859375,1.0
2-3-1,Run1,188991947735,3.376693725585937,3.786102294921875,1.0
2-3-1,Run1,188991964390,3.3696746826171875,3.7685699462890634,1.0
2-3-1,Run1,188991981045,3.3478546142578125,3.76556396484375,1.0
2-3-1,Run1,188991997700,3.3277587890625,3.755279541015625,1.0
2-3-1,Run1,188992014355,3.314437866210937,3.741241455078125,1.0
2-3-1,Run1,188992031010,3.3231353759765625,3.74505615234375,1.0
2-3-1,Run1,188992047665,3.327178955078125,3.838180541992188,1.0
2-3-1,Run1,188992064320,3.2920074462890625,3.7002105712890634,1.0
2-3-1,Run1,188992080975,3.3798828125,3.7002105712890634,1.0
2-3-1,Run1,188992097630,3.3680289132254466,3.50484357561384,0.0
2-3-1,Run1,188992114285,3.356175013950893,3.3094765799386168,0.0
2-3-1,Run1,188992130940,3.3443211146763394,3.1141095842633932,0.0
2-3-1,Run1,188992147595,3.3324672154017856,2.91874258858817,0.0
2-3-1,Run1,188992164250,3.320613316127232,2.7233755929129466,0.0
2-3-1,Run1,188992180905,3.3087594168526784,2.528008597237723,0.0
2-3-1,Run1,188992197561,3.296905517578125,2.3326416015625,1.0
2-3-1,Run1,188992214215,3.296905517578125,2.3326416015625,1.0
2-3-1,Run1,188992230870,3.351669311523437,3.858123779296875,1.0
2-3-1,Run1,188992247526,3.2512664794921875,3.655838012695313,1.0
2-3-1,Run1,188992264180,3.2578125,3.636077880859375,1.0
2-3-1,Run1,188992280835,3.274765014648437,3.7000579833984375,1.0
2-3-1,Run1,188992297491,3.31451416015625,3.693634033203125,1.0
2-3-1,Run1,188992314145,3.30328369140625,3.691802978515625,1.0
2-3-1,Run1,188992330800,3.2879638671875,3.694290161132813,1.0
2-3-1,Run1,188992347456,3.3068389892578125,3.7056884765625,1.0
2-3-1,Run1,188992364110,3.319793701171875,3.695846557617188,1.0
2-3-1,Run1,188992380765,3.327239990234375,3.715179443359375,1.0
2-3-1,Run1,188992397421,3.33319091796875,3.7174072265625,1.0
2-3-1,Run1,188992414075,3.3423004150390625,3.712738037109375,1.0
2-3-1,Run1,188992430730,3.364532470703125,3.7249603271484375,1.0
2-3-1,Run1,188992447386,3.37286376953125,3.7328948974609375,1.0
2-3-1,Run1,188992464041,3.360580444335937,3.7404937744140634,1.0
2-3-1,Run1,188992480695,3.3479766845703125,3.7487640380859375,1.0
2-3-1,Run1,188992497351,3.358917236328125,3.7496337890625,1.0
2-3-1,Run1,188992514006,3.4862823486328125,3.833831787109375,1.0
2-3-1,Run1,188992530660,3.4602813720703125,3.855422973632813,1.0
2-3-1,Run1,188992547316,3.3646392822265625,3.7816314697265625,1.0
2-3-1,Run1,188992563971,3.374237060546875,3.7801513671875,1.0
2-3-1,Run1,188992580625,3.348968505859375,3.7564697265625,1.0
2-3-1,Run1,188992597281,3.332794189453125,3.7601318359375,1.0
2-3-1,Run1,188992613936,3.34088134765625,3.7548980712890634,1.0
2-3-1,Run1,188992630590,3.3492889404296875,3.750701904296875,1.0
2-3-1,Run1,188992647246,3.349761962890625,3.760208129882813,1.0
2-3-1,Run1,188992663901,3.327362060546875,3.7613525390625,1.0
2-3-1,Run1,188992680555,3.3083648681640625,3.742843627929688,1.0
2-3-1,Run1,188992697211,3.296737670898437,3.7200775146484375,1.0
2-3-1,Run1,188992713866,3.290267944335937,3.715789794921875,1.0
2-3-1,Run1,188992730521,3.3002471923828125,3.7031402587890634,1.0
2-3-1,Run1,188992747176,3.2989959716796875,3.6923828125,1.0
2-3-1,Run1,188992763831,3.2867431640625,3.6823883056640634,1.0
2-3-1,Run1,188992780486,3.26312255859375,3.679351806640625,1.0
2-3-1,Run1,188992797141,3.262680053710937,3.6854400634765625,1.0
2-3-1,Run1,188992813796,3.250595092773437,3.682861328125,1.0
2-3-1,Run1,188992830451,3.248779296875,3.680252075195313,1.0
2-3-1,Run1,188992847105,3.24810791015625,3.6539459228515625,1.0
2-3-1,Run1,188992863761,3.23040771484375,3.663665771484375,1.0
2-3-1,Run1,188992880416,3.225250244140625,3.657379150390625,1.0
2-3-1,Run1,188992897070,3.211029052734375,3.639007568359375,1.0
2-3-1,Run1,188992913726,3.3170166015625,3.73333740234375,1.0
2-3-1,Run1,188992930381,3.28021240234375,3.730377197265625,1.0
2-3-1,Run1,188992947035,3.2075347900390625,3.6491546630859375,1.0
2-3-1,Run1,188992963691,3.2236785888671875,3.6514892578125,1.0
2-3-1,Run1,188992980346,3.2063751220703125,3.639968872070313,1.0
2-3-1,Run1,188992997001,3.228546142578125,3.6477203369140634,1.0
2-3-1,Run1,188993013656,3.2371368408203125,3.6666107177734375,1.0
2-3-1,Run1,188993030311,3.2247772216796875,3.65130615234375,1.0
2-3-1,Run1,188993046966,3.3361968994140625,3.6300201416015625,1.0
2-3-1,Run1,188993063621,3.164047241210937,3.563507080078125,1.0
2-3-1,Run1,188993080276,3.164047241210937,3.463351779513889,1.0
2-3-1,Run1,188993096931,3.1681147984095976,3.3631964789496527,0.0
2-3-1,Run1,188993113586,3.1721823556082587,3.2630411783854165,0.0
2-3-1,Run1,188993130241,3.1762499128069193,3.1628858778211804,0.0
2-3-1,Run1,188993146896,3.1803174700055803,3.0627305772569446,0.0
2-3-1,Run1,188993163551,3.184385027204241,2.9625752766927085,0.0
2-3-1,Run1,188993180206,3.188452584402902,2.8624199761284723,0.0
2-3-1,Run1,188993196861,3.1925201416015625,2.762264675564236,1.0
2-3-1,Run1,188993213516,3.1728973388671875,2.662109375,1.0
2-3-1,Run1,188993230171,3.2947540283203125,3.440536499023437,1.0
2-3-1,Run1,188993246826,3.319320678710937,3.734771728515625,1.0
2-3-1,Run1,188993263482,3.341644287109375,3.68133544921875,1.0
2-3-1,Run1,188993280136,3.3428192138671875,3.7392730712890634,1.0
2-3-1,Run1,188993296791,3.3424224853515625,3.713455200195313,1.0
2-3-1,Run1,188993313447,3.3414764404296875,3.7331390380859375,1.0
2-3-1,Run1,188993330101,3.354278564453125,3.7405853271484375,1.0
2-3-1,Run1,188993346756,3.3604888916015625,3.751296997070313,1.0
2-3-1,Run1,188993363412,3.3744659423828125,3.7501220703125,1.0
2-3-1,Run1,188993380066,3.381622314453125,3.73919677734375,1.0
2-3-1,Run1,188993396721,3.375213623046875,3.727615356445313,1.0
2-3-1,Run1,188993413377,3.372421264648437,3.744110107421875,1.0
2-3-1,Run1,188993430031,3.3726043701171875,3.759811401367188,1.0
2-3-1,Run1,188993446686,3.373504638671875,3.740753173828125,1.0
2-3-1,Run1,188993463342,3.368759155273437,3.752655029296875,1.0
2-3-1,Run1,188993479996,3.47869873046875,3.861328125,1.0
2-3-1,Run1,188993496651,3.485198974609375,3.81195068359375,1.0
2-3-1,Run1,188993513307,3.326766967773437,3.7200927734375,1.0
2-3-1,Run1,188993529962,3.28619384765625,3.720855712890625,1.0
2-3-1,Run1,188993546616,3.397125244140625,3.815261840820313,1.0
2-3-1,Run1,188993563272,3.4053955078125,3.788253784179688,1.0
2-3-1,Run1,188993579927,3.262603759765625,3.67791748046875,1.0
2-3-1,Run1,188993596581,3.244384765625,3.6536712646484375,1.0
2-3-1,Run1,188993613237,3.2350006103515625,3.659088134765625,1.0
2-3-1,Run1,188993629892,3.218612670898437,3.665603637695313,1.0
2-3-1,Run1,188993646546,3.3358154296875,3.747161865234375,1.0
2-3-1,Run1,188993663202,3.33734130859375,3.684417724609375,1.0
2-3-1,Run1,188993679857,3.204376220703125,3.607147216796875,1.0
2-3-1,Run1,188993696511,3.201400756835937,3.612716674804688,1.0
2-3-1,Run1,188993713167,3.19775390625,3.6063232421875,1.0
2-3-1,Run1,188993729822,3.1931610107421875,3.605422973632813,1.0
2-3-1,Run1,188993746476,3.19500732421875,3.604660034179688,1.0
2-3-1,Run1,188993763131,3.1993560791015625,3.607086181640625,1.0
2-3-1,Run1,188993779787,3.215667724609375,3.702789306640625,1.0
2-3-1,Run1,188993796442,3.22576904296875,3.717849731445313,1.0
2-3-1,Run1,188993813096,3.2319793701171875,3.6114349365234375,1.0
2-3-1,Run1,188993829752,3.237030029296875,3.61553955078125,1.0
2-3-1,Run1,188993846407,3.2490386962890625,3.626052856445313,1.0
2-3-1,Run1,188993863061,3.266998291015625,3.6219329833984375,1.0
2-3-1,Run1,188993879717,3.2755279541015625,3.6317291259765625,1.0
2-3-1,Run1,188993896372,3.28277587890625,3.6518402099609375,1.0
2-3-1,Run1,188993913026,3.4117889404296875,3.7642974853515625,1.0
2-3-1,Run1,188993929682,3.4329833984375,3.76678466796875,1.0
2-3-1,Run1,188993946337,3.3345947265625,3.66864013671875,1.0
2-3-1,Run1,188993962991,3.357879638671875,3.67437744140625,1.0
2-3-1,Run1,188993979647,3.373077392578125,3.6834564208984375,1.0
2-3-1,Run1,188993996302,3.383651733398437,3.714752197265625,1.0
2-3-1,Run1,188994012956,3.39874267578125,3.757247924804688,1.0
2-3-1,Run1,188994029612,3.3983306884765625,3.757598876953125,1.0
2-3-1,Run1,188994046267,3.494873046875,3.7700042724609375,1.0
2-3-1,Run1,188994062922,3.52935791015625,3.7850189208984375,1.0
2-3-1,Run1,188994079577,3.444686889648437,3.7941741943359375,1.0
2-3-1,Run1,188994096232,3.45526123046875,3.792083740234375,1.0
2-3-1,Run1,188994112887,3.46807861328125,3.804290771484375,1.0
2-3-1,Run1,188994129542,3.4876861572265625,3.821334838867188,1.0
2-3-1,Run1,188994146197,3.5089111328125,3.837677001953125,1.0
2-3-1,Run1,188994162852,3.501434326171875,3.823532104492188,1.0
2-3-1,Run1,188994179507,3.498260498046875,3.8341217041015625,1.0
2-3-1,Run1,188994196162,3.507553100585937,3.8545074462890634,1.0
2-3-1,Run1,188994212817,3.514801025390625,3.8665618896484375,1.0
2-3-1,Run1,188994229472,3.5315399169921875,3.863494873046875,1.0
2-3-1,Run1,188994246127,3.5218963623046875,3.859527587890625,1.0
2-3-1,Run1,188994262782,3.51324462890625,3.869796752929688,1.0
2-3-1,Run1,188994279437,3.513656616210937,3.8813323974609375,1.0
2-3-1,Run1,188994296092,3.508636474609375,3.875045776367188,1.0
2-3-1,Run1,188994312747,3.515350341796875,3.8740234375,1.0
2-3-1,Run1,188994329403,3.46527099609375,3.817337036132813,1.0
2-3-1,Run1,188994346057,3.520492553710937,3.834246826171875,1.0
2-3-1,Run1,188994362712,3.3761967250279015,3.851156616210938,0.0
2-3-1,Run1,188994379368,3.231900896344866,3.8680664062500005,0.0
2-3-1,Run1,188994396022,3.0876050676618303,3.8849761962890628,0.0
2-3-1,Run1,188994412677,2.9433092389787943,3.901885986328125,0.0
2-3-1,Run1,188994429333,2.7990134102957587,3.9187957763671877,0.0
2-3-1,Run1,188994445987,2.654717581612723,3.9357055664062504,0.0
2-3-1,Run1,188994462642,2.5104217529296875,3.9526153564453126,1.0
2-3-1,Run1,188994479298,2.5104217529296875,3.969525146484375,1.0
2-3-1,Run1,188994495952,3.61773681640625,3.9864349365234375,1.0
2-3-1,Run1,188994512607,3.4683990478515625,3.9864349365234375,1.0
2-3-1,Run1,188994529263,3.4740142822265625,4.0413818359375,1.0
2-3-1,Run1,188994545917,3.51513671875,3.8463287353515625,1.0
2-3-1,Run1,188994562572,3.487457275390625,3.8145904541015625,1.0
2-3-1,Run1,188994579228,3.4895477294921875,3.874969482421875,1.0
2-3-1,Run1,188994595883,3.501327514648437,3.902420043945313,1.0
2-3-1,Run1,188994612537,3.518585205078125,3.930572509765625,1.0
2-3-1,Run1,188994629193,3.543685913085937,3.916580200195313,1.0
2-3-1,Run1,188994645848,3.53839111328125,3.942825317382813,1.0
2-3-1,Run1,188994662502,3.548583984375,3.947921752929688,1.0
2-3-1,Run1,188994679157,3.66253662109375,4.017974853515625,1.0
2-3-1,Run1,188994695813,3.6735687255859375,4.05914306640625,1.0
2-3-1,Run1,188994712467,3.5719451904296875,3.906158447265625,1.0
2-3-1,Run1,188994729122,3.3868865966796875,3.738372802734375,1.0
2-3-1,Run1,188994745778,3.192626953125,3.624847412109375,1.0
2-3-1,Run1,188994762432,3.2727020263671873,3.7162039620535716,0.0
2-3-1,Run1,188994779087,3.3527770996093746,3.807560511997768,0.0
2-3-1,Run1,188994795743,3.4328521728515624,3.8989170619419644,0.0
2-3-1,Run1,188994812397,3.5129272460937497,3.9902736118861606,0.0
2-3-1,Run1,188994829052,3.593002319335937,4.081630161830357,1.0
2-3-1,Run1,188994845708,3.593002319335937,4.172986711774554,1.0
2-3-1,Run1,188994862363,3.5139389038085938,4.26434326171875,1.0
2-3-1,Run1,188994879017,3.43487548828125,3.924346923828125,1.0
2-3-1,Run1,188994895673,3.526519775390625,3.844894409179688,1.0
2-3-1,Run1,188994912328,3.5288238525390625,3.9295501708984375,1.0
2-3-1,Run1,188994928982,3.5296173095703125,3.9035797119140634,1.0
2-3-1,Run1,188994945638,3.51641845703125,3.902786254882813,1.0
2-3-1,Run1,188994962293,3.4972381591796875,3.903472900390625,1.0
2-3-1,Run1,188994978947,3.4765167236328125,3.91314697265625,1.0
2-3-1,Run1,188994995603,3.4726715087890625,3.899200439453125,1.0
2-3-1,Run1,188995012258,3.473129272460937,3.89404296875,1.0
2-3-1,Run1,188995028912,3.4619903564453125,3.8800048828125,1.0
2-3-1,Run1,188995045568,3.46136474609375,3.8735198974609375,1.0
2-3-1,Run1,188995062223,3.4673614501953125,3.877365112304688,1.0
2-3-1,Run1,188995078877,3.455078125,3.8648834228515625,1.0
2-3-1,Run1,188995095533,3.4561920166015625,3.863739013671875,1.0
2-3-1,Run1,188995112188,3.459869384765625,3.860626220703125,1.0
2-3-1,Run1,188995128843,3.4482421875,3.8578948974609375,1.0
2-3-1,Run1,188995145498,3.438507080078125,3.853485107421875,1.0
2-3-1,Run1,188995162153,3.4320526123046875,3.850982666015625,1.0
2-3-1,Run1,188995178808,3.4161376953125,3.8355865478515625,1.0
2-3-1,Run1,188995195463,3.4177398681640625,3.8218994140625,1.0
2-3-1,Run1,188995212118,3.391815185546875,3.81414794921875,1.0
2-3-1,Run1,188995228773,3.3623199462890625,3.800216674804688,1.0
2-3-1,Run1,188995245428,3.3534698486328125,3.7725677490234375,1.0
2-3-1,Run1,188995262083,3.32757568359375,3.765411376953125,1.0
2-3-1,Run1,188995278738,3.3147125244140625,3.761306762695313,1.0
2-3-1,Run1,188995295393,3.323822021484375,3.754104614257813,1.0
2-3-1,Run1,188995312048,3.30816650390625,3.724197387695313,1.0
2-3-1,Run1,188995328703,3.2962188720703125,3.71087646484375,1.0
2-3-1,Run1,188995345358,3.27947998046875,3.698333740234375,1.0
2-3-1,Run1,188995362013,3.267440795898437,3.688232421875,1.0
2-3-1,Run1,188995378668,3.253524780273437,3.684860229492188,1.0
2-3-1,Run1,188995395324,3.2534942626953125,3.666824340820313,1.0
2-3-1,Run1,188995411978,3.238311767578125,3.6610260009765625,1.0
2-3-1,Run1,188995428633,3.219345092773437,3.6577301025390634,1.0
2-3-1,Run1,188995445289,3.2099761962890625,3.64190673828125,1.0
2-3-1,Run1,188995461943,3.2062530517578125,3.638351440429688,1.0
2-3-1,Run1,188995478598,3.2107391357421875,3.6190185546875,1.0
2-3-1,Run1,188995495254,3.2039337158203125,3.631637573242188,1.0
2-3-1,Run1,188995511908,3.198394775390625,3.635055541992188,1.0
2-3-1,Run1,188995528563,3.189788818359375,3.6191253662109375,1.0
2-3-1,Run1,188995545219,3.189544677734375,3.615447998046875,1.0
2-3-1,Run1,188995561873,3.1900634765625,3.6110992431640634,1.0
2-3-1,Run1,188995578528,3.173431396484375,3.607452392578125,1.0
2-3-1,Run1,188995595183,3.186141967773437,3.5983123779296875,1.0
2-3-1,Run1,188995611838,3.194320678710937,3.560333251953125,1.0
2-3-1,Run1,188995628493,2.988555908203125,3.488128662109375,1.0
2-3-1,Run1,188995645148,2.838973999023437,3.3653632269965277,1.0
2-3-1,Run1,188995661804,2.92470223563058,3.2425977918836804,0.0
2-3-1,Run1,188995678458,3.0104304722377226,3.1198323567708335,0.0
2-3-1,Run1,188995695113,3.0961587088448654,2.997066921657986,0.0
2-3-1,Run1,188995711769,3.1818869454520087,2.874301486545139,0.0
2-3-1,Run1,188995728423,3.2676151820591515,2.7515360514322915,0.0
2-3-1,Run1,188995745078,3.3533434186662943,2.6287706163194446,0.0
2-3-1,Run1,188995761734,3.439071655273437,2.5060051812065973,1.0
2-3-1,Run1,188995778388,3.208038330078125,2.38323974609375,1.0
2-3-1,Run1,188995795043,3.1615753173828125,3.197906494140625,1.0
2-3-1,Run1,188995811699,3.20343017578125,3.5984039306640625,1.0
2-3-1,Run1,188995828353,3.18438720703125,3.5334930419921875,1.0
2-3-1,Run1,188995845008,3.2057037353515625,3.57159423828125,1.0
2-3-1,Run1,188995861664,3.2109832763671875,3.584213256835937,1.0
2-3-1,Run1,188995878318,3.18670654296875,3.603912353515625,1.0
2-3-1,Run1,188995894973,3.19805908203125,3.5930938720703125,1.0
2-3-1,Run1,188995911629,3.191375732421875,3.5885772705078125,1.0
2-3-1,Run1,188995928284,3.19287109375,3.5798492431640625,1.0
2-3-1,Run1,188995944938,3.2181396484375,3.606033325195313,1.0
2-3-1,Run1,188995961593,3.2151336669921875,3.6162109375,1.0
2-3-1,Run1,188995978247,3.1927490234375,3.605880737304688,1.0
2-3-1,Run1,188995994900,3.212249755859375,3.6151275634765625,1.0
2-3-1,Run1,188996011556,3.348495483398437,3.7064056396484375,1.0
2-3-1,Run1,188996028210,3.3431396484375,3.713897705078125,1.0
2-3-1,Run1,188996044863,3.2287139892578125,3.713897705078125,1.0
2-3-1,Run1,188996061518,3.236480712890625,3.6435546875,1.0
2-3-1,Run1,188996078172,3.221893310546875,3.573211669921875,1.0
2-3-1,Run1,188996094825,3.221710205078125,3.632247924804688,1.0
2-3-1,Run1,188996111481,3.233612060546875,3.7286224365234375,1.0
2-3-1,Run1,188996128135,3.2144317626953125,3.734176635742188,1.0
2-3-1,Run1,188996144788,3.1858673095703125,3.617889404296875,1.0
2-3-1,Run1,188996161443,3.19354248046875,3.6068267822265625,1.0
2-3-1,Run1,188996178097,3.3332672119140625,3.7083740234375,1.0
2-3-1,Run1,188996194751,3.321990966796875,3.66680908203125,1.0
2-3-1,Run1,188996211405,3.1945953369140625,3.592880249023437,1.0
2-3-1,Run1,188996228060,3.1730194091796875,3.602752685546875,1.0
2-3-1,Run1,188996244714,3.1555328369140625,3.5821533203125,1.0
2-3-1,Run1,188996261368,3.166168212890625,3.5814361572265625,1.0
2-3-1,Run1,188996278022,3.1819305419921875,3.5830535888671875,1.0
2-3-1,Run1,188996294676,3.16064453125,3.5747528076171875,1.0
2-3-1,Run1,188996311330,3.1482086181640625,3.5682373046875,1.0
2-3-1,Run1,188996327984,3.1557769775390625,3.556732177734375,1.0
2-3-1,Run1,188996344639,3.138290405273437,3.5552520751953125,1.0
2-3-1,Run1,188996361293,3.12109375,3.555450439453125,1.0
2-3-1,Run1,188996377947,3.1346435546875,3.5443572998046875,1.0
2-3-1,Run1,188996394601,3.1361541748046875,3.53521728515625,1.0
2-3-1,Run1,188996411255,3.116424560546875,3.53399658203125,1.0
2-3-1,Run1,188996427909,3.102569580078125,3.509979248046875,1.0
2-3-1,Run1,188996444563,3.228057861328125,3.5717926025390625,1.0
2-3-1,Run1,188996461218,3.2180611746651784,3.4900283813476562,0.0
2-3-1,Run1,188996477872,3.208064488002232,3.40826416015625,0.0
2-3-1,Run1,188996494526,3.1980678013392856,3.3264999389648438,0.0
2-3-1,Run1,188996511181,3.1880711146763394,3.2447357177734375,0.0
2-3-1,Run1,188996527834,3.178074428013393,3.1629714965820312,0.0
2-3-1,Run1,188996544488,3.1680777413504466,3.081207275390625,0.0
2-3-1,Run1,188996561142,3.1580810546875,2.9994430541992188,1.0
2-3-1,Run1,188996577796,3.1580810546875,2.9176788330078125,1.0
2-3-1,Run1,188996594450,3.16607666015625,2.8359146118164062,1.0
2-3-1,Run1,188996611105,3.04339599609375,2.754150390625,1.0
2-3-1,Run1,188996627759,3.0556793212890625,3.1478729248046875,1.0
2-3-1,Run1,188996644413,3.07025146484375,3.447418212890625,1.0
2-3-1,Run1,188996661067,3.060302734375,3.4669342041015625,1.0
2-3-1,Run1,188996677721,3.06756591796875,3.499862670898437,1.0
2-3-1,Run1,188996694375,3.097152709960937,3.4741363525390625,1.0
2-3-1,Run1,188996711029,3.0940093994140625,3.4812164306640625,1.0
2-3-1,Run1,188996727684,3.0874786376953125,3.5048370361328125,1.0
2-3-1,Run1,188996744337,3.095794677734375,3.479644775390625,1.0
2-3-1,Run1,188996760992,2.9472198486328125,3.3737945556640625,1.0
2-3-1,Run1,188996777646,2.823715209960937,3.366685231526693,1.0
2-3-1,Run1,188996794300,2.75025634765625,3.3595759073893228,0.0
2-3-1,Run1,188996810954,2.676797485351562,3.352466583251953,0.0
2-3-1,Run1,188996827609,2.6033386230468745,3.3453572591145835,0.0
2-3-1,Run1,188996844262,2.5298797607421872,3.3382479349772134,0.0
2-3-1,Run1,188996860916,2.4564208984375,3.3311386108398438,0.0
2-3-1,Run1,188996877571,2.3829620361328123,3.324029286702474,0.0
2-3-1,Run1,188996894224,2.3095031738281246,3.316919962565104,0.0
2-3-1,Run1,188996910879,2.2360443115234374,3.3098106384277344,0.0
2-3-1,Run1,188996927533,2.16258544921875,3.3027013142903647,0.0
2-3-1,Run1,188996944187,2.0891265869140625,3.2955919901529946,1.0
2-3-1,Run1,188996960841,2.684921264648437,3.288482666015625,1.0
2-3-1,Run1,188996977496,3.0607147216796875,3.288482666015625,1.0
2-3-1,Run1,188996994150,3.13336181640625,3.764602661132813,1.0
2-3-1,Run1,188997010803,3.1687774658203125,3.554962158203125,1.0
2-3-1,Run1,188997027458,3.151336669921875,3.5149383544921875,1.0
2-3-1,Run1,188997044112,3.1386871337890625,3.548553466796875,1.0
2-3-1,Run1,188997060765,3.13397216796875,3.5498046875,1.0
2-3-1,Run1,188997077420,3.138092041015625,3.558319091796875,1.0
2-3-1,Run1,188997094074,3.160491943359375,3.5450439453125,1.0
2-3-1,Run1,188997110727,3.153778076171875,3.569549560546875,1.0
2-3-1,Run1,188997127382,3.13128662109375,3.5590057373046875,1.0
2-3-1,Run1,188997144036,3.1206207275390625,3.537384033203125,1.0
2-3-1,Run1,188997160690,3.1437225341796875,3.5340576171875,1.0
2-3-1,Run1,188997177345,3.1426239013671875,3.5285797119140625,1.0
2-3-1,Run1,188997193999,3.144515991210937,3.520050048828125,1.0
2-3-1,Run1,188997210652,3.1529693603515625,3.520263671875,1.0
2-3-1,Run1,188997227307,3.1581573486328125,3.5351715087890625,1.0
2-3-1,Run1,188997243961,3.1700897216796875,3.527435302734375,1.0
2-3-1,Run1,188997260615,3.1742706298828125,3.5285797119140625,1.0
2-3-1,Run1,188997277269,3.1696929931640625,3.5314483642578125,1.0
2-3-1,Run1,188997293923,3.1666259765625,3.5292205810546875,1.0
2-3-1,Run1,188997310577,3.152862548828125,3.523895263671875,1.0
2-3-1,Run1,188997327231,3.1349334716796875,3.5259246826171875,1.0
2-3-1,Run1,188997343885,3.1246490478515625,3.536956787109375,1.0
2-3-1,Run1,188997360539,3.12322998046875,3.5357666015625,1.0
2-3-1,Run1,188997377193,3.1110382080078125,3.520736694335937,1.0
2-3-1,Run1,188997393847,3.109619140625,3.5089569091796875,1.0
2-3-1,Run1,188997410502,3.111602783203125,3.49395751953125,1.0
2-3-1,Run1,188997427156,3.0933074951171875,3.486328125,1.0
2-3-1,Run1,188997443810,3.207366943359375,3.57147216796875,1.0
2-3-1,Run1,188997460464,3.1988067626953125,3.599029541015625,1.0
2-3-1,Run1,188997477117,3.0668487548828125,3.485748291015625,1.0
2-3-1,Run1,188997493772,3.084442138671875,3.4694061279296875,1.0
2-3-1,Run1,188997510426,3.071868896484375,3.456512451171875,1.0
2-3-1,Run1,188997527080,3.0602264404296875,3.4641876220703125,1.0
2-3-1,Run1,188997543734,3.085067749023437,3.467620849609375,1.0
2-3-1,Run1,188997560388,3.0930328369140625,3.4592437744140625,1.0
2-3-1,Run1,188997577042,3.0941314697265625,3.457183837890625,1.0
2-3-1,Run1,188997593696,3.0876007080078125,3.4273834228515625,1.0
2-3-1,Run1,188997610350,3.0863494873046875,3.4257049560546875,1.0
2-3-1,Run1,188997627004,3.0862274169921875,3.471710205078125,1.0
2-3-1,Run1,188997643658,3.0818023681640625,3.468902587890625,1.0
2-3-1,Run1,188997660312,3.0954742431640625,3.4553680419921875,1.0
2-3-1,Run1,188997676966,3.0971832275390625,3.4564666748046875,1.0
2-3-1,Run1,188997693620,3.0955810546875,3.45660400390625,1.0
2-3-1,Run1,188997710274,3.104278564453125,3.4794464111328125,1.0
2-3-1,Run1,188997726928,3.1035308837890625,3.483673095703125,1.0
2-3-1,Run1,188997743582,3.102630615234375,3.47137451171875,1.0
2-3-1,Run1,188997760236,3.129058837890625,3.473419189453125,1.0
2-3-1,Run1,188997776890,3.146224975585937,3.490692138671875,1.0
2-3-1,Run1,188997793545,3.129119873046875,3.4997100830078125,1.0
2-3-1,Run1,188997810199,3.1339569091796875,3.4938507080078125,1.0
2-3-1,Run1,188997826853,3.13323974609375,3.5239715576171875,1.0
2-3-1,Run1,188997843507,3.1204376220703125,3.5308837890625,1.0
2-3-1,Run1,188997860160,3.1284942626953125,3.50726318359375,1.0
2-3-1,Run1,188997876814,3.1496734619140625,3.5103759765625,1.0
2-3-1,Run1,188997893469,3.16033935546875,3.5341033935546875,1.0
2-3-1,Run1,188997910123,3.152191162109375,3.5428924560546875,1.0
2-3-1,Run1,188997926777,3.148544311523437,3.540496826171875,1.0
2-3-1,Run1,188997943431,3.160125732421875,3.660446166992188,1.0
2-3-1,Run1,188997960085,3.1549072265625,3.635162353515625,1.0
2-3-1,Run1,188997976739,3.156478881835937,3.552520751953125,1.0
2-3-1,Run1,188997993393,3.161834716796875,3.5718231201171875,1.0
2-3-1,Run1,188998010046,3.162445068359375,3.576080322265625,1.0
2-3-1,Run1,188998026700,3.177398681640625,3.5763092041015625,1.0
2-3-1,Run1,188998043356,3.317718505859375,3.5829010009765625,1.0
2-3-1,Run1,188998060010,3.324462890625,3.5833740234375,1.0
2-3-1,Run1,188998076663,3.197418212890625,3.5863189697265625,1.0
2-3-1,Run1,188998093317,3.2017364501953125,3.579498291015625,1.0
2-3-1,Run1,188998109971,3.2079620361328125,3.587249755859375,1.0
2-3-1,Run1,188998126625,3.220458984375,3.5985565185546875,1.0
2-3-1,Run1,188998143279,3.212646484375,3.591705322265625,1.0
2-3-1,Run1,188998159934,3.21868896484375,3.5916290283203125,1.0
2-3-1,Run1,188998176587,3.3700408935546875,3.6903228759765625,1.0
2-3-1,Run1,188998193241,3.3799591064453125,3.710250854492188,1.0
2-3-1,Run1,188998209896,3.3799591064453125,3.710250854492188,1.0
2-3-1,Run1,188998226549,3.2538986206054688,3.6201629638671875,0.0
2-3-1,Run1,188998243203,3.127838134765625,3.5300750732421875,1.0
2-3-1,Run1,188998259857,3.2568359375,3.60565185546875,1.0
2-3-1,Run1,188998276510,3.2623443603515625,3.620895385742188,1.0
2-3-1,Run1,188998293165,3.2373809814453125,3.597763061523437,1.0
2-3-1,Run1,188998309820,3.2392730712890625,3.5197906494140625,1.0
2-3-1,Run1,188998326474,3.1445770263671875,3.4004364013671875,1.0
2-3-1,Run1,188998343127,2.9259796142578125,3.3590087890625,1.0
2-3-1,Run1,188998359781,2.7073822021484375,3.1212259928385415,0.0
2-3-1,Run1,188998376435,2.4887847900390625,2.8834431966145835,0.0
2-3-1,Run1,188998393088,2.2701873779296875,2.645660400390625,1.0
2-3-1,Run1,188998409743,2.2701873779296875,2.645660400390625,1.0
2-3-1,Run1,188998426398,2.89471435546875,2.5532989501953125,1.0
2-3-1,Run1,188998443051,3.0160675048828125,2.5532989501953125,1.0
2-3-1,Run1,188998459705,3.25421142578125,2.987579345703125,1.0
2-3-1,Run1,188998476359,3.2924041748046875,3.421859741210937,1.0
2-3-1,Run1,188998493012,3.260162353515625,3.600128173828125,1.0
2-3-1,Run1,188998509667,3.2387847900390625,3.645553588867188,1.0
2-3-1,Run1,188998526321,3.24798583984375,3.622848510742188,1.0
2-3-1,Run1,188998542975,3.25286865234375,3.647048950195313,1.0
2-3-1,Run1,188998559629,3.243515014648437,3.6437835693359375,1.0
2-3-1,Run1,188998576283,3.2434844970703125,3.659698486328125,1.0
2-3-1,Run1,188998592937,3.2563934326171875,3.646881103515625,1.0
2-3-1,Run1,188998609591,3.25262451171875,3.6404876708984375,1.0
2-3-1,Run1,188998626245,3.2511749267578125,3.649215698242188,1.0
2-3-1,Run1,188998642899,3.368743896484375,3.7496185302734375,1.0
2-3-1,Run1,188998659553,3.3610382080078125,3.704864501953125,1.0
2-3-1,Run1,188998676207,3.24560546875,3.6185302734375,1.0
2-3-1,Run1,188998692861,3.253173828125,3.632415771484375,1.0
2-3-1,Run1,188998709515,3.257186889648437,3.6309814453125,1.0
2-3-1,Run1,188998726169,3.249618530273437,3.628982543945313,1.0
2-3-1,Run1,188998742823,3.2332305908203125,3.639617919921875,1.0
2-3-1,Run1,188998759476,3.2220611572265625,3.61688232421875,1.0
2-3-1,Run1,188998776131,3.217254638671875,3.59161376953125,1.0
2-3-1,Run1,188998792785,3.201751708984375,3.6060791015625,1.0
2-3-1,Run1,188998809438,3.1919708251953125,3.610992431640625,1.0
2-3-1,Run1,188998826092,3.190216064453125,3.6014862060546875,1.0
2-3-1,Run1,188998842746,3.175048828125,3.5950469970703125,1.0
2-3-1,Run1,188998859401,3.162628173828125,3.592147827148437,1.0
2-3-1,Run1,188998876054,3.154052734375,3.6800537109375,1.0
2-3-1,Run1,188998892708,3.1538848876953125,3.6301422119140634,1.0
2-3-1,Run1,188998909363,3.140045166015625,3.551010131835937,1.0
2-3-1,Run1,188998926016,3.1329803466796875,3.5639190673828125,1.0
2-3-1,Run1,188998942670,3.13238525390625,3.552703857421875,1.0
2-3-1,Run1,188998959325,3.1175994873046875,3.53485107421875,1.0
2-3-1,Run1,188998975978,3.116455078125,3.515594482421875,1.0
2-3-1,Run1,188998992632,3.107513427734375,3.515121459960937,1.0
2-3-1,Run1,188999009286,3.090560913085937,3.5157012939453125,1.0
2-3-1,Run1,188999025940,3.0980987548828125,3.501678466796875,1.0
2-3-1,Run1,188999042594,3.1002197265625,3.494659423828125,1.0
2-3-1,Run1,188999059248,3.113250732421875,3.4947509765625,1.0
2-3-1,Run1,188999075901,3.108551025390625,3.5117340087890625,1.0
2-3-1,Run1,188999092555,3.0872039794921875,3.521102905273437,1.0
2-3-1,Run1,188999109210,3.0906219482421875,3.503631591796875,1.0
2-3-1,Run1,188999125864,3.0788116455078125,3.5070343017578125,1.0
2-3-1,Run1,188999142517,3.0763397216796875,3.50018310546875,1.0
2-3-1,Run1,188999159172,3.0821685791015625,3.49798583984375,1.0
2-3-1,Run1,188999175826,3.0810546875,3.5031890869140625,1.0
2-3-1,Run1,188999192479,3.0818328857421875,3.510848999023437,1.0
2-3-1,Run1,188999209133,3.0792694091796875,3.51470947265625,1.0
2-3-1,Run1,188999225787,3.0785369873046875,3.4954833984375,1.0
2-3-1,Run1,188999242440,3.08306884765625,3.4954833984375,1.0
2-3-1,Run1,188999259095,3.0841064453125,3.5117950439453125,1.0
2-3-1,Run1,188999275749,3.088119506835937,3.515716552734375,1.0
2-3-1,Run1,188999292403,3.1065673828125,3.504669189453125,1.0
2-3-1,Run1,188999309057,3.1142578125,3.51446533203125,1.0
2-3-1,Run1,188999325711,3.114959716796875,3.51873779296875,1.0
2-3-1,Run1,188999342364,3.119537353515625,3.511093139648437,1.0
2-3-1,Run1,188999359018,3.1351318359375,3.524688720703125,1.0
2-3-1,Run1,188999375672,3.137115478515625,3.5350799560546875,1.0
2-3-1,Run1,188999392326,3.1188201904296875,3.5450439453125,1.0
2-3-1,Run1,188999408980,3.124176025390625,3.5463104248046875,1.0
2-3-1,Run1,188999425634,3.119979858398437,3.5372314453125,1.0
2-3-1,Run1,188999442288,3.1092529296875,3.546722412109375,1.0
2-3-1,Run1,188999458941,3.1197052001953125,3.5523834228515625,1.0
2-3-1,Run1,188999475596,3.13714599609375,3.539154052734375,1.0
2-3-1,Run1,188999492250,3.156890869140625,3.5330047607421875,1.0
2-3-1,Run1,188999508903,3.1476287841796875,3.54656982421875,1.0
2-3-1,Run1,188999525558,3.1433563232421875,3.5603790283203125,1.0
2-3-1,Run1,188999542212,3.1645050048828125,3.5772857666015625,1.0
2-3-1,Run1,188999558865,3.160888671875,3.5699005126953125,1.0
2-3-1,Run1,188999575519,3.1658935546875,3.568145751953125,1.0
2-3-1,Run1,188999592173,3.1871490478515625,3.595321655273437,1.0
2-3-1,Run1,188999608826,3.1876373291015625,3.60150146484375,1.0
2-3-1,Run1,188999625481,3.194488525390625,3.5932159423828125,1.0
2-3-1,Run1,188999642135,3.2041015625,3.606765747070313,1.0
2-3-1,Run1,188999658789,3.22247314453125,3.6146392822265625,1.0
2-3-1,Run1,188999675443,3.2358856201171875,3.60711669921875,1.0
2-3-1,Run1,188999692097,3.2457733154296875,3.6123046875,1.0
2-3-1,Run1,188999708751,3.2550506591796875,3.646148681640625,1.0
2-3-1,Run1,188999725404,3.2757720947265625,3.6440582275390634,1.0
2-3-1,Run1,188999742058,3.2835845947265625,3.63665771484375,1.0
2-3-1,Run1,188999758712,3.269317626953125,3.640106201171875,1.0
2-3-1,Run1,188999775366,3.2750701904296875,3.633575439453125,1.0
2-3-1,Run1,188999792020,3.2890167236328125,3.657470703125,1.0
2-3-1,Run1,188999808674,3.3176422119140625,3.679733276367188,1.0
2-3-1,Run1,188999825327,3.3049774169921875,3.6932373046875,1.0
2-3-1,Run1,188999841981,3.303207397460937,3.7054290771484375,1.0
2-3-1,Run1,188999858635,3.317413330078125,3.69537353515625,1.0
2-3-1,Run1,188999875289,3.436065673828125,3.7852783203125,1.0
2-3-1,Run1,188999891943,3.41998291015625,3.7893218994140634,1.0
2-3-1,Run1,188999908597,3.3145904541015625,3.7079010009765625,1.0
2-3-1,Run1,188999925252,3.310897827148437,3.724395751953125,1.0
2-3-1,Run1,188999941905,3.3161773681640625,3.733718872070313,1.0
2-3-1,Run1,188999958559,3.32391357421875,3.7279052734375,1.0
2-3-1,Run1,188999975213,3.322662353515625,3.717849731445313,1.0
2-3-1,Run1,188999991866,3.317169189453125,3.7136383056640634,1.0
2-3-1,Run1,189000008520,3.291366577148437,3.72528076171875,1.0
2-3-1,Run1,189000025175,3.2991943359375,3.72454833984375,1.0
2-3-1,Run1,189000041828,3.431503295898437,3.806228637695313,1.0
2-3-1,Run1,189000058482,3.4181671142578125,3.7999114990234375,1.0
2-3-1,Run1,189000075136,3.3013458251953125,3.705978393554688,1.0
2-3-1,Run1,189000091789,3.28857421875,3.7064208984375,1.0
2-3-1,Run1,189000108443,3.2876434326171875,3.71533203125,1.0
2-3-1,Run1,189000125097,3.285797119140625,3.710281372070313,1.0
2-3-1,Run1,189000141750,3.284774780273437,3.7082366943359375,1.0
2-3-1,Run1,189000158405,3.2909088134765625,3.699508666992188,1.0
2-3-1,Run1,189000175059,3.4000701904296875,3.7685546875,1.0
2-3-1,Run1,189000191713,3.399322509765625,3.790802001953125,1.0
2-3-1,Run1,189000208366,3.290130615234375,3.694000244140625,1.0
2-3-1,Run1,189000225020,3.2914276123046875,3.680938720703125,1.0
2-3-1,Run1,189000241674,3.29327392578125,3.684158325195313,1.0
2-3-1,Run1,189000258327,3.302734375,3.694580078125,1.0
2-3-1,Run1,189000274982,3.3032989501953125,3.686614990234375,1.0
2-3-1,Run1,189000291636,3.2970428466796875,3.67877197265625,1.0
2-3-1,Run1,189000308289,3.4134674072265625,3.763748168945313,1.0
2-3-1,Run1,189000324943,3.3920440673828125,3.7752685546875,1.0
2-3-1,Run1,189000341597,3.2743377685546875,3.68365478515625,1.0
2-3-1,Run1,189000358250,3.277923583984375,3.677001953125,1.0
2-3-1,Run1,189000374904,3.284942626953125,3.678985595703125,1.0
2-3-1,Run1,189000391559,3.28472900390625,3.681549072265625,1.0
2-3-1,Run1,189000408212,3.2725067138671875,3.680023193359375,1.0
2-3-1,Run1,189000424866,3.268417358398437,3.6803131103515625,1.0
2-3-1,Run1,189000441521,3.2810821533203125,3.681838989257813,1.0
2-3-1,Run1,189000458175,3.29248046875,3.672637939453125,1.0
2-3-1,Run1,189000474828,3.295028686523437,3.661468505859375,1.0
2-3-1,Run1,189000491482,3.283294677734375,3.664764404296875,1.0
2-3-1,Run1,189000508136,3.38897705078125,3.755172729492188,1.0
2-3-1,Run1,189000524789,3.400390625,3.759689331054688,1.0
2-3-1,Run1,189000541444,3.278793334960937,3.673736572265625,1.0
2-3-1,Run1,189000558098,3.290679931640625,3.67926025390625,1.0
2-3-1,Run1,189000574751,3.291412353515625,3.701248168945313,1.0
2-3-1,Run1,189000591405,3.282684326171875,3.698394775390625,1.0
2-3-1,Run1,189000608059,3.296859741210937,3.6817779541015625,1.0
2-3-1,Run1,189000624712,3.302459716796875,3.6906585693359375,1.0
2-3-1,Run1,189000641366,3.41387939453125,3.7867431640625,1.0
2-3-1,Run1,189000658021,3.389617919921875,3.765213012695313,1.0
2-3-1,Run1,189000674674,3.2786865234375,3.678009033203125,1.0
2-3-1,Run1,189000691328,3.29266357421875,3.680130004882813,1.0
2-3-1,Run1,189000707982,3.31005859375,3.674285888671875,1.0
2-3-1,Run1,189000724636,3.3035430908203125,3.6848297119140634,1.0
2-3-1,Run1,189000741289,3.2972564697265625,3.704391479492188,1.0
2-3-1,Run1,189000757943,3.2996368408203125,3.7072906494140634,1.0
2-3-1,Run1,189000774597,3.294525146484375,3.697555541992188,1.0
2-3-1,Run1,189000791250,3.282089233398437,3.704254150390625,1.0
2-3-1,Run1,189000807904,3.2755889892578125,3.704071044921875,1.0
2-3-1,Run1,189000824558,3.283935546875,3.696243286132813,1.0
2-3-1,Run1,189000841211,3.401336669921875,3.795608520507813,1.0
2-3-1,Run1,189000857865,3.405914306640625,3.7708740234375,1.0
2-3-1,Run1,189000874519,3.292831420898437,3.683029174804688,1.0
2-3-1,Run1,189000891172,3.29473876953125,3.688629150390625,1.0
2-3-1,Run1,189000907827,3.3026580810546875,3.6851654052734375,1.0
2-3-1,Run1,189000924481,3.303375244140625,3.6739501953125,1.0
2-3-1,Run1,189000941134,3.296173095703125,3.673858642578125,1.0
2-3-1,Run1,189000957789,3.298187255859375,3.67108154296875,1.0
2-3-1,Run1,189000974444,3.304443359375,3.681488037109375,1.0
2-3-1,Run1,189000991099,3.3042755126953125,3.679031372070313,1.0
2-3-1,Run1,189001007753,3.312850952148437,3.68060302734375,1.0
2-3-1,Run1,189001024409,3.316390991210937,3.6994476318359375,1.0
2-3-1,Run1,189001041064,3.4293670654296875,3.7927093505859375,1.0
2-3-1,Run1,189001057718,3.430206298828125,3.7885894775390634,1.0
2-3-1,Run1,189001074373,3.319000244140625,3.699554443359375,1.0
2-3-1,Run1,189001091028,3.3018035888671875,3.6961822509765625,1.0
2-3-1,Run1,189001107682,3.290374755859375,3.70947265625,1.0
2-3-1,Run1,189001124337,3.2956085205078125,3.707672119140625,1.0
2-3-1,Run1,189001140992,3.302230834960937,3.698822021484375,1.0
2-3-1,Run1,189001157647,3.3229522705078125,3.701095581054688,1.0
2-3-1,Run1,189001174302,3.3297271728515625,3.787872314453125,1.0
2-3-1,Run1,189001190957,3.31488037109375,3.8107757568359375,1.0
2-3-1,Run1,189001207611,3.3049774169921875,3.7190093994140634,1.0
2-3-1,Run1,189001224266,3.3143768310546875,3.7241058349609375,1.0
2-3-1,Run1,189001240921,3.32257080078125,3.723709106445313,1.0
2-3-1,Run1,189001257576,3.3145751953125,3.719329833984375,1.0
2-3-1,Run1,189001274231,3.418670654296875,3.815338134765625,1.0
2-3-1,Run1,189001290886,3.4366912841796875,3.821365356445313,1.0
2-3-1,Run1,189001307541,3.4366912841796875,3.821365356445313,1.0
2-3-1,Run1,189001324195,3.34600830078125,3.7539901733398438,0.0
2-3-1,Run1,189001340850,3.2553253173828125,3.686614990234375,1.0
2-3-1,Run1,189001357505,3.3506011962890625,3.748809814453125,1.0
2-3-1,Run1,189001374159,3.4573974609375,3.8329925537109375,1.0
2-3-1,Run1,189001390814,3.4687042236328125,3.844650268554688,1.0
2-3-1,Run1,189001407470,3.366806030273437,3.7698822021484375,1.0
2-3-1,Run1,189001424124,3.3835601806640625,3.7725677490234375,1.0
2-3-1,Run1,189001440779,3.3836822509765625,3.770355224609375,1.0
2-3-1,Run1,189001457434,3.3896942138671875,3.783966064453125,1.0
2-3-1,Run1,189001474088,3.398590087890625,3.8141021728515625,1.0
2-3-1,Run1,189001490743,3.403350830078125,3.817672729492188,1.0
2-3-1,Run1,189001507398,3.4054107666015625,3.8187103271484375,1.0
2-3-1,Run1,189001524054,3.4023895263671875,3.816238403320313,1.0
2-3-1,Run1,189001540708,3.5204315185546875,3.88226318359375,1.0
2-3-1,Run1,189001557363,3.519805908203125,3.9100189208984375,1.0
2-3-1,Run1,189001574018,3.519805908203125,3.9100189208984375,1.0
2-3-1,Run1,189001590672,3.2905731201171875,3.945379638671875,0.0
2-3-1,Run1,189001607327,3.06134033203125,3.9807403564453123,0.0
2-3-1,Run1,189001623982,2.8321075439453125,4.01610107421875,1.0
2-3-1,Run1,189001640636,3.0308837890625,4.051461791992187,1.0
2-3-1,Run1,189001657292,3.39471435546875,4.086822509765625,1.0
2-3-1,Run1,189001673947,3.4327545166015625,3.834396362304688,1.0
2-3-1,Run1,189001690601,3.4670562744140625,3.823760986328125,1.0
2-3-1,Run1,189001707256,3.497787475585937,3.889007568359375,1.0
2-3-1,Run1,189001723911,3.486053466796875,3.87811279296875,1.0
2-3-1,Run1,189001740565,3.49017333984375,3.9098052978515625,1.0
2-3-1,Run1,189001757220,3.5002593994140625,3.881927490234375,1.0
2-3-1,Run1,189001773876,3.502655029296875,3.897781372070313,1.0
2-3-1,Run1,189001790531,3.5073394775390625,3.921096801757813,1.0
2-3-1,Run1,189001807185,3.525146484375,3.922195434570313,1.0
2-3-1,Run1,189001823840,3.522247314453125,3.911056518554688,1.0
2-3-1,Run1,189001840495,3.335922241210937,3.7484130859375,1.0
2-3-1,Run1,189001857149,3.05743408203125,3.4985809326171875,1.0
2-3-1,Run1,189001873804,3.0327562604631697,3.529169718424479,0.0
2-3-1,Run1,189001890459,3.0080784388950894,3.559758504231771,0.0
2-3-1,Run1,189001907114,2.983400617327009,3.5903472900390625,0.0
2-3-1,Run1,189001923769,2.9587227957589284,3.620936075846354,0.0
2-3-1,Run1,189001940424,2.934044974190848,3.651524861653646,0.0
2-3-1,Run1,189001957078,2.909367152622768,3.6821136474609375,1.0
2-3-1,Run1,189001973733,2.8846893310546875,3.6821136474609375,1.0
2-3-1,Run1,189001990388,3.529632568359375,3.946563720703125,1.0
2-3-1,Run1,189002007042,3.721237182617188,3.738723754882813,1.0
2-3-1,Run1,189002023698,3.4882354736328125,3.828704833984375,1.0
2-3-1,Run1,189002040353,3.3928375244140625,3.859786987304688,1.0
2-3-1,Run1,189002057008,3.422882080078125,3.818069458007813,1.0
2-3-1,Run1,189002073662,3.447845458984375,3.85516357421875,1.0
2-3-1,Run1,189002090317,3.4311065673828125,3.84979248046875,1.0
2-3-1,Run1,189002106972,3.4054107666015625,3.8646240234375,1.0
2-3-1,Run1,189002123626,3.38922119140625,3.858428955078125,1.0
2-3-1,Run1,189002140281,3.394195556640625,3.8549652099609375,1.0
2-3-1,Run1,189002156937,3.4001922607421875,3.8444671630859375,1.0
2-3-1,Run1,189002173591,3.3875732421875,3.8348388671875,1.0
2-3-1,Run1,189002190246,3.393295288085937,3.8043365478515625,1.0
2-3-1,Run1,189002206901,3.3932037353515625,3.801605224609375,1.0
2-3-1,Run1,189002223555,3.3955078125,3.8011474609375,1.0
2-3-1,Run1,189002240210,3.3889312744140625,3.7959136962890634,1.0
2-3-1,Run1,189002256865,3.390975952148437,3.777664184570313,1.0
2-3-1,Run1,189002273520,3.3838043212890625,3.767303466796875,1.0
2-3-1,Run1,189002290175,3.3681640625,3.781646728515625,1.0
2-3-1,Run1,189002306830,3.4723052978515625,3.854644775390625,1.0
2-3-1,Run1,189002323485,3.4493560791015625,3.8387298583984375,1.0
2-3-1,Run1,189002340139,3.3330078125,3.7469329833984375,1.0
2-3-1,Run1,189002356794,3.332504272460937,3.7464599609375,1.0
2-3-1,Run1,189002373449,3.3158111572265625,3.745437622070313,1.0
2-3-1,Run1,189002390103,3.307723999023437,3.74078369140625,1.0
2-3-1,Run1,189002406759,3.424301147460937,3.822845458984375,1.0
2-3-1,Run1,189002423414,3.3905029296875,3.822021484375,1.0
2-3-1,Run1,189002440068,3.2714385986328125,3.719573974609375,1.0
2-3-1,Run1,189002456723,3.2627410888671875,3.71002197265625,1.0
2-3-1,Run1,189002473378,3.255523681640625,3.6947174072265625,1.0
2-3-1,Run1,189002490032,3.2508697509765625,3.668914794921875,1.0
2-3-1,Run1,189002506687,3.240753173828125,3.67352294921875,1.0
2-3-1,Run1,189002523343,3.2269287109375,3.676300048828125,1.0
2-3-1,Run1,189002539997,3.208358764648437,3.6483306884765625,1.0
2-3-1,Run1,189002556652,3.2173004150390625,3.647506713867188,1.0
2-3-1,Run1,189002573307,3.351531982421875,3.74249267578125,1.0
2-3-1,Run1,189002589962,3.303451538085937,3.7136383056640634,1.0
2-3-1,Run1,189002606616,3.1797637939453125,3.618728637695313,1.0
2-3-1,Run1,189002623271,3.16290283203125,3.616302490234375,1.0
2-3-1,Run1,189002639926,3.1619415283203125,3.598419189453125,1.0
2-3-1,Run1,189002656581,3.178085327148437,3.59625244140625,1.0
2-3-1,Run1,189002673236,3.3162841796875,3.700973510742188,1.0
2-3-1,Run1,189002689891,3.2872467041015625,3.6888427734375,1.0
2-3-1,Run1,189002706545,3.1535797119140625,3.57586669921875,1.0
2-3-1,Run1,189002723200,3.1586151123046875,3.5580291748046875,1.0
2-3-1,Run1,189002739855,3.1526336669921875,3.564315795898437,1.0
2-3-1,Run1,189002756509,3.15283203125,3.58160400390625,1.0
2-3-1,Run1,189002773165,3.3006744384765625,3.568511962890625,1.0
2-3-1,Run1,189002789820,3.2564849853515625,3.544097900390625,1.0
2-3-1,Run1,189002806474,3.2564849853515625,3.6320648193359375,1.0
2-3-1,Run1,189002823129,3.1425857543945312,3.639083862304688,1.0
2-3-1,Run1,189002839784,3.0286865234375,3.5448760986328125,1.0
2-3-1,Run1,189002856439,3.1343231201171875,3.55731201171875,1.0
2-3-1,Run1,189002873093,3.123992919921875,3.57470703125,1.0
2-3-1,Run1,189002889748,3.13531494140625,3.567626953125,1.0
2-3-1,Run1,189002906404,3.267425537109375,3.551849365234375,1.0
2-3-1,Run1,189002923058,3.303817749023437,3.5531158447265625,1.0
2-3-1,Run1,189002939713,3.175811767578125,3.549713134765625,1.0
2-3-1,Run1,189002956368,3.19024658203125,3.5557098388671875,1.0
2-3-1,Run1,189002973022,3.1914215087890625,3.561279296875,1.0
2-3-1,Run1,189002989677,3.1634063720703125,3.519073486328125,1.0
2-3-1,Run1,189003006332,3.293212890625,3.573593139648437,1.0
2-3-1,Run1,189003022987,3.31292724609375,3.4943913051060265,0.0
2-3-1,Run1,189003039642,3.3326416015625,3.415189470563616,0.0
2-3-1,Run1,189003056297,3.35235595703125,3.335987636021205,0.0
2-3-1,Run1,189003072951,3.3720703125,3.2567858014787943,0.0
2-3-1,Run1,189003089606,3.39178466796875,3.1775839669363837,0.0
2-3-1,Run1,189003106261,3.4114990234375,3.098382132393973,0.0
2-3-1,Run1,189003122916,3.43121337890625,3.0191802978515625,1.0
2-3-1,Run1,189003139570,3.221099853515625,3.0191802978515625,1.0
2-3-1,Run1,189003156226,3.2478790283203125,3.822067260742188,1.0
2-3-1,Run1,189003172881,3.31683349609375,3.6142730712890634,1.0
2-3-1,Run1,189003189535,3.290267944335937,3.6161956787109375,1.0
2-3-1,Run1,189003206190,3.290390014648437,3.67572021484375,1.0
2-3-1,Run1,189003222845,3.296371459960937,3.651168823242188,1.0
2-3-1,Run1,189003239499,3.2927398681640625,3.663421630859375,1.0
2-3-1,Run1,189003256154,3.312850952148437,3.6805572509765625,1.0
2-3-1,Run1,189003272810,3.3311767578125,3.698486328125,1.0
2-3-1,Run1,189003289464,3.3248748779296875,3.700363159179688,1.0
2-3-1,Run1,189003306119,3.318145751953125,3.7192230224609375,1.0
2-3-1,Run1,189003322774,3.348876953125,3.715042114257813,1.0
2-3-1,Run1,189003339428,3.3623199462890625,3.711837768554688,1.0
2-3-1,Run1,189003356083,3.361297607421875,3.715988159179688,1.0
2-3-1,Run1,189003372738,3.378936767578125,3.7276458740234375,1.0
2-3-1,Run1,189003389394,3.3854217529296875,3.7493743896484375,1.0
2-3-1,Run1,189003406048,3.384506225585937,3.7541351318359375,1.0
2-3-1,Run1,189003422703,3.360565185546875,3.7389068603515625,1.0
2-3-1,Run1,189003439358,3.34552001953125,3.7360687255859375,1.0
2-3-1,Run1,189003456012,3.3578643798828125,3.734786987304688,1.0
2-3-1,Run1,189003472667,3.358795166015625,3.740020751953125,1.0
2-3-1,Run1,189003489322,3.335296630859375,3.749099731445313,1.0
2-3-1,Run1,189003505976,3.314300537109375,3.73321533203125,1.0
2-3-1,Run1,189003522632,3.32879638671875,3.7287750244140634,1.0
2-3-1,Run1,189003539287,3.328704833984375,3.7223968505859375,1.0
2-3-1,Run1,189003555941,3.301788330078125,3.70880126953125,1.0
2-3-1,Run1,189003572596,3.300521850585937,3.7009124755859375,1.0
2-3-1,Run1,189003589251,3.2903289794921875,3.705123901367188,1.0
2-3-1,Run1,189003605905,3.2694244384765625,3.6871337890625,1.0
2-3-1,Run1,189003622560,3.2723541259765625,3.671478271484375,1.0
2-3-1,Run1,189003639216,3.2677459716796875,3.674774169921875,1.0
2-3-1,Run1,189003655871,3.24017333984375,3.662109375,1.0
2-3-1,Run1,189003672525,3.2269744873046875,3.647293090820313,1.0
2-3-1,Run1,189003689180,3.21673583984375,3.6506500244140634,1.0
2-3-1,Run1,189003705835,3.213287353515625,3.648513793945313,1.0
2-3-1,Run1,189003722489,3.2064208984375,3.658538818359375,1.0
2-3-1,Run1,189003739144,3.194976806640625,3.6411285400390634,1.0
2-3-1,Run1,189003755799,3.2016754150390625,3.632049560546875,1.0
2-3-1,Run1,189003772454,3.20318603515625,3.631790161132813,1.0
2-3-1,Run1,189003789109,3.2145233154296875,3.620208740234375,1.0
2-3-1,Run1,189003805764,3.2141265869140625,3.60595703125,1.0
2-3-1,Run1,189003822418,3.187255859375,3.62127685546875,1.0
2-3-1,Run1,189003839073,3.183349609375,3.6373138427734375,1.0
2-3-1,Run1,189003855728,3.169586181640625,3.627593994140625,1.0
2-3-1,Run1,189003872382,3.1572723388671875,3.622161865234375,1.0
2-3-1,Run1,189003889038,3.1849822998046875,3.6175537109375,1.0
2-3-1,Run1,189003905693,3.196029663085937,3.604766845703125,1.0
2-3-1,Run1,189003922348,3.20416259765625,3.600082397460937,1.0
2-3-1,Run1,189003939002,3.1951141357421875,3.59979248046875,1.0
2-3-1,Run1,189003955657,3.185699462890625,3.60650634765625,1.0
2-3-1,Run1,189003972312,3.19561767578125,3.710906982421875,1.0
2-3-1,Run1,189003988966,3.183456420898437,3.6929779052734375,1.0
2-3-1,Run1,189004005621,3.1766815185546875,3.6036224365234375,1.0
2-3-1,Run1,189004022277,3.1841583251953125,3.62139892578125,1.0
2-3-1,Run1,189004038931,3.18585205078125,3.6096343994140634,1.0
2-3-1,Run1,189004055586,3.1812896728515625,3.5876007080078125,1.0
2-3-1,Run1,189004072241,3.19171142578125,3.5814208984375,1.0
2-3-1,Run1,189004088895,3.208847045898437,3.600006103515625,1.0
2-3-1,Run1,189004105550,3.2072906494140625,3.623809814453125,1.0
2-3-1,Run1,189004122205,3.2142791748046875,3.61016845703125,1.0
2-3-1,Run1,189004138860,3.218002319335937,3.6092681884765625,1.0
2-3-1,Run1,189004155515,3.2156982421875,3.614654541015625,1.0
2-3-1,Run1,189004172170,3.2238311767578125,3.603317260742188,1.0
2-3-1,Run1,189004188825,3.224761962890625,3.604217529296875,1.0
2-3-1,Run1,189004205479,3.2174224853515625,3.5972900390625,1.0
2-3-1,Run1,189004222134,3.2058868408203125,3.594390869140625,1.0
2-3-1,Run1,189004238789,3.206405639648437,3.601593017578125,1.0
2-3-1,Run1,189004255443,3.20941162109375,3.597198486328125,1.0
2-3-1,Run1,189004272099,3.1944580078125,3.614456176757813,1.0
2-3-1,Run1,189004288754,3.1928863525390625,3.621978759765625,1.0
2-3-1,Run1,189004305408,3.210723876953125,3.6094970703125,1.0
2-3-1,Run1,189004322063,3.1986236572265625,3.5978240966796875,1.0
2-3-1,Run1,189004338718,3.205917358398437,3.5967254638671875,1.0
2-3-1,Run1,189004355372,3.2099151611328125,3.60595703125,1.0
2-3-1,Run1,189004372027,3.210418701171875,3.6063232421875,1.0
2-3-1,Run1,189004388683,3.22381591796875,3.60614013671875,1.0
2-3-1,Run1,189004405337,3.223541259765625,3.602951049804688,1.0
2-3-1,Run1,189004421992,3.225936889648437,3.6016082763671875,1.0
2-3-1,Run1,189004438647,3.201019287109375,3.6005859375,1.0
2-3-1,Run1,189004455302,3.19512939453125,3.59088134765625,1.0
2-3-1,Run1,189004471956,3.1973419189453125,3.604782104492188,1.0
2-3-1,Run1,189004488611,3.2017059326171875,3.607147216796875,1.0
2-3-1,Run1,189004505266,3.196014404296875,3.5910797119140625,1.0
2-3-1,Run1,189004521921,3.1865997314453125,3.5888214111328125,1.0
2-3-1,Run1,189004538576,3.205917358398437,3.589096069335937,1.0
2-3-1,Run1,189004555231,3.191436767578125,3.597503662109375,1.0
2-3-1,Run1,189004571885,3.191986083984375,3.5888824462890625,1.0
2-3-1,Run1,189004588540,3.206268310546875,3.57269287109375,1.0
2-3-1,Run1,189004605195,3.197662353515625,3.5616912841796875,1.0
2-3-1,Run1,189004621849,3.186767578125,3.5701904296875,1.0
2-3-1,Run1,189004638505,3.204452514648437,3.57000732421875,1.0
2-3-1,Run1,189004655160,3.212860107421875,3.570648193359375,1.0
2-3-1,Run1,189004671814,3.21307373046875,3.58428955078125,1.0
2-3-1,Run1,189004688469,3.23895263671875,3.58575439453125,1.0
2-3-1,Run1,189004705124,3.3579864501953125,3.6812896728515625,1.0
2-3-1,Run1,189004721779,3.3804931640625,3.682647705078125,1.0
2-3-1,Run1,189004738433,3.262725830078125,3.61376953125,1.0
2-3-1,Run1,189004755088,3.2628936767578125,3.621749877929688,1.0
2-3-1,Run1,189004771744,3.283447265625,3.6309967041015625,1.0
2-3-1,Run1,189004788398,3.2888946533203125,3.658538818359375,1.0
2-3-1,Run1,189004805053,3.298614501953125,3.66351318359375,1.0
2-3-1,Run1,189004821708,3.309310913085937,3.662200927734375,1.0
2-3-1,Run1,189004838362,3.3158721923828125,3.670074462890625,1.0
2-3-1,Run1,189004855017,3.3274383544921875,3.670608520507813,1.0
2-3-1,Run1,189004871672,3.3343048095703125,3.679763793945313,1.0
2-3-1,Run1,189004888327,3.344573974609375,3.701614379882813,1.0
2-3-1,Run1,189004904982,3.353424072265625,3.71356201171875,1.0
2-3-1,Run1,189004921637,3.3548583984375,3.7096099853515625,1.0
2-3-1,Run1,189004938291,3.3670196533203125,3.725265502929688,1.0
2-3-1,Run1,189004954946,3.384063720703125,3.732131958007813,1.0
2-3-1,Run1,189004971601,3.3878326416015625,3.7351226806640634,1.0
2-3-1,Run1,189004988256,3.3993377685546875,3.742233276367188,1.0
2-3-1,Run1,189005004910,3.4052734375,3.75787353515625,1.0
2-3-1,Run1,189005021566,3.4046173095703125,3.762527465820313,1.0
2-3-1,Run1,189005038221,3.425933837890625,3.7696380615234375,1.0
2-3-1,Run1,189005054875,3.4208221435546875,3.7819976806640634,1.0
2-3-1,Run1,189005071530,3.402618408203125,3.782379150390625,1.0
2-3-1,Run1,189005088185,3.412445068359375,3.7745208740234375,1.0
2-3-1,Run1,189005104839,3.406463623046875,3.6876220703125,1.0
2-3-1,Run1,189005121494,3.2913360595703125,3.4479522705078125,1.0
2-3-1,Run1,189005138150,3.2402470906575522,3.2402496337890625,1.0
2-3-1,Run1,189005154804,3.1891581217447915,3.409683227539063,0.0
2-3-1,Run1,189005171459,3.1380691528320312,3.579116821289063,0.0
2-3-1,Run1,189005188114,3.086980183919271,3.7485504150390634,1.0
2-3-1,Run1,189005204768,3.0358912150065103,3.7485504150390634,1.0
2-3-1,Run1,189005221423,2.98480224609375,3.62591552734375,1.0
2-3-1,Run1,189005238078,3.122344970703125,3.503280639648437,1.0
2-3-1,Run1,189005254733,3.394195556640625,3.8036956787109375,1.0
2-3-1,Run1,189005271388,3.428070068359375,3.84625244140625,1.0
2-3-1,Run1,189005288043,3.409652709960937,3.78289794921875,1.0
2-3-1,Run1,189005304698,3.3997802734375,3.8176422119140634,1.0
2-3-1,Run1,189005321352,3.384384155273437,3.8037261962890634,1.0
2-3-1,Run1,189005338007,3.378173828125,3.802566528320313,1.0
2-3-1,Run1,189005354662,3.402069091796875,3.803497314453125,1.0
2-3-1,Run1,189005371316,3.412384033203125,3.799468994140625,1.0
2-3-1,Run1,189005387972,3.3839263916015625,3.7782135009765625,1.0
2-3-1,Run1,189005404627,3.378662109375,3.7840728759765625,1.0
2-3-1,Run1,189005421281,3.38836669921875,3.793212890625,1.0
2-3-1,Run1,189005437936,3.499496459960937,3.788650512695313,1.0
2-3-1,Run1,189005454591,3.534774780273437,3.804763793945313,1.0
2-3-1,Run1,189005471245,3.4171295166015625,3.8046722412109375,1.0
2-3-1,Run1,189005487900,3.421478271484375,3.790924072265625,1.0
2-3-1,Run1,189005504555,3.4077606201171875,3.7824859619140634,1.0
2-3-1,Run1,189005521211,3.393524169921875,3.778976440429688,1.0
2-3-1,Run1,189005537865,3.511016845703125,3.777008056640625,1.0
2-3-1,Run1,189005554520,3.490203857421875,3.7691497802734375,1.0
2-3-1,Run1,189005571175,3.374618530273437,3.75640869140625,1.0
2-3-1,Run1,189005587829,3.353759765625,3.757049560546875,1.0
2-3-1,Run1,189005604484,3.343719482421875,3.7495269775390634,1.0
2-3-1,Run1,189005621139,3.3237762451171875,3.738571166992188,1.0
2-3-1,Run1,189005637794,3.296356201171875,3.741989135742188,1.0
2-3-1,Run1,189005654449,3.296859741210937,3.72760009765625,1.0
2-3-1,Run1,189005671104,3.2824249267578125,3.7083587646484375,1.0
2-3-1,Run1,189005687758,3.267929077148437,3.709197998046875,1.0
2-3-1,Run1,189005704413,3.267913818359375,3.6964263916015625,1.0
2-3-1,Run1,189005721068,3.2406005859375,3.690017700195313,1.0
2-3-1,Run1,189005737722,3.2213287353515625,3.68109130859375,1.0
2-3-1,Run1,189005754377,3.2317657470703125,3.6847076416015625,1.0
2-3-1,Run1,189005771033,3.2216033935546875,3.667800903320313,1.0
2-3-1,Run1,189005787688,3.2093963623046875,3.6498870849609375,1.0
2-3-1,Run1,189005804342,3.205841064453125,3.6371917724609375,1.0
2-3-1,Run1,189005820997,3.2035064697265625,3.6423187255859375,1.0
2-3-1,Run1,189005837652,3.193695068359375,3.647064208984375,1.0
2-3-1,Run1,189005854306,3.1824188232421875,3.652389526367188,1.0
2-3-1,Run1,189005870961,3.1834716796875,3.6426849365234375,1.0
2-3-1,Run1,189005887617,3.185577392578125,3.625411987304688,1.0
2-3-1,Run1,189005904271,3.181396484375,3.613571166992188,1.0
2-3-1,Run1,189005920926,3.176025390625,3.609649658203125,1.0
2-3-1,Run1,189005937581,3.173736572265625,3.6114654541015625,1.0
2-3-1,Run1,189005954235,3.174591064453125,3.620193481445313,1.0
2-3-1,Run1,189005970890,3.1681671142578125,3.6324310302734375,1.0
2-3-1,Run1,189005987545,3.1533203125,3.622970581054688,1.0
2-3-1,Run1,189006004199,3.1521453857421875,3.601348876953125,1.0
2-3-1,Run1,189006020854,3.1518707275390625,3.5999755859375,1.0
2-3-1,Run1,189006037509,3.258270263671875,3.7071380615234375,1.0
2-3-1,Run1,189006054164,3.235565185546875,3.705123901367188,1.0
2-3-1,Run1,189006070817,3.147811889648437,3.596542358398437,1.0
2-3-1,Run1,189006087472,3.1585845947265625,3.59991455078125,1.0
2-3-1,Run1,189006104127,3.1560821533203125,3.7151947021484375,1.0
2-3-1,Run1,189006120781,3.1700897216796875,3.700759887695313,1.0
2-3-1,Run1,189006137436,3.165390014648437,3.5937957763671875,1.0
2-3-1,Run1,189006154091,3.1461334228515625,3.58880615234375,1.0
2-3-1,Run1,189006170745,3.146713256835937,3.602035522460937,1.0
2-3-1,Run1,189006187399,3.1787567138671875,3.5946197509765625,1.0
2-3-1,Run1,189006204054,3.186187744140625,3.583358764648437,1.0
2-3-1,Run1,189006220708,3.1853790283203125,3.5840606689453125,1.0
2-3-1,Run1,189006237363,3.198104858398437,3.590667724609375,1.0
2-3-1,Run1,189006254017,3.1934814453125,3.621292114257813,1.0
2-3-1,Run1,189006270672,3.1988677978515625,3.63238525390625,1.0
2-3-1,Run1,189006287327,3.2230682373046875,3.623580932617188,1.0
2-3-1,Run1,189006303981,3.2381591796875,3.634078979492188,1.0
2-3-1,Run1,189006320636,3.24176025390625,3.636962890625,1.0
2-3-1,Run1,189006337290,3.2440643310546875,3.637374877929688,1.0
2-3-1,Run1,189006353945,3.24658203125,3.634811401367188,1.0
2-3-1,Run1,189006370599,3.22845458984375,3.6301422119140634,1.0
2-3-1,Run1,189006387254,3.2467803955078125,3.6409912109375,1.0
2-3-1,Run1,189006403909,3.272064208984375,3.6578216552734375,1.0
2-3-1,Run1,189006420563,3.262313842773437,3.658477783203125,1.0
2-3-1,Run1,189006437217,3.2578582763671875,3.66180419921875,1.0
2-3-1,Run1,189006453872,3.2520751953125,3.671112060546875,1.0
2-3-1,Run1,189006470527,3.2584381103515625,3.679718017578125,1.0
2-3-1,Run1,189006487180,3.25811767578125,3.688995361328125,1.0
2-3-1,Run1,189006503835,3.2556304931640625,3.698165893554688,1.0
2-3-1,Run1,189006520491,3.2609405517578125,3.69451904296875,1.0
2-3-1,Run1,189006537144,3.2594146728515625,3.687713623046875,1.0
2-3-1,Run1,189006553799,3.255096435546875,3.68096923828125,1.0
2-3-1,Run1,189006570454,3.2579498291015625,3.681671142578125,1.0
2-3-1,Run1,189006587109,3.246337890625,3.681228637695313,1.0
2-3-1,Run1,189006603762,3.2473297119140625,3.676681518554688,1.0
2-3-1,Run1,189006620417,3.26263427734375,3.67230224609375,1.0
2-3-1,Run1,189006637073,3.272125244140625,3.68414306640625,1.0
2-3-1,Run1,189006653726,3.26922607421875,3.689117431640625,1.0
2-3-1,Run1,189006670381,3.271102905273437,3.6833648681640634,1.0
2-3-1,Run1,189006687036,3.2860870361328125,3.6805572509765625,1.0
2-3-1,Run1,189006703689,3.29974365234375,3.6849365234375,1.0
2-3-1,Run1,189006720344,3.26995849609375,3.624069213867188,1.0
2-3-1,Run1,189006736999,3.3632965087890625,3.4047800699869795,1.0
2-3-1,Run1,189006753653,3.2774505615234375,3.185490926106771,0.0
2-3-1,Run1,189006770308,3.1916046142578125,2.9662017822265625,0.0
2-3-1,Run1,189006786963,3.1057586669921875,2.746912638346354,0.0
2-3-1,Run1,189006803617,3.019912719726562,2.5276234944661455,0.0
2-3-1,Run1,189006820271,2.934066772460937,2.308334350585937,1.0
2-3-1,Run1,189006836926,3.06011962890625,2.8453521728515625,1.0
2-3-1,Run1,189006853581,3.3536529541015625,3.7933197021484375,1.0
2-3-1,Run1,189006870234,3.4034576416015625,3.774612426757813,1.0
2-3-1,Run1,189006886890,3.3818511962890625,3.738327026367188,1.0
2-3-1,Run1,189006903545,3.3925018310546875,3.804656982421875,1.0
2-3-1,Run1,189006920198,3.400665283203125,3.823287963867188,1.0
2-3-1,Run1,189006936853,3.3932037353515625,3.8316497802734375,1.0
2-3-1,Run1,189006953508,3.392425537109375,3.819625854492188,1.0
2-3-1,Run1,189006970162,3.4072265625,3.821014404296875,1.0
2-3-1,Run1,189006986816,3.417083740234375,3.8053131103515625,1.0
2-3-1,Run1,189007003471,3.40521240234375,3.808761596679688,1.0
2-3-1,Run1,189007020126,3.422576904296875,3.804901123046875,1.0
2-3-1,Run1,189007036780,3.4266510009765625,3.8027191162109375,1.0
2-3-1,Run1,189007053435,3.440185546875,3.8182525634765625,1.0
2-3-1,Run1,189007070089,3.4520416259765625,3.8296051025390634,1.0
2-3-1,Run1,189007086744,3.433868408203125,3.82354736328125,1.0
2-3-1,Run1,189007103398,3.4494781494140625,3.8250885009765625,1.0
2-3-1,Run1,189007120053,3.445892333984375,3.825149536132813,1.0
2-3-1,Run1,189007136707,3.432464599609375,3.825851440429688,1.0
2-3-1,Run1,189007153362,3.43585205078125,3.828277587890625,1.0
2-3-1,Run1,189007170017,3.425079345703125,3.823196411132813,1.0
2-3-1,Run1,189007186671,3.412078857421875,3.8191986083984375,1.0
2-3-1,Run1,189007203325,3.389144897460937,3.804977416992188,1.0
2-3-1,Run1,189007219980,3.3619384765625,3.794845581054688,1.0
2-3-1,Run1,189007236634,3.34393310546875,3.7551116943359375,1.0
2-3-1,Run1,189007253289,3.3275604248046875,3.745437622070313,1.0
2-3-1,Run1,189007269944,3.30914306640625,3.736862182617188,1.0
2-3-1,Run1,189007286598,3.280502319335937,3.720703125,1.0
2-3-1,Run1,189007303252,3.26458740234375,3.71282958984375,1.0
2-3-1,Run1,189007319907,3.263885498046875,3.703582763671875,1.0
2-3-1,Run1,189007336561,3.257064819335937,3.684371948242188,1.0
2-3-1,Run1,189007353216,3.244369506835937,3.6629638671875,1.0
2-3-1,Run1,189007369870,3.22711181640625,3.66925048828125,1.0
2-3-1,Run1,189007386526,3.21142578125,3.672698974609375,1.0
2-3-1,Run1,189007403180,3.197662353515625,3.6498870849609375,1.0
2-3-1,Run1,189007419834,3.185760498046875,3.63446044921875,1.0
2-3-1,Run1,189007436489,3.1792449951171875,3.60687255859375,1.0
2-3-1,Run1,189007453143,3.1729736328125,3.60589599609375,1.0
2-3-1,Run1,189007469797,3.157867431640625,3.60382080078125,1.0
2-3-1,Run1,189007486452,3.178466796875,3.5994110107421875,1.0
2-3-1,Run1,189007503106,3.173797607421875,3.5960845947265625,1.0
2-3-1,Run1,189007519761,3.1386871337890625,3.5904693603515625,1.0
2-3-1,Run1,189007536416,3.157501220703125,3.5828857421875,1.0
2-3-1,Run1,189007553070,3.1708221435546875,3.5723419189453125,1.0
2-3-1,Run1,189007569724,3.134429931640625,3.5604248046875,1.0
2-3-1,Run1,189007586379,3.12957763671875,3.5652618408203125,1.0
2-3-1,Run1,189007603033,3.1384429931640625,3.564666748046875,1.0
2-3-1,Run1,189007619688,3.1308135986328125,3.551620483398437,1.0
2-3-1,Run1,189007636343,3.1273345947265625,3.46893310546875,1.0
2-3-1,Run1,189007652998,3.0182037353515625,3.303573608398437,1.0
2-3-1,Run1,189007669652,3.0592384338378906,3.2954745822482634,0.0
2-3-1,Run1,189007686306,3.1002731323242188,3.2873755560980897,0.0
2-3-1,Run1,189007702961,3.141307830810547,3.2792765299479165,0.0
2-3-1,Run1,189007719615,3.182342529296875,3.271177503797743,0.0
2-3-1,Run1,189007736269,3.223377227783203,3.263078477647569,0.0
2-3-1,Run1,189007752925,3.2644119262695312,3.2549794514973955,0.0
2-3-1,Run1,189007769578,3.3054466247558594,3.2468804253472223,0.0
2-3-1,Run1,189007786233,3.3464813232421875,3.2387813991970487,1.0
2-3-1,Run1,189007802888,3.164291381835937,3.230682373046875,1.0
2-3-1,Run1,189007819542,3.181610107421875,3.544418334960937,1.0
2-3-1,Run1,189007836197,3.2273712158203125,3.61029052734375,1.0
2-3-1,Run1,189007852851,3.2136383056640625,3.5668487548828125,1.0
2-3-1,Run1,189007869505,3.234100341796875,3.63616943359375,1.0
2-3-1,Run1,189007886160,3.253448486328125,3.634429931640625,1.0
2-3-1,Run1,189007902815,3.2733306884765625,3.619918823242188,1.0
2-3-1,Run1,189007919470,3.28289794921875,3.6171875,1.0
2-3-1,Run1,189007936123,3.2885894775390625,3.658737182617188,1.0
2-3-1,Run1,189007952778,3.302474975585937,3.656051635742188,1.0
2-3-1,Run1,189007969433,3.3021697998046875,3.659378051757813,1.0
2-3-1,Run1,189007986086,3.299301147460937,3.6750640869140634,1.0
2-3-1,Run1,189008002742,3.306549072265625,3.66595458984375,1.0
2-3-1,Run1,189008019397,3.30145263671875,3.669357299804688,1.0
2-3-1,Run1,189008036051,3.323348999023437,3.68817138671875,1.0
2-3-1,Run1,189008052705,3.350860595703125,3.6907806396484375,1.0
2-3-1,Run1,189008069360,3.33392333984375,3.693023681640625,1.0
2-3-1,Run1,189008086014,3.3160400390625,3.7098388671875,1.0
2-3-1,Run1,189008102668,3.31964111328125,3.7197113037109375,1.0
2-3-1,Run1,189008119323,3.3199462890625,3.72161865234375,1.0
2-3-1,Run1,189008135977,3.311279296875,3.7315826416015625,1.0
2-3-1,Run1,189008152632,3.322738647460937,3.72552490234375,1.0
2-3-1,Run1,189008169287,3.307403564453125,3.69757080078125,1.0
2-3-1,Run1,189008185941,3.303070068359375,3.698638916015625,1.0
2-3-1,Run1,189008202596,3.30401611328125,3.718338012695313,1.0
2-3-1,Run1,189008219250,3.2889862060546875,3.709564208984375,1.0
2-3-1,Run1,189008235905,3.28851318359375,3.68011474609375,1.0
2-3-1,Run1,189008252559,3.29498291015625,3.682464599609375,1.0
2-3-1,Run1,189008269214,3.2669830322265625,3.666656494140625,1.0
2-3-1,Run1,189008285869,3.2381591796875,3.65679931640625,1.0
2-3-1,Run1,189008302522,3.24462890625,3.678543090820313,1.0
2-3-1,Run1,189008319177,3.217681884765625,3.62841796875,1.0
2-3-1,Run1,189008335832,3.3140869140625,3.643722534179688,1.0
2-3-1,Run1,189008352485,3.243257795061384,3.4947319030761723,0.0
2-3-1,Run1,189008369140,3.172428676060268,3.3457412719726567,0.0
2-3-1,Run1,189008385795,3.101599557059152,3.196750640869141,0.0
2-3-1,Run1,189008402449,3.0307704380580356,3.047760009765625,0.0
2-3-1,Run1,189008419104,2.9599413190569197,2.8987693786621094,0.0
2-3-1,Run1,189008435759,2.8891122000558034,2.7497787475585938,0.0
2-3-1,Run1,189008452414,2.8182830810546875,2.600788116455078,1.0
2-3-1,Run1,189008469067,2.8182830810546875,2.4517974853515625,1.0
2-3-1,Run1,189008485722,3.2691802978515625,2.4517974853515625,1.0
2-3-1,Run1,189008502377,3.1569061279296875,3.3133087158203125,1.0
2-3-1,Run1,189008519031,3.15283203125,3.501205444335937,1.0
2-3-1,Run1,189008535685,3.1541748046875,3.559921264648437,1.0
2-3-1,Run1,189008552340,3.16778564453125,3.5574951171875,1.0
2-3-1,Run1,189008568994,3.16925048828125,3.596649169921875,1.0
2-3-1,Run1,189008585649,3.1679840087890625,3.5891571044921875,1.0
2-3-1,Run1,189008602303,3.171234130859375,3.59832763671875,1.0
2-3-1,Run1,189008618957,3.1908416748046875,3.5976715087890625,1.0
2-3-1,Run1,189008635613,3.21405029296875,3.5794219970703125,1.0
2-3-1,Run1,189008652267,3.2191925048828125,3.59747314453125,1.0
2-3-1,Run1,189008668921,3.3227081298828125,3.5971832275390625,1.0
2-3-1,Run1,189008685576,3.37066650390625,3.5914764404296875,1.0
2-3-1,Run1,189008702230,3.237152099609375,3.6131439208984375,1.0
2-3-1,Run1,189008718885,3.2259674072265625,3.618072509765625,1.0
2-3-1,Run1,189008735539,3.2243804931640625,3.60546875,1.0
2-3-1,Run1,189008752194,3.225692749023437,3.61004638671875,1.0
2-3-1,Run1,189008768849,3.349365234375,3.6439208984375,1.0
2-3-1,Run1,189008785502,3.330062866210937,3.64019775390625,1.0
2-3-1,Run1,189008802157,3.2056427001953125,3.6204681396484375,1.0
2-3-1,Run1,189008818812,3.199920654296875,3.6278076171875,1.0
2-3-1,Run1,189008835466,3.204864501953125,3.62274169921875,1.0
2-3-1,Run1,189008852121,3.18096923828125,3.598968505859375,1.0
2-3-1,Run1,189008868775,3.1616668701171875,3.5745849609375,1.0
2-3-1,Run1,189008885429,3.176742553710937,3.5846710205078125,1.0
2-3-1,Run1,189008902084,3.16754150390625,3.5831756591796875,1.0
2-3-1,Run1,189008918739,3.146347045898437,3.5598907470703125,1.0
2-3-1,Run1,189008935392,3.14361572265625,3.542831420898437,1.0
2-3-1,Run1,189008952047,3.140777587890625,3.5439910888671875,1.0
2-3-1,Run1,189008968702,3.1362762451171875,3.5504913330078125,1.0
2-3-1,Run1,189008985357,3.125091552734375,3.5396881103515625,1.0
2-3-1,Run1,189009002011,3.1194000244140625,3.518783569335937,1.0
2-3-1,Run1,189009018666,3.1082916259765625,3.5247955322265625,1.0
2-3-1,Run1,189009035321,3.0880279541015625,3.523590087890625,1.0
2-3-1,Run1,189009051974,3.081283569335937,3.523056030273437,1.0
2-3-1,Run1,189009068629,3.0742340087890625,3.5349884033203125,1.0
2-3-1,Run1,189009085284,3.080322265625,3.54132080078125,1.0
2-3-1,Run1,189009101937,3.092559814453125,3.527450561523437,1.0
2-3-1,Run1,189009118592,3.0831451416015625,3.505218505859375,1.0
2-3-1,Run1,189009135247,3.0723114013671875,3.4947967529296875,1.0
2-3-1,Run1,189009151901,3.0759735107421875,3.5027313232421875,1.0
2-3-1,Run1,189009168555,3.067108154296875,3.4928131103515625,1.0
2-3-1,Run1,189009185210,3.0605010986328125,3.471221923828125,1.0
2-3-1,Run1,189009201864,3.0752105712890625,3.4741363525390625,1.0
2-3-1,Run1,189009218519,3.0879669189453125,3.496978759765625,1.0
2-3-1,Run1,189009235174,3.0567626953125,3.5078125,1.0
2-3-1,Run1,189009251829,3.0432281494140625,3.495346069335937,1.0
2-3-1,Run1,189009268483,3.0702362060546875,3.47149658203125,1.0
2-3-1,Run1,189009285137,3.081939697265625,3.469573974609375,1.0
2-3-1,Run1,189009301792,3.064666748046875,3.4811553955078125,1.0
2-3-1,Run1,189009318446,3.04986572265625,3.4729156494140625,1.0
2-3-1,Run1,189009335100,3.04193115234375,3.4597320556640625,1.0
2-3-1,Run1,189009351755,3.040435791015625,3.4576873779296875,1.0
2-3-1,Run1,189009368409,3.041839599609375,3.4594879150390625,1.0
2-3-1,Run1,189009385064,3.0273590087890625,3.44232177734375,1.0
2-3-1,Run1,189009401718,3.0112457275390625,3.4199981689453125,1.0
2-3-1,Run1,189009418373,3.016708374023437,3.4292755126953125,1.0
2-3-1,Run1,189009435027,3.022552490234375,3.4394989013671875,1.0
2-3-1,Run1,189009451682,3.064697265625,3.44384765625,1.0
2-3-1,Run1,189009468336,3.0709991455078125,3.434356689453125,1.0
2-3-1,Run1,189009484990,3.037445068359375,3.4279327392578125,1.0
2-3-1,Run1,189009501645,3.0272979736328125,3.4358062744140625,1.0
2-3-1,Run1,189009518300,3.0335845947265625,3.441680908203125,1.0
2-3-1,Run1,189009534954,3.0364532470703125,3.4394989013671875,1.0
2-3-1,Run1,189009551608,3.0308380126953125,3.448974609375,1.0
2-3-1,Run1,189009568263,3.030258178710937,3.4605865478515625,1.0
2-3-1,Run1,189009584917,3.022735595703125,3.4658355712890625,1.0
2-3-1,Run1,189009601571,3.01129150390625,3.4688873291015625,1.0
2-3-1,Run1,189009618226,3.0219268798828125,3.444061279296875,1.0
2-3-1,Run1,189009634881,3.035369873046875,3.439315795898437,1.0
2-3-1,Run1,189009651536,3.029647827148437,3.462265014648437,1.0
2-3-1,Run1,189009668190,3.02752685546875,3.45965576171875,1.0
2-3-1,Run1,189009684844,3.041610717773437,3.4574127197265625,1.0
2-3-1,Run1,189009701499,3.0496826171875,3.4691925048828125,1.0
2-3-1,Run1,189009718153,3.0326690673828125,3.470916748046875,1.0
2-3-1,Run1,189009734807,3.0427398681640625,3.4731597900390625,1.0
2-3-1,Run1,189009751462,3.0424041748046875,3.4692840576171875,1.0
2-3-1,Run1,189009768117,3.027008056640625,3.456756591796875,1.0
2-3-1,Run1,189009784771,3.017684936523437,3.4543914794921875,1.0
2-3-1,Run1,189009801425,3.017440795898437,3.4654693603515625,1.0
2-3-1,Run1,189009818080,3.056137084960937,3.455718994140625,1.0
2-3-1,Run1,189009834735,3.036727905273437,3.4455108642578125,1.0
2-3-1,Run1,189009851389,2.87255859375,3.4457244873046875,1.0
2-3-1,Run1,189009868043,2.627508544921875,3.570785522460937,1.0
2-3-1,Run1,189009884698,2.38245849609375,3.6386596679687497,0.0
2-3-1,Run1,189009901352,2.137408447265625,3.7065338134765624,0.0
2-3-1,Run1,189009918007,1.8923583984375,3.7744079589843746,0.0
2-3-1,Run1,189009934661,1.647308349609375,3.8422821044921873,1.0
2-3-1,Run1,189009951315,1.647308349609375,3.91015625,1.0
2-3-1,Run1,189009967970,2.890411376953125,3.5157470703125,1.0
2-3-1,Run1,189009984624,2.994049072265625,3.3935546875,1.0
2-3-1,Run1,189010001278,2.9981689453125,3.4668731689453125,1.0
2-3-1,Run1,189010017933,3.0322265625,3.460311889648437,1.0
2-3-1,Run1,189010034588,3.055694580078125,3.4945831298828125,1.0
2-3-1,Run1,189010051243,3.06640625,3.4825592041015625,1.0
2-3-1,Run1,189010067897,3.072296142578125,3.47857666015625,1.0
2-3-1,Run1,189010084551,3.07269287109375,3.48345947265625,1.0
2-3-1,Run1,189010101206,3.0932769775390625,3.4896240234375,1.0
2-3-1,Run1,189010117860,3.124603271484375,3.5014190673828125,1.0
2-3-1,Run1,189010134515,3.1360015869140625,3.51171875,1.0
2-3-1,Run1,189010151169,3.13653564453125,3.513031005859375,1.0
2-3-1,Run1,189010167823,3.144393920898437,3.5198516845703125,1.0
2-3-1,Run1,189010184478,3.15850830078125,3.5370330810546875,1.0
2-3-1,Run1,189010201132,3.17242431640625,3.542083740234375,1.0
2-3-1,Run1,189010217786,3.1794586181640625,3.53094482421875,1.0
2-3-1,Run1,189010234441,3.192047119140625,3.5321502685546875,1.0
2-3-1,Run1,189010251096,3.200302124023437,3.5419464111328125,1.0
2-3-1,Run1,189010267750,3.2035369873046875,3.555328369140625,1.0
2-3-1,Run1,189010284405,3.1973114013671875,3.5603790283203125,1.0
2-3-1,Run1,189010301059,3.3137664794921875,3.658615112304688,1.0
2-3-1,Run1,189010317714,3.3404998779296875,3.673065185546875,1.0
2-3-1,Run1,189010334368,3.3404998779296875,3.673065185546875,1.0
2-3-1,Run1,189010351022,3.2258148193359375,3.609710693359375,0.0
2-3-1,Run1,189010367677,3.1111297607421875,3.546356201171875,1.0
2-3-1,Run1,189010384331,3.221664428710937,3.6021881103515625,1.0
2-3-1,Run1,189010400986,3.343002319335937,3.6837158203125,1.0
2-3-1,Run1,189010417640,3.2975006103515625,3.712677001953125,1.0
2-3-1,Run1,189010434295,3.18035888671875,3.5341339111328125,1.0
2-3-1,Run1,189010450949,3.073699951171875,3.371246337890625,1.0
2-3-1,Run1,189010467604,3.0599822998046875,3.33013916015625,1.0
2-3-1,Run1,189010484258,3.0208648681640624,3.4439361572265628,0.0
2-3-1,Run1,189010500913,2.9817474365234373,3.557733154296875,0.0
2-3-1,Run1,189010517567,2.9426300048828127,3.671530151367188,0.0
2-3-1,Run1,189010534221,2.9035125732421876,3.7853271484375,0.0
2-3-1,Run1,189010550876,2.8643951416015625,3.899124145507813,1.0
2-3-1,Run1,189010567530,3.029754638671875,3.899124145507813,1.0
2-3-1,Run1,189010584185,3.25567626953125,3.929611206054688,1.0
2-3-1,Run1,189010600839,3.3026123046875,3.70904541015625,1.0
2-3-1,Run1,189010617493,3.288818359375,3.695602416992188,1.0
2-3-1,Run1,189010634148,3.2932586669921875,3.7592926025390634,1.0
2-3-1,Run1,189010650803,3.327987670898437,3.7255706787109375,1.0
2-3-1,Run1,189010667457,3.33917236328125,3.728668212890625,1.0
2-3-1,Run1,189010684112,3.34991455078125,3.734344482421875,1.0
2-3-1,Run1,189010700766,3.352935791015625,3.740264892578125,1.0
2-3-1,Run1,189010717420,3.3533477783203125,3.745040893554688,1.0
2-3-1,Run1,189010734075,3.35577392578125,3.759552001953125,1.0
2-3-1,Run1,189010750729,3.348617553710937,3.7576904296875,1.0
2-3-1,Run1,189010767383,3.47607421875,3.7524261474609375,1.0
2-3-1,Run1,189010784038,3.4658355712890625,3.7547760009765625,1.0
2-3-1,Run1,189010800692,3.4658355712890625,3.756759643554688,1.0
2-3-1,Run1,189010817346,3.3310012817382812,3.7503662109375,1.0
2-3-1,Run1,189010834001,3.1961669921875,3.751220703125,1.0
2-3-1,Run1,189010850657,3.30902099609375,3.7667083740234375,1.0
2-3-1,Run1,189010867310,3.3104705810546875,3.764068603515625,1.0
2-3-1,Run1,189010883965,3.317367553710937,3.7548980712890634,1.0
2-3-1,Run1,189010900620,3.44171142578125,3.731491088867188,1.0
2-3-1,Run1,189010917273,3.4428253173828125,3.722488403320313,1.0
2-3-1,Run1,189010933928,3.4428253173828125,3.7188873291015625,1.0
2-3-1,Run1,189010950583,3.2823028564453125,3.7178955078125,1.0
2-3-1,Run1,189010967236,3.1217803955078125,3.70166015625,1.0
2-3-1,Run1,189010983891,3.238311767578125,3.698577880859375,1.0
2-3-1,Run1,189011000546,3.243011474609375,3.7998046875,1.0
2-3-1,Run1,189011017200,3.2372589111328125,3.7793121337890634,1.0
2-3-1,Run1,189011033855,3.2276611328125,3.6898345947265625,1.0
2-3-1,Run1,189011050511,3.1908111572265625,3.700592041015625,1.0
2-3-1,Run1,189011067165,3.172698974609375,3.6887359619140634,1.0
2-3-1,Run1,189011083820,3.1702423095703125,3.691497802734375,1.0
2-3-1,Run1,189011100475,3.27471923828125,3.81072998046875,1.0
2-3-1,Run1,189011117130,3.320419311523437,3.72149658203125,1.0
2-3-1,Run1,189011133784,3.1802215576171875,3.6189117431640634,1.0
2-3-1,Run1,189011150439,3.0494537353515625,3.6547698974609375,1.0
2-3-1,Run1,189011167094,3.084894816080729,3.806716918945313,1.0
2-3-1,Run1,189011183748,3.120335896809896,3.7868092854817714,0.0
2-3-1,Run1,189011200403,3.1557769775390625,3.7669016520182295,0.0
2-3-1,Run1,189011217058,3.191218058268229,3.746994018554688,1.0
2-3-1,Run1,189011233712,3.226659138997396,3.746994018554688,1.0
2-3-1,Run1,189011250368,3.2621002197265625,3.778030395507813,1.0
2-3-1,Run1,189011267023,3.17803955078125,3.6922454833984375,1.0
2-3-1,Run1,189011283677,3.195068359375,3.66650390625,1.0
2-3-1,Run1,189011300332,3.205657958984375,3.720901489257813,1.0
2-3-1,Run1,189011316987,3.218246459960937,3.772903442382813,1.0
2-3-1,Run1,189011333641,3.2282257080078125,3.691497802734375,1.0
2-3-1,Run1,189011350296,3.2378082275390625,3.6960601806640634,1.0
2-3-1,Run1,189011366951,3.2558746337890625,3.711822509765625,1.0
2-3-1,Run1,189011383606,3.271820068359375,3.729705810546875,1.0
2-3-1,Run1,189011400260,3.2788848876953125,3.737030029296875,1.0
2-3-1,Run1,189011416915,3.295150756835937,3.751190185546875,1.0
2-3-1,Run1,189011433570,3.3021240234375,3.77294921875,1.0
2-3-1,Run1,189011450225,3.2947998046875,3.7823638916015625,1.0
2-3-1,Run1,189011466880,3.300506591796875,3.878128051757813,1.0
2-3-1,Run1,189011483535,3.3025665283203125,3.887939453125,1.0
2-3-1,Run1,189011500189,3.3004302978515625,3.887939453125,1.0
2-3-1,Run1,189011516844,3.293685913085937,3.8030776977539062,1.0
2-3-1,Run1,189011533499,3.282318115234375,3.718215942382813,1.0
2-3-1,Run1,189011550153,3.280502319335937,3.786697387695313,1.0
2-3-1,Run1,189011566808,3.374908447265625,3.872528076171875,1.0
2-3-1,Run1,189011583463,3.26068115234375,3.7416152954101562,1.0
2-3-1,Run1,189011600117,3.162460327148437,3.6107025146484375,1.0
2-3-1,Run1,189011616772,3.1742706298828125,3.6669769287109375,1.0
2-3-1,Run1,189011633427,3.153305053710937,3.649337768554688,1.0
2-3-1,Run1,189011650083,3.135284423828125,3.63861083984375,1.0
2-3-1,Run1,189011666737,3.139511108398437,3.627151489257813,1.0
2-3-1,Run1,189011683392,3.131591796875,3.6128082275390634,1.0
2-3-1,Run1,189011700047,3.10595703125,3.5894927978515625,1.0
2-3-1,Run1,189011716701,3.0877838134765625,3.571075439453125,1.0
2-3-1,Run1,189011733356,3.0719451904296875,3.560760498046875,1.0
2-3-1,Run1,189011750011,3.0506744384765625,3.564666748046875,1.0
2-3-1,Run1,189011766665,3.0531463623046875,3.56146240234375,1.0
2-3-1,Run1,189011783320,3.058822631835937,3.56634521484375,1.0
2-3-1,Run1,189011799975,3.05755615234375,3.5579071044921875,1.0
2-3-1,Run1,189011816629,2.9548797607421875,3.487030029296875,1.0
2-3-1,Run1,189011833284,2.951873779296875,3.5135955810546875,1.0
2-3-1,Run1,189011849939,3.0655975341796875,3.554412841796875,1.0
2-3-1,Run1,189011866594,3.0739288330078125,3.6191253662109375,1.0
2-3-1,Run1,189011883249,2.963836669921875,3.654169718424479,1.0
2-3-1,Run1,189011899904,2.952543258666992,3.689214070638021,0.0
2-3-1,Run1,189011916559,2.9412498474121094,3.7242584228515625,0.0
2-3-1,Run1,189011933213,2.9299564361572266,3.7593027750651045,0.0
2-3-1,Run1,189011949868,2.9186630249023438,3.794347127278646,0.0
2-3-1,Run1,189011966523,2.907369613647461,3.829391479492188,0.0
2-3-1,Run1,189011983177,2.896076202392578,3.8644358317057295,0.0
2-3-1,Run1,189011999832,2.8847827911376953,3.8994801839192714,0.0
2-3-1,Run1,189012016487,2.8734893798828125,3.934524536132813,1.0
2-3-1,Run1,189012033141,2.953216552734375,3.934524536132813,1.0
2-3-1,Run1,189012049796,3.1885223388671875,3.2582244873046875,1.0
2-3-1,Run1,189012066452,3.1942138671875,3.4133453369140625,1.0
2-3-1,Run1,189012083106,3.21820068359375,3.64495849609375,1.0
2-3-1,Run1,189012099761,3.241058349609375,3.671630859375,1.0
2-3-1,Run1,189012116416,3.217071533203125,3.678619384765625,1.0
2-3-1,Run1,189012133070,3.2155303955078125,3.70654296875,1.0
2-3-1,Run1,189012149725,3.2230682373046875,3.669143676757813,1.0
2-3-1,Run1,189012166380,3.24005126953125,3.669647216796875,1.0
2-3-1,Run1,189012183035,3.241790771484375,3.683746337890625,1.0
2-3-1,Run1,189012199689,3.25079345703125,3.701492309570313,1.0
2-3-1,Run1,189012216344,3.263458251953125,3.7110443115234375,1.0
2-3-1,Run1,189012232999,3.27130126953125,3.706863403320313,1.0
2-3-1,Run1,189012249653,3.273910522460937,3.6910400390625,1.0
2-3-1,Run1,189012266309,3.2752685546875,3.683151245117188,1.0
2-3-1,Run1,189012282964,3.2761383056640625,3.682769775390625,1.0
2-3-1,Run1,189012299618,3.269317626953125,3.707366943359375,1.0
2-3-1,Run1,189012316273,3.272125244140625,3.71197509765625,1.0
2-3-1,Run1,189012332928,3.2861328125,3.694976806640625,1.0
2-3-1,Run1,189012349582,3.27227783203125,3.700164794921875,1.0
2-3-1,Run1,189012366237,3.24566650390625,3.6921234130859375,1.0
2-3-1,Run1,189012382892,3.216156005859375,3.6790618896484375,1.0
2-3-1,Run1,189012399546,3.2065887451171875,3.623733520507813,1.0
2-3-1,Run1,189012416201,3.1046295166015625,3.511215209960937,1.0
2-3-1,Run1,189012432856,3.091400146484375,3.494694102894176,0.0
2-3-1,Run1,189012449511,3.0781707763671875,3.4781729958274146,0.0
2-3-1,Run1,189012466166,3.06494140625,3.461651888760653,0.0
2-3-1,Run1,189012482821,3.0517120361328125,3.4451307816938916,0.0
2-3-1,Run1,189012499476,3.038482666015625,3.4286096746271304,0.0
2-3-1,Run1,189012516130,3.0252532958984375,3.412088567560369,0.0
2-3-1,Run1,189012532785,3.01202392578125,3.395567460493608,0.0
2-3-1,Run1,189012549440,2.9987945556640625,3.3790463534268467,0.0
2-3-1,Run1,189012566094,2.985565185546875,3.362525246360085,0.0
2-3-1,Run1,189012582749,2.9723358154296875,3.3460041392933237,0.0
2-3-1,Run1,189012599404,2.9591064453125,3.3294830322265625,1.0
2-3-1,Run1,189012616058,3.0914764404296875,3.536117553710937,1.0
2-3-1,Run1,189012632713,3.0962066650390625,3.5712890625,1.0
2-3-1,Run1,189012649368,3.0810699462890625,3.5619049072265625,1.0
2-3-1,Run1,189012666023,3.0847930908203125,3.561386108398437,1.0
2-3-1,Run1,189012682678,3.08123779296875,3.5519561767578125,1.0
2-3-1,Run1,189012699333,3.077621459960937,3.5693511962890625,1.0
2-3-1,Run1,189012715988,3.10546875,3.53411865234375,1.0
2-3-1,Run1,189012732642,3.09954833984375,3.533187866210937,1.0
2-3-1,Run1,189012749297,3.08575439453125,3.55224609375,1.0
2-3-1,Run1,189012765952,3.0894927978515625,3.538330078125,1.0
2-3-1,Run1,189012782606,3.0885162353515625,3.5189361572265625,1.0
2-3-1,Run1,189012799261,3.09979248046875,3.523788452148437,1.0
2-3-1,Run1,189012815916,3.12615966796875,3.5359344482421875,1.0
2-3-1,Run1,189012832570,3.140609741210937,3.546600341796875,1.0
2-3-1,Run1,189012849225,3.1386871337890625,3.543807983398437,1.0
2-3-1,Run1,189012865881,3.2448272705078125,3.5494537353515625,1.0
2-3-1,Run1,189012882535,3.2701416015625,3.553924560546875,1.0
2-3-1,Run1,189012899190,3.155303955078125,3.631790161132813,1.0
2-3-1,Run1,189012915845,3.142074584960937,3.681320190429688,1.0
2-3-1,Run1,189012932499,3.15155029296875,3.58587646484375,1.0
2-3-1,Run1,189012949154,3.1543426513671875,3.57763671875,1.0
2-3-1,Run1,189012965809,3.1495819091796875,3.5775909423828125,1.0
2-3-1,Run1,189012982464,3.16717529296875,3.585723876953125,1.0
2-3-1,Run1,189012999118,3.173583984375,3.58587646484375,1.0
2-3-1,Run1,189013015773,3.1790924072265625,3.577362060546875,1.0
2-3-1,Run1,189013032428,3.2929840087890625,3.6599273681640634,1.0
2-3-1,Run1,189013049082,3.259750366210937,3.7021636962890634,1.0
2-3-1,Run1,189013065737,3.15045166015625,3.600814819335937,1.0
2-3-1,Run1,189013082393,3.14227294921875,3.5638885498046875,1.0
2-3-1,Run1,189013099047,3.2469482421875,3.608688354492188,1.0
2-3-1,Run1,189013115702,2.9876302083333335,3.6383122035435274,0.0
2-3-1,Run1,189013132357,2.7283121744791665,3.6679360525948663,0.0
2-3-1,Run1,189013149011,2.468994140625,3.6975599016462057,0.0
2-3-1,Run1,189013165666,2.209676106770833,3.7271837506975447,0.0
2-3-1,Run1,189013182321,1.9503580729166665,3.756807599748884,0.0
2-3-1,Run1,189013198975,1.6910400390625,3.786431448800223,1.0
2-3-1,Run1,189013215630,2.6459503173828125,3.8160552978515625,1.0
2-3-1,Run1,189013232285,3.084457397460937,3.8160552978515625,1.0
2-3-1,Run1,189013248940,3.14984130859375,3.817138671875,1.0
2-3-1,Run1,189013265594,3.1465301513671875,3.60369873046875,1.0
2-3-1,Run1,189013282250,3.1460113525390625,3.5736846923828125,1.0
2-3-1,Run1,189013298905,3.18292236328125,3.6191253662109375,1.0
2-3-1,Run1,189013315559,3.199188232421875,3.62109375,1.0
2-3-1,Run1,189013332214,3.1898193359375,3.65057373046875,1.0
2-3-1,Run1,189013348869,3.2054901123046875,3.656219482421875,1.0
2-3-1,Run1,189013365523,3.206756591796875,3.6719970703125,1.0
2-3-1,Run1,189013382178,3.1933135986328125,3.6529693603515625,1.0
2-3-1,Run1,189013398833,3.29541015625,3.718414306640625,1.0
2-3-1,Run1,189013415487,3.35797119140625,3.780929565429688,1.0
2-3-1,Run1,189013432142,3.237411499023437,3.6671142578125,1.0
2-3-1,Run1,189013448797,3.242431640625,3.6633148193359375,1.0
2-3-1,Run1,189013465451,3.372222900390625,3.772125244140625,1.0
2-3-1,Run1,189013482107,3.3716583251953125,3.798614501953125,1.0
2-3-1,Run1,189013498762,3.2239227294921875,3.6706390380859375,1.0
2-3-1,Run1,189013515417,3.2122802734375,3.6448822021484375,1.0
2-3-1,Run1,189013532071,3.344467163085937,3.7241363525390634,1.0
2-3-1,Run1,189013548726,3.290756225585937,3.7180023193359375,1.0
2-3-1,Run1,189013565381,3.1632537841796875,3.6351165771484375,1.0
2-3-1,Run1,189013582035,3.157379150390625,3.623947143554688,1.0
2-3-1,Run1,189013598690,3.165390014648437,3.6278228759765625,1.0
2-3-1,Run1,189013615345,3.1651153564453125,3.631317138671875,1.0
2-3-1,Run1,189013631999,3.1360321044921875,3.61260986328125,1.0
2-3-1,Run1,189013648654,3.1255645751953125,3.60833740234375,1.0
2-3-1,Run1,189013665309,3.1118927001953125,3.600738525390625,1.0
2-3-1,Run1,189013681964,3.0994415283203125,3.5977935791015625,1.0
2-3-1,Run1,189013698619,3.107208251953125,3.591583251953125,1.0
2-3-1,Run1,189013715274,3.10418701171875,3.579376220703125,1.0
2-3-1,Run1,189013731928,3.1103057861328125,3.5704498291015625,1.0
2-3-1,Run1,189013748583,3.1007843017578125,3.5665435791015625,1.0
2-3-1,Run1,189013765238,3.0797576904296875,3.553802490234375,1.0
2-3-1,Run1,189013781893,3.0944061279296875,3.5648651123046875,1.0
2-3-1,Run1,189013798547,3.2291717529296875,3.662750244140625,1.0
2-3-1,Run1,189013815202,3.1994781494140625,3.620407104492188,1.0
2-3-1,Run1,189013831857,3.083404541015625,3.5388641357421875,1.0
2-3-1,Run1,189013848511,3.084197998046875,3.546539306640625,1.0
2-3-1,Run1,189013865166,3.07666015625,3.553314208984375,1.0
2-3-1,Run1,189013881822,3.0789337158203125,3.558013916015625,1.0
2-3-1,Run1,189013898476,3.09051513671875,3.560531616210937,1.0
2-3-1,Run1,189013915131,3.0800018310546875,3.559112548828125,1.0
2-3-1,Run1,189013931786,3.070831298828125,3.5424346923828125,1.0
2-3-1,Run1,189013948440,3.077987670898437,3.51849365234375,1.0
2-3-1,Run1,189013965095,3.0788116455078125,3.5216522216796875,1.0
2-3-1,Run1,189013981750,2.9862518310546875,3.481185913085937,1.0
2-3-1,Run1,189013998404,2.9809722900390625,3.308437347412109,0.0
2-3-1,Run1,189014015059,2.9756927490234375,3.135688781738281,0.0
2-3-1,Run1,189014031714,2.9704132080078125,2.962940216064453,0.0
2-3-1,Run1,189014048369,2.9651336669921875,2.790191650390625,0.0
2-3-1,Run1,189014065023,2.9598541259765625,2.617443084716797,0.0
2-3-1,Run1,189014081678,2.9545745849609375,2.4446945190429688,0.0
2-3-1,Run1,189014098334,2.9492950439453125,2.2719459533691406,0.0
2-3-1,Run1,189014114988,2.9440155029296875,2.0991973876953125,1.0
2-3-1,Run1,189014131643,2.9387359619140625,2.0991973876953125,1.0
2-3-1,Run1,189014148298,2.9334564208984375,3.197738647460937,1.0
2-3-1,Run1,189014164952,2.9281768798828125,3.2663726806640625,1.0
2-3-1,Run1,189014181607,3.067108154296875,3.504364013671875,1.0
2-3-1,Run1,189014198262,3.106903076171875,3.560760498046875,1.0
2-3-1,Run1,189014214916,3.110260009765625,3.5528106689453125,1.0
2-3-1,Run1,189014231571,3.0957489013671875,3.5815887451171875,1.0
2-3-1,Run1,189014248226,3.094573974609375,3.5495758056640625,1.0
2-3-1,Run1,189014264880,3.1027374267578125,3.547393798828125,1.0
2-3-1,Run1,189014281535,3.1296844482421875,3.5382537841796875,1.0
2-3-1,Run1,189014298191,3.1610870361328125,3.5485992431640625,1.0
2-3-1,Run1,189014314846,3.141754150390625,3.563262939453125,1.0
2-3-1,Run1,189014331500,3.2383575439453125,3.655792236328125,1.0
2-3-1,Run1,189014348155,3.26409912109375,3.649978637695313,1.0
2-3-1,Run1,189014364810,3.26409912109375,3.649978637695313,1.0
2-3-1,Run1,189014381464,3.1656417846679688,3.5804367065429688,0.0
2-3-1,Run1,189014398119,3.0671844482421875,3.510894775390625,1.0
2-3-1,Run1,189014414774,3.186553955078125,3.5746612548828125,1.0
2-3-1,Run1,189014431428,3.198516845703125,3.5814361572265625,1.0
2-3-1,Run1,189014448083,3.2001495361328125,3.571929931640625,1.0
2-3-1,Run1,189014464738,3.1916656494140625,3.5601806640625,1.0
2-3-1,Run1,189014481392,3.17584228515625,3.552734375,1.0
2-3-1,Run1,189014498048,3.153076171875,3.563629150390625,1.0
2-3-1,Run1,189014514703,3.1416473388671875,3.582015991210937,1.0
2-3-1,Run1,189014531357,3.13604736328125,3.577972412109375,1.0
2-3-1,Run1,189014548012,3.12506103515625,3.568634033203125,1.0
2-3-1,Run1,189014564667,3.241058349609375,3.653076171875,1.0
2-3-1,Run1,189014581322,3.2108917236328125,3.6122894287109375,1.0
2-3-1,Run1,189014597976,3.0920562744140625,3.515472412109375,1.0
2-3-1,Run1,189014614631,3.091339111328125,3.521224975585937,1.0
2-3-1,Run1,189014631286,3.211654663085937,3.625656127929688,1.0
2-3-1,Run1,189014647940,3.1725616455078125,3.5801544189453125,1.0
2-3-1,Run1,189014664595,3.1725616455078125,3.006256103515625,1.0
2-3-1,Run1,189014681250,3.1552696228027344,2.4317169189453125,1.0
2-3-1,Run1,189014697905,3.1379776000976562,2.5673477172851564,0.0
2-3-1,Run1,189014714560,3.120685577392578,2.702978515625,0.0
2-3-1,Run1,189014731215,3.1033935546875,2.838609313964844,0.0
2-3-1,Run1,189014747869,3.086101531982422,2.9742401123046873,0.0
2-3-1,Run1,189014764524,3.0688095092773438,3.1098709106445312,0.0
2-3-1,Run1,189014781179,3.0515174865722656,3.245501708984375,0.0
2-3-1,Run1,189014797833,3.0342254638671875,3.381132507324219,0.0
2-3-1,Run1,189014814488,3.0169334411621094,3.5167633056640626,0.0
2-3-1,Run1,189014831143,2.9996414184570312,3.652394104003906,0.0
2-3-1,Run1,189014847798,2.982349395751953,3.78802490234375,1.0
2-3-1,Run1,189014864452,2.965057373046875,3.55706787109375,1.0
2-3-1,Run1,189014881107,3.046417236328125,3.3826904296875,1.0
2-3-1,Run1,189014897763,3.0381011962890625,3.42669677734375,1.0
2-3-1,Run1,189014914417,3.0562896728515625,3.5175323486328125,1.0
2-3-1,Run1,189014931072,3.060455322265625,3.5160369873046875,1.0
2-3-1,Run1,189014947727,3.0709381103515625,3.5041961669921875,1.0
2-3-1,Run1,189014964381,3.08013916015625,3.5167236328125,1.0
2-3-1,Run1,189014981036,3.0662994384765625,3.5238037109375,1.0
2-3-1,Run1,189014997691,3.0589752197265625,3.51422119140625,1.0
2-3-1,Run1,189015014345,3.071395874023437,3.512069702148437,1.0
2-3-1,Run1,189015031000,3.085418701171875,3.5209503173828125,1.0
2-3-1,Run1,189015047655,3.0957794189453125,3.53485107421875,1.0
2-3-1,Run1,189015064309,3.09442138671875,3.548080444335937,1.0
2-3-1,Run1,189015080964,3.104354858398437,3.555419921875,1.0
2-3-1,Run1,189015097620,3.113998413085937,3.641876220703125,1.0
2-3-1,Run1,189015114275,3.175079345703125,3.7116851806640634,1.0
2-3-1,Run1,189015130929,3.173553466796875,3.561920166015625,1.0
2-3-1,Run1,189015147584,3.1143341064453125,3.52423095703125,1.0
2-3-1,Run1,189015164239,3.09478759765625,3.5360870361328125,1.0
2-3-1,Run1,189015180893,3.0910186767578125,3.5451202392578125,1.0
2-3-1,Run1,189015197548,3.0930938720703125,3.5306396484375,1.0
2-3-1,Run1,189015214203,3.0713653564453125,3.51873779296875,1.0
2-3-1,Run1,189015230857,3.175277709960937,3.5204010009765625,1.0
2-3-1,Run1,189015247512,3.2045440673828125,3.5267333984375,1.0
2-3-1,Run1,189015264167,3.080169677734375,3.5207061767578125,1.0
2-3-1,Run1,189015280821,3.061386108398437,3.509307861328125,1.0
2-3-1,Run1,189015297476,3.050750732421875,3.507354736328125,1.0
2-3-1,Run1,189015314132,3.07220458984375,3.500091552734375,1.0
2-3-1,Run1,189015330786,3.0560760498046875,3.50146484375,1.0
2-3-1,Run1,189015347441,3.0395660400390625,3.5016632080078125,1.0
2-3-1,Run1,189015364096,3.035858154296875,3.476058959960937,1.0
2-3-1,Run1,189015380751,3.032684326171875,3.4710235595703125,1.0
2-3-1,Run1,189015397405,3.034820556640625,3.4524688720703125,1.0
2-3-1,Run1,189015414060,3.05584716796875,3.4568634033203125,1.0
2-3-1,Run1,189015430715,3.062255859375,3.469833374023437,1.0
2-3-1,Run1,189015447369,3.0185699462890625,3.459701538085937,1.0
2-3-1,Run1,189015464024,2.9824676513671875,3.467620849609375,1.0
2-3-1,Run1,189015480679,2.993072509765625,3.47564697265625,1.0
2-3-1,Run1,189015497333,2.995223999023437,3.45123291015625,1.0
2-3-1,Run1,189015513989,2.9800567626953125,3.449798583984375,1.0
2-3-1,Run1,189015530644,2.9824676513671875,3.442535400390625,1.0
2-3-1,Run1,189015547298,2.980819702148437,3.42401123046875,1.0
2-3-1,Run1,189015563953,3.105133056640625,3.434967041015625,1.0
2-3-1,Run1,189015580608,3.134872436523437,3.455429077148437,1.0
2-3-1,Run1,189015597262,2.98175048828125,3.463104248046875,1.0
2-3-1,Run1,189015613917,2.977767944335937,3.4495391845703125,1.0
2-3-1,Run1,189015630572,2.9655914306640625,3.4459991455078125,1.0
2-3-1,Run1,189015647227,2.96270751953125,3.4414215087890625,1.0
2-3-1,Run1,189015663881,2.9733428955078125,3.442123413085937,1.0
2-3-1,Run1,189015680536,2.9550933837890625,3.4568023681640625,1.0
2-3-1,Run1,189015697191,2.962890625,3.456390380859375,1.0
2-3-1,Run1,189015713846,2.9803009033203125,3.461654663085937,1.0
2-3-1,Run1,189015730501,2.984848022460937,3.44573974609375,1.0
2-3-1,Run1,189015747156,3.014984130859375,3.439971923828125,1.0
2-3-1,Run1,189015763810,3.01904296875,3.4547576904296875,1.0
2-3-1,Run1,189015780465,2.998870849609375,3.448333740234375,1.0
2-3-1,Run1,189015797120,3.0113525390625,3.458587646484375,1.0
2-3-1,Run1,189015813774,2.9879150390625,3.462493896484375,1.0
2-3-1,Run1,189015830429,2.990386962890625,3.4539794921875,1.0
2-3-1,Run1,189015847084,2.9988250732421875,3.46063232421875,1.0
2-3-1,Run1,189015863738,2.98809814453125,3.453460693359375,1.0
2-3-1,Run1,189015880393,2.996124267578125,3.46929931640625,1.0
2-3-1,Run1,189015897048,2.998153686523437,3.487777709960937,1.0
2-3-1,Run1,189015913704,3.0160064697265625,3.494247436523437,1.0
2-3-1,Run1,189015930358,3.035003662109375,3.4827117919921875,1.0
2-3-1,Run1,189015947013,3.030517578125,3.473968505859375,1.0
2-3-1,Run1,189015963668,3.0336456298828125,3.47564697265625,1.0
2-3-1,Run1,189015980322,3.0656890869140625,3.47601318359375,1.0
2-3-1,Run1,189015996977,3.049346923828125,3.498260498046875,1.0
2-3-1,Run1,189016013632,3.0155792236328125,3.4739990234375,1.0
2-3-1,Run1,189016030286,3.0247039794921875,3.4727935791015625,1.0
2-3-1,Run1,189016046941,3.0197296142578125,3.481674194335937,1.0
2-3-1,Run1,189016063596,3.0214080810546875,3.483734130859375,1.0
2-3-1,Run1,189016080250,3.044708251953125,3.5066375732421875,1.0
2-3-1,Run1,189016096905,3.18359375,3.623565673828125,1.0
2-3-1,Run1,189016113561,3.168563842773437,3.5873260498046875,1.0
2-3-1,Run1,189016130215,3.168563842773437,3.5873260498046875,1.0
2-3-1,Run1,189016146870,3.0610885620117188,3.513092041015625,0.0
2-3-1,Run1,189016163525,2.95361328125,3.4388580322265625,1.0
2-3-1,Run1,189016180180,3.072479248046875,3.5223541259765625,1.0
2-3-1,Run1,189016196834,3.0939483642578125,3.5372772216796875,1.0
2-3-1,Run1,189016213489,3.097442626953125,3.537506103515625,1.0
2-3-1,Run1,189016230144,3.084823608398437,3.5395660400390625,1.0
2-3-1,Run1,189016246798,3.059478759765625,3.531524658203125,1.0
2-3-1,Run1,189016263453,3.082000732421875,3.530059814453125,1.0
2-3-1,Run1,189016280108,3.1217803955078125,3.52874755859375,1.0
2-3-1,Run1,189016296762,3.108551025390625,3.54156494140625,1.0
2-3-1,Run1,189016313418,3.1126251220703125,3.5512847900390625,1.0
2-3-1,Run1,189016330073,3.136093139648437,3.550262451171875,1.0
2-3-1,Run1,189016346727,3.033477783203125,3.376007080078125,1.0
2-3-1,Run1,189016363382,3.038144198330966,3.098541259765625,1.0
2-3-1,Run1,189016380037,3.0428106134588067,3.066925048828125,0.0
2-3-1,Run1,189016396691,3.047477028586648,3.035308837890625,0.0
2-3-1,Run1,189016413346,3.0521434437144888,3.003692626953125,0.0
2-3-1,Run1,189016430001,3.0568098588423296,2.972076416015625,0.0
2-3-1,Run1,189016446656,3.0614762739701704,2.940460205078125,0.0
2-3-1,Run1,189016463310,3.0661426890980112,2.908843994140625,0.0
2-3-1,Run1,189016479965,3.070809104225852,2.877227783203125,1.0
2-3-1,Run1,189016496620,3.0754755193536933,2.877227783203125,1.0
2-3-1,Run1,189016513275,3.080141934481534,3.1745376586914062,0.0
2-3-1,Run1,189016529931,3.084808349609375,3.4718475341796875,1.0
2-3-1,Run1,189016546586,3.184295654296875,3.59197998046875,1.0
2-3-1,Run1,189016563240,3.193328857421875,3.6172943115234375,1.0
2-3-1,Run1,189016579895,3.24005126953125,3.6034088134765625,1.0
2-3-1,Run1,189016596550,3.246688842773437,3.612884521484375,1.0
2-3-1,Run1,189016613204,3.267196655273437,3.62054443359375,1.0
2-3-1,Run1,189016629859,3.2805938720703125,3.66119384765625,1.0
2-3-1,Run1,189016646514,3.2662811279296875,3.6763763427734375,1.0
2-3-1,Run1,189016663168,3.4070587158203125,3.777435302734375,1.0
2-3-1,Run1,189016679823,3.440887451171875,3.7681884765625,1.0
2-3-1,Run1,189016696478,3.440887451171875,3.7681884765625,1.0
2-3-1,Run1,189016713133,3.3208084106445312,3.7061767578125,0.0
2-3-1,Run1,189016729788,3.2007293701171875,3.6441650390625,1.0
2-3-1,Run1,189016746443,3.313507080078125,3.703826904296875,1.0
2-3-1,Run1,189016763098,3.326995849609375,3.704864501953125,1.0
2-3-1,Run1,189016779752,3.3356170654296875,3.710983276367188,1.0
2-3-1,Run1,189016796407,3.319671630859375,3.723419189453125,1.0
2-3-1,Run1,189016813062,3.312164306640625,3.732635498046875,1.0
2-3-1,Run1,189016829716,3.3103179931640625,3.742507934570313,1.0
2-3-1,Run1,189016846371,3.295013427734375,3.738525390625,1.0
2-3-1,Run1,189016863026,3.4189605712890625,3.8217926025390634,1.0
2-3-1,Run1,189016879680,3.4045562744140625,3.807540893554688,1.0
2-3-1,Run1,189016896335,3.274765014648437,3.7174072265625,1.0
2-3-1,Run1,189016912991,3.274139404296875,3.707595825195313,1.0
2-3-1,Run1,189016929645,3.40362548828125,3.78436279296875,1.0
2-3-1,Run1,189016946300,3.4272918701171875,3.779006958007813,1.0
2-3-1,Run1,189016962955,3.2651824951171875,3.684646606445313,1.0
2-3-1,Run1,189016979611,3.23284912109375,3.686981201171875,1.0
2-3-1,Run1,189016996265,3.221099853515625,3.688507080078125,1.0
2-3-1,Run1,189017012920,3.223052978515625,3.6636962890625,1.0
2-3-1,Run1,189017029575,3.35870361328125,3.72637939453125,1.0
2-3-1,Run1,189017046229,3.318710327148437,3.7353668212890634,1.0
2-3-1,Run1,189017062884,3.1859130859375,3.64044189453125,1.0
2-3-1,Run1,189017079539,3.180694580078125,3.634979248046875,1.0
2-3-1,Run1,189017096193,3.170639038085937,3.6268463134765625,1.0
2-3-1,Run1,189017112848,3.175689697265625,3.636795043945313,1.0
2-3-1,Run1,189017129504,3.1642303466796875,3.6376800537109375,1.0
2-3-1,Run1,189017146158,3.1591796875,3.60302734375,1.0
2-3-1,Run1,189017162813,3.313079833984375,3.663894653320313,1.0
2-3-1,Run1,189017179468,3.2716827392578125,3.681350708007813,1.0
2-3-1,Run1,189017196122,3.134033203125,3.5935211181640625,1.0
2-3-1,Run1,189017212777,3.1430206298828125,3.5855865478515625,1.0
2-3-1,Run1,189017229432,3.2838897705078125,3.6625823974609375,1.0
2-3-1,Run1,189017246087,3.250961303710937,3.728469848632813,1.0
2-3-1,Run1,189017262741,3.1024322509765625,3.589584350585937,1.0
2-3-1,Run1,189017279396,3.094970703125,3.5504608154296875,1.0
2-3-1,Run1,189017296051,3.113189697265625,3.5504608154296875,1.0
2-3-1,Run1,189017312706,3.122299194335937,3.537506103515625,1.0
2-3-1,Run1,189017329361,3.1086883544921875,3.492889404296875,1.0
2-3-1,Run1,189017346016,2.9896392822265625,3.409408569335937,1.0
2-3-1,Run1,189017362670,2.9749679565429688,3.360455599698153,0.0
2-3-1,Run1,189017379325,2.960296630859375,3.311502630060369,0.0
2-3-1,Run1,189017395980,2.9456253051757812,3.262549660422585,0.0
2-3-1,Run1,189017412634,2.9309539794921875,3.213596690784801,0.0
2-3-1,Run1,189017429290,2.9162826538085938,3.1646437211470166,0.0
2-3-1,Run1,189017445945,2.901611328125,3.115690751509233,0.0
2-3-1,Run1,189017462599,2.8869400024414062,3.0667377818714487,0.0
2-3-1,Run1,189017479254,2.8722686767578125,3.0177848122336646,1.0
2-3-1,Run1,189017495909,2.8722686767578125,2.9688318425958804,1.0
2-3-1,Run1,189017512564,2.818328857421875,2.9198788729580967,1.0
2-3-1,Run1,189017529218,2.9088134765625,2.8709259033203125,1.0
2-3-1,Run1,189017545874,3.115447998046875,3.2555084228515625,1.0
2-3-1,Run1,189017562529,3.133041381835937,3.503402709960937,1.0
2-3-1,Run1,189017579183,3.1334686279296875,3.503326416015625,1.0
2-3-1,Run1,189017595838,3.1427764892578125,3.556884765625,1.0
2-3-1,Run1,189017612493,3.16497802734375,3.557464599609375,1.0
2-3-1,Run1,189017629147,3.160995483398437,3.5734100341796875,1.0
2-3-1,Run1,189017645802,3.156585693359375,3.581527709960937,1.0
2-3-1,Run1,189017662457,3.2918701171875,3.6782379150390634,1.0
2-3-1,Run1,189017679111,3.308624267578125,3.68829345703125,1.0
2-3-1,Run1,189017695766,3.174667358398437,3.602981567382813,1.0
2-3-1,Run1,189017712421,3.17303466796875,3.6139984130859375,1.0
2-3-1,Run1,189017729076,3.164459228515625,3.607330322265625,1.0
2-3-1,Run1,189017745731,3.153671264648437,3.597396850585937,1.0
2-3-1,Run1,189017762386,3.164154052734375,3.590423583984375,1.0
2-3-1,Run1,189017779041,3.211273193359375,3.578826904296875,1.0
2-3-1,Run1,189017795695,3.381332397460937,3.659225463867188,1.0
2-3-1,Run1,189017812350,3.254974365234375,3.6618804931640634,1.0
2-3-1,Run1,189017829005,3.254974365234375,3.6618804931640634,1.0
2-3-1,Run1,189017845659,3.1303176879882812,3.585227966308594,0.0
2-3-1,Run1,189017862314,3.0056610107421875,3.508575439453125,1.0
2-3-1,Run1,189017878970,3.120941162109375,3.5735015869140625,1.0
2-3-1,Run1,189017895624,3.247833251953125,3.666748046875,1.0
2-3-1,Run1,189017912279,3.306640625,3.634368896484375,1.0
2-3-1,Run1,189017928934,3.129623413085937,3.543670654296875,1.0
2-3-1,Run1,189017945589,3.11492919921875,3.5478668212890625,1.0
2-3-1,Run1,189017962244,3.106597900390625,3.5166778564453125,1.0
2-3-1,Run1,189017978899,3.0660552978515625,3.5022125244140625,1.0
2-3-1,Run1,189017995553,3.061004638671875,3.5056304931640625,1.0
2-3-1,Run1,189018012208,3.0579986572265625,3.4996337890625,1.0
2-3-1,Run1,189018028863,3.1891632080078125,3.5953369140625,1.0
2-3-1,Run1,189018045518,3.150985717773437,3.6004791259765625,1.0
2-3-1,Run1,189018062172,3.02410888671875,3.491058349609375,1.0
2-3-1,Run1,189018078827,3.034408569335937,3.4704132080078125,1.0
2-3-1,Run1,189018095482,3.02471923828125,3.466705322265625,1.0
2-3-1,Run1,189018112136,3.03118896484375,3.46484375,1.0
2-3-1,Run1,189018128791,3.0233612060546875,3.4731903076171875,1.0
2-3-1,Run1,189018145447,3.03253173828125,3.48779296875,1.0
2-3-1,Run1,189018162101,3.2164459228515625,3.5827789306640625,1.0
2-3-1,Run1,189018178756,3.1538238525390625,3.552841186523437,1.0
2-3-1,Run1,189018195411,3.0071258544921875,3.468353271484375,1.0
2-3-1,Run1,189018212065,3.032196044921875,3.4734649658203125,1.0
2-3-1,Run1,189018228720,3.0403594970703125,3.469589233398437,1.0
2-3-1,Run1,189018245375,3.037353515625,3.4829864501953125,1.0
2-3-1,Run1,189018262030,3.205795288085937,3.4939727783203125,1.0
2-3-1,Run1,189018278685,3.200347900390625,3.4824676513671875,1.0
2-3-1,Run1,189018295340,3.053466796875,3.48553466796875,1.0
2-3-1,Run1,189018311995,3.05767822265625,3.48199462890625,1.0
2-3-1,Run1,189018328649,3.073333740234375,3.4823760986328125,1.0
2-3-1,Run1,189018345305,3.089599609375,3.5061798095703125,1.0
2-3-1,Run1,189018361960,3.112533569335937,3.504623413085937,1.0
2-3-1,Run1,189018378614,3.1026611328125,3.4976348876953125,1.0
2-3-1,Run1,189018395269,3.0902099609375,3.5153350830078125,1.0
2-3-1,Run1,189018411924,3.1018218994140625,3.528533935546875,1.0
2-3-1,Run1,189018428578,3.2465972900390625,3.63116455078125,1.0
2-3-1,Run1,189018445233,3.2260284423828125,3.6932373046875,1.0
2-3-1,Run1,189018461888,3.10491943359375,3.5721893310546875,1.0
2-3-1,Run1,189018478542,3.1078033447265625,3.5664825439453125,1.0
2-3-1,Run1,189018495197,3.235260009765625,3.68084716796875,1.0
2-3-1,Run1,189018511852,3.2986602783203125,3.654296875,1.0
2-3-1,Run1,189018528506,3.1462554931640625,3.577117919921875,1.0
2-3-1,Run1,189018545162,3.175201416015625,3.580291748046875,1.0
2-3-1,Run1,189018561817,3.194442749023437,3.582672119140625,1.0
2-3-1,Run1,189018578472,3.168853759765625,3.584213256835937,1.0
2-3-1,Run1,189018595126,3.3038330078125,3.664382934570313,1.0
2-3-1,Run1,189018611781,3.2926788330078125,3.6580657958984375,1.0
2-3-1,Run1,189018628436,3.173126220703125,3.5923614501953125,1.0
2-3-1,Run1,189018645091,3.1955108642578125,3.606033325195313,1.0
2-3-1,Run1,189018661746,3.207977294921875,3.617965698242188,1.0
2-3-1,Run1,189018678401,3.2058258056640625,3.6259613037109375,1.0
2-3-1,Run1,189018695055,3.2200164794921875,3.6390380859375,1.0
2-3-1,Run1,189018711710,3.22735595703125,3.6532135009765625,1.0
2-3-1,Run1,189018728365,3.232452392578125,3.661209106445313,1.0
2-3-1,Run1,189018745019,3.239486694335937,3.686325073242188,1.0
2-3-1,Run1,189018761674,3.2711639404296875,3.698898315429688,1.0
2-3-1,Run1,189018778329,3.27935791015625,3.707550048828125,1.0
2-3-1,Run1,189018794984,3.290512084960937,3.709426879882813,1.0
2-3-1,Run1,189018811639,3.3076629638671875,3.703826904296875,1.0
2-3-1,Run1,189018828294,3.3038482666015625,3.728179931640625,1.0
2-3-1,Run1,189018844949,3.3189697265625,3.73773193359375,1.0
2-3-1,Run1,189018861603,3.338287353515625,3.7454986572265625,1.0
2-3-1,Run1,189018878258,3.3502197265625,3.7525787353515625,1.0
2-3-1,Run1,189018894913,3.48492431640625,3.8502349853515625,1.0
2-3-1,Run1,189018911567,3.522918701171875,3.8836669921875,1.0
2-3-1,Run1,189018928222,3.522918701171875,3.8836669921875,1.0
2-3-1,Run1,189018944877,3.4785728454589844,3.8578834533691406,0.0
2-3-1,Run1,189018961532,3.4342269897460938,3.8320999145507817,0.0
2-3-1,Run1,189018978187,3.389881134033203,3.8063163757324228,0.0
2-3-1,Run1,189018994842,3.3455352783203125,3.7805328369140634,1.0
2-3-1,Run1,189019011496,3.446044921875,3.83905029296875,1.0
2-3-1,Run1,189019028152,3.5637664794921875,3.919097900390625,1.0
2-3-1,Run1,189019044807,3.579681396484375,3.930221557617188,1.0
2-3-1,Run1,189019061461,3.468368530273437,3.8590087890625,1.0
2-3-1,Run1,189019078116,3.4697723388671875,3.8604888916015625,1.0
2-3-1,Run1,189019094771,3.5810546875,3.935302734375,1.0
2-3-1,Run1,189019111426,3.594573974609375,3.981399536132813,1.0
2-3-1,Run1,189019128080,3.594573974609375,3.981399536132813,1.0
2-3-1,Run1,189019144735,3.4856414794921875,3.9797058105468754,0.0
2-3-1,Run1,189019161390,3.376708984375,3.9780120849609375,1.0
2-3-1,Run1,189019178044,3.462615966796875,3.976318359375,1.0
2-3-1,Run1,189019194699,3.559417724609375,3.976318359375,1.0
2-3-1,Run1,189019211355,3.5787811279296875,3.950836181640625,1.0
2-3-1,Run1,189019228009,3.460662841796875,3.864654541015625,1.0
2-3-1,Run1,189019244664,3.4433135986328125,3.86383056640625,1.0
2-3-1,Run1,189019261319,3.419769287109375,3.857696533203125,1.0
2-3-1,Run1,189019277973,3.4140625,3.852859497070313,1.0
2-3-1,Run1,189019294628,3.533966064453125,3.85614013671875,1.0
2-3-1,Run1,189019311283,3.542877197265625,3.8531494140625,1.0
2-3-1,Run1,189019327937,3.41131591796875,3.851394653320313,1.0
2-3-1,Run1,189019344592,3.4172515869140625,3.8438720703125,1.0
2-3-1,Run1,189019361248,3.558868408203125,3.91455078125,1.0
2-3-1,Run1,189019377903,3.5009918212890625,3.930145263671875,1.0
2-3-1,Run1,189019394557,3.3726348876953125,3.843719482421875,1.0
2-3-1,Run1,189019411213,3.387664794921875,3.831573486328125,1.0
2-3-1,Run1,189019427868,3.5346221923828125,3.8206939697265625,1.0
2-3-1,Run1,189019444522,3.508209228515625,3.8111724853515625,1.0
2-3-1,Run1,189019461177,3.3726348876953125,3.798416137695313,1.0
2-3-1,Run1,189019477832,3.353729248046875,3.80389404296875,1.0
2-3-1,Run1,189019494486,3.4633026123046875,3.8924560546875,1.0
2-3-1,Run1,189019511141,3.45849609375,3.869476318359375,1.0
2-3-1,Run1,189019527796,3.33294677734375,3.7731781005859375,1.0
2-3-1,Run1,189019544450,3.341293334960937,3.7639312744140634,1.0
2-3-1,Run1,189019561105,3.353866577148437,3.770050048828125,1.0
2-3-1,Run1,189019577760,3.32830810546875,3.7745513916015625,1.0
2-3-1,Run1,189019594415,3.31475830078125,3.748458862304688,1.0
2-3-1,Run1,189019611070,3.30950927734375,3.746261596679688,1.0
2-3-1,Run1,189019627725,3.4135284423828125,3.8512115478515625,1.0
2-3-1,Run1,189019644380,3.4104156494140625,3.824951171875,1.0
2-3-1,Run1,189019661034,3.2812652587890625,3.7255706787109375,1.0
2-3-1,Run1,189019677689,3.268096923828125,3.716522216796875,1.0
2-3-1,Run1,189019694344,3.2590789794921875,3.723602294921875,1.0
2-3-1,Run1,189019710998,3.271347045898437,3.7170257568359375,1.0
2-3-1,Run1,189019727653,3.296783447265625,3.713211059570313,1.0
2-3-1,Run1,189019744308,3.2786102294921875,3.7058258056640634,1.0
2-3-1,Run1,189019760963,3.2480926513671875,3.70794677734375,1.0
2-3-1,Run1,189019777618,3.262191772460937,3.72265625,1.0
2-3-1,Run1,189019794273,3.3995513916015625,3.807525634765625,1.0
2-3-1,Run1,189019810928,3.42816162109375,3.8198394775390634,1.0
2-3-1,Run1,189019827583,3.42816162109375,3.8198394775390634,1.0
2-3-1,Run1,189019844238,3.4114201863606772,3.829900568181819,0.0
2-3-1,Run1,189019860892,3.394678751627604,3.8399616588245746,0.0
2-3-1,Run1,189019877547,3.3779373168945312,3.85002274946733,0.0
2-3-1,Run1,189019894202,3.3611958821614585,3.860083840110086,0.0
2-3-1,Run1,189019910857,3.3444544474283853,3.8701449307528413,0.0
2-3-1,Run1,189019927511,3.3277130126953125,3.880206021395597,0.0
2-3-1,Run1,189019944166,3.3109715779622397,3.8902671120383525,0.0
2-3-1,Run1,189019960821,3.2942301432291665,3.9003282026811084,0.0
2-3-1,Run1,189019977476,3.2774887084960938,3.9103892933238638,0.0
2-3-1,Run1,189019994131,3.260747273763021,3.9204503839666196,0.0
2-3-1,Run1,189020010786,3.2440058390299478,3.930511474609375,1.0
2-3-1,Run1,189020027440,3.227264404296875,3.679367065429688,1.0
2-3-1,Run1,189020044095,3.330169677734375,3.648040771484375,1.0
2-3-1,Run1,189020060750,3.335784912109375,3.715530395507813,1.0
2-3-1,Run1,189020077404,3.3627471923828125,3.718719482421875,1.0
2-3-1,Run1,189020094059,3.366683959960937,3.75299072265625,1.0
2-3-1,Run1,189020110714,3.356185913085937,3.763595581054688,1.0
2-3-1,Run1,189020127368,3.343017578125,3.7757720947265625,1.0
2-3-1,Run1,189020144023,3.334228515625,3.7564697265625,1.0
2-3-1,Run1,189020160678,3.4459991455078125,3.829635620117188,1.0
2-3-1,Run1,189020177334,3.459197998046875,3.858688354492188,1.0
2-3-1,Run1,189020193988,3.345001220703125,3.763916015625,1.0
2-3-1,Run1,189020210643,3.362167358398437,3.75775146484375,1.0
2-3-1,Run1,189020227299,3.496200561523437,3.8441009521484375,1.0
2-3-1,Run1,189020243953,3.511199951171875,3.881378173828125,1.0
2-3-1,Run1,189020260608,3.3604888916015625,3.75445556640625,1.0
2-3-1,Run1,189020277263,3.313461303710937,3.731964111328125,1.0
2-3-1,Run1,189020293917,3.2888336181640625,3.7298431396484375,1.0
2-3-1,Run1,189020310572,3.279815673828125,3.721633911132813,1.0
2-3-1,Run1,189020327227,3.274642944335937,3.699737548828125,1.0
2-3-1,Run1,189020343881,3.2561798095703125,3.676666259765625,1.0
2-3-1,Run1,189020360536,3.354232788085937,3.669952392578125,1.0
2-3-1,Run1,189020377192,3.391265869140625,3.6708984375,1.0
2-3-1,Run1,189020393846,3.2509918212890625,3.659881591796875,1.0
2-3-1,Run1,189020410501,3.252182006835937,3.654571533203125,1.0
2-3-1,Run1,189020427156,3.2178955078125,3.6282806396484375,1.0
2-3-1,Run1,189020443811,3.1785430908203125,3.6175689697265625,1.0
2-3-1,Run1,189020460465,3.307403564453125,3.7021331787109375,1.0
2-3-1,Run1,189020477120,3.313934326171875,3.6727447509765625,1.0
2-3-1,Run1,189020493775,3.1728515625,3.585418701171875,1.0
2-3-1,Run1,189020510429,3.1420440673828125,3.5912628173828125,1.0
2-3-1,Run1,189020527084,3.103851318359375,3.59326171875,1.0
2-3-1,Run1,189020543739,3.1066436767578125,3.5897674560546875,1.0
2-3-1,Run1,189020560394,3.1119384765625,3.558700561523437,1.0
2-3-1,Run1,189020577049,3.132537841796875,3.5424346923828125,1.0
2-3-1,Run1,189020593704,3.29119873046875,3.645095825195313,1.0
2-3-1,Run1,189020610358,3.25225830078125,3.646530151367188,1.0
2-3-1,Run1,189020627013,3.10467529296875,3.54266357421875,1.0
2-3-1,Run1,189020643669,3.09625244140625,3.531600952148437,1.0
2-3-1,Run1,189020660323,3.090362548828125,3.5336151123046875,1.0
2-3-1,Run1,189020676978,3.076934814453125,3.5313873291015625,1.0
2-3-1,Run1,189020693633,3.088119506835937,3.5136260986328125,1.0
2-3-1,Run1,189020710288,3.077377319335937,3.521240234375,1.0
2-3-1,Run1,189020726942,3.0628662109375,3.516021728515625,1.0
2-3-1,Run1,189020743597,3.0648193359375,3.5093536376953125,1.0
2-3-1,Run1,189020760253,3.196807861328125,3.510955810546875,1.0
2-3-1,Run1,189020776907,3.2413330078125,3.5011444091796875,1.0
2-3-1,Run1,189020793562,3.0951385498046875,3.488494873046875,1.0
2-3-1,Run1,189020810217,3.0823974609375,3.491073608398437,1.0
2-3-1,Run1,189020826871,3.07049560546875,3.4915008544921875,1.0
2-3-1,Run1,189020843526,3.0620269775390625,3.4807891845703125,1.0
2-3-1,Run1,189020860181,3.0609893798828125,3.472137451171875,1.0
2-3-1,Run1,189020876835,3.074005126953125,3.482406616210937,1.0
2-3-1,Run1,189020893490,3.089706420898437,3.500244140625,1.0
2-3-1,Run1,189020910145,3.07891845703125,3.520477294921875,1.0
2-3-1,Run1,189020926799,3.194488525390625,3.638504028320313,1.0
2-3-1,Run1,189020943455,3.274749755859375,3.579193115234375,1.0
2-3-1,Run1,189020960110,3.274749755859375,3.4970245361328125,1.0
2-3-1,Run1,189020976765,3.1220550537109375,3.4952392578125,1.0
2-3-1,Run1,189020993419,2.9693603515625,3.51251220703125,1.0
2-3-1,Run1,189021010074,3.08843994140625,3.512847900390625,1.0
2-3-1,Run1,189021026729,3.09124755859375,3.48443603515625,1.0
2-3-1,Run1,189021043383,3.0934600830078125,3.51373291015625,1.0
2-3-1,Run1,189021060039,3.084259033203125,3.521713256835937,1.0
2-3-1,Run1,189021076694,3.088287353515625,3.4919891357421875,1.0
2-3-1,Run1,189021093348,3.0875244140625,3.505706787109375,1.0
2-3-1,Run1,189021110003,3.0817108154296875,3.5108795166015625,1.0
2-3-1,Run1,189021126658,3.223129272460937,3.492294311523437,1.0
2-3-1,Run1,189021143313,3.2017822265625,3.4916229248046875,1.0
2-3-1,Run1,189021159968,3.0751953125,3.493621826171875,1.0
2-3-1,Run1,189021176623,3.100830078125,3.5063934326171875,1.0
2-3-1,Run1,189021193277,3.09674072265625,3.5122528076171875,1.0
2-3-1,Run1,189021209932,3.0861053466796875,3.5230865478515625,1.0
2-3-1,Run1,189021226587,3.103057861328125,3.515838623046875,1.0
2-3-1,Run1,189021243242,3.1065673828125,3.510986328125,1.0
2-3-1,Run1,189021259896,3.2389678955078125,3.6323394775390634,1.0
2-3-1,Run1,189021276551,3.257797241210937,3.615890502929688,1.0
2-3-1,Run1,189021293206,3.121810913085937,3.5008544921875,1.0
2-3-1,Run1,189021309860,3.107574462890625,3.5101470947265625,1.0
2-3-1,Run1,189021326516,3.1091461181640625,3.5236358642578125,1.0
2-3-1,Run1,189021343171,3.123886108398437,3.52587890625,1.0
2-3-1,Run1,189021359825,3.11474609375,3.6434173583984375,1.0
2-3-1,Run1,189021376480,3.1184844970703125,3.629974365234375,1.0
2-3-1,Run1,189021393135,3.1402130126953125,3.530059814453125,1.0
2-3-1,Run1,189021409789,3.131744384765625,3.530853271484375,1.0
2-3-1,Run1,189021426444,3.135650634765625,3.542953491210937,1.0
2-3-1,Run1,189021443099,3.160369873046875,3.551605224609375,1.0
2-3-1,Run1,189021459753,3.168563842773437,3.560791015625,1.0
2-3-1,Run1,189021476408,3.1659088134765625,3.57269287109375,1.0
2-3-1,Run1,189021493063,3.1769561767578125,3.681549072265625,1.0
2-3-1,Run1,189021509718,3.184661865234375,3.6598052978515625,1.0
2-3-1,Run1,189021526373,3.3077392578125,3.6598052978515625,1.0
2-3-1,Run1,189021543028,3.3063201904296875,3.59423828125,1.0
2-3-1,Run1,189021559683,3.1920623779296875,3.528671264648437,1.0
2-3-1,Run1,189021576337,3.2073516845703125,3.6021881103515625,1.0
2-3-1,Run1,189021592992,3.3383026123046875,3.601226806640625,1.0
2-3-1,Run1,189021609647,3.33502197265625,3.614547729492188,1.0
2-3-1,Run1,189021626301,3.216781616210937,3.6353912353515625,1.0
2-3-1,Run1,189021642956,3.2284088134765625,3.6212310791015625,1.0
2-3-1,Run1,189021659611,3.2119293212890625,3.6168365478515625,1.0
2-3-1,Run1,189021676265,3.199081420898437,3.6069183349609375,1.0
2-3-1,Run1,189021692920,3.22943115234375,3.62005615234375,1.0
2-3-1,Run1,189021709576,3.14117431640625,3.512420654296875,1.0
2-3-1,Run1,189021726230,3.085023880004883,3.396697998046875,1.0
2-3-1,Run1,189021742885,3.0288734436035156,3.272162301199777,0.0
2-3-1,Run1,189021759540,2.9727230072021484,3.1476266043526784,0.0
2-3-1,Run1,189021776195,2.9165725708007812,3.0230909075055803,0.0
2-3-1,Run1,189021792849,2.860422134399414,2.898555210658482,0.0
2-3-1,Run1,189021809504,2.804271697998047,2.7740195138113837,0.0
2-3-1,Run1,189021826159,2.7481212615966797,2.6494838169642856,0.0
2-3-1,Run1,189021842813,2.6919708251953125,2.5249481201171875,1.0
2-3-1,Run1,189021859468,2.6919708251953125,2.5249481201171875,1.0
2-3-1,Run1,189021876123,2.7953758239746094,2.751861572265625,0.0
2-3-1,Run1,189021892777,2.8987808227539062,2.9787750244140625,0.0
2-3-1,Run1,189021909433,3.002185821533203,3.2056884765624996,0.0
2-3-1,Run1,189021926088,3.1055908203125,3.432601928710937,1.0
2-3-1,Run1,189021942742,3.2268524169921875,3.632644653320313,1.0
2-3-1,Run1,189021959397,3.2353668212890625,3.657546997070313,1.0
2-3-1,Run1,189021976052,3.2256011962890625,3.634521484375,1.0
2-3-1,Run1,189021992706,3.22772216796875,3.66387939453125,1.0
2-3-1,Run1,189022009361,3.230072021484375,3.6509857177734375,1.0
2-3-1,Run1,189022026016,3.219589233398437,3.6620025634765625,1.0
2-3-1,Run1,189022042671,3.2287139892578125,3.6673736572265625,1.0
2-3-1,Run1,189022059325,3.3560028076171875,3.778121948242188,1.0
2-3-1,Run1,189022075980,3.3539581298828125,3.743743896484375,1.0
2-3-1,Run1,189022092636,3.233154296875,3.680389404296875,1.0
2-3-1,Run1,189022109290,3.2454986572265625,3.6922760009765625,1.0
2-3-1,Run1,189022125945,3.244125366210937,3.68463134765625,1.0
2-3-1,Run1,189022142600,3.2454986572265625,3.6817626953125,1.0
2-3-1,Run1,189022159254,3.26055908203125,3.680908203125,1.0
2-3-1,Run1,189022175909,3.2621612548828125,3.675140380859375,1.0
2-3-1,Run1,189022192564,3.3817901611328125,3.66363525390625,1.0
2-3-1,Run1,189022209218,3.3443603515625,3.652374267578125,1.0
2-3-1,Run1,189022225873,3.2089385986328125,3.6515960693359375,1.0
2-3-1,Run1,189022242528,3.2041778564453125,3.659637451171875,1.0
2-3-1,Run1,189022259182,3.1962127685546875,3.655792236328125,1.0
2-3-1,Run1,189022275837,3.187850952148437,3.6424560546875,1.0
2-3-1,Run1,189022292493,3.322616577148437,3.6378021240234375,1.0
2-3-1,Run1,189022309148,3.273544311523437,3.630447387695313,1.0
2-3-1,Run1,189022325802,3.136993408203125,3.6160888671875,1.0
2-3-1,Run1,189022342457,3.129302978515625,3.629364013671875,1.0
2-3-1,Run1,189022359112,3.1331024169921875,3.6126556396484375,1.0
2-3-1,Run1,189022375766,3.127471923828125,3.6011962890625,1.0
2-3-1,Run1,189022392421,3.1160125732421875,3.58343505859375,1.0
2-3-1,Run1,189022409076,3.120941162109375,3.55999755859375,1.0
2-3-1,Run1,189022425730,3.09228515625,3.5645751953125,1.0
2-3-1,Run1,189022442385,3.071380615234375,3.5849151611328125,1.0
2-3-1,Run1,189022459040,3.0831756591796875,3.576812744140625,1.0
2-3-1,Run1,189022475695,3.0996856689453125,3.556396484375,1.0
2-3-1,Run1,189022492350,3.240997314453125,3.5455474853515625,1.0
2-3-1,Run1,189022509005,3.185272216796875,3.5318756103515625,1.0
2-3-1,Run1,189022525659,3.055023193359375,3.5218963623046875,1.0
2-3-1,Run1,189022542314,3.058929443359375,3.5178680419921875,1.0
2-3-1,Run1,189022558969,3.055938720703125,3.4950408935546875,1.0
2-3-1,Run1,189022575624,3.053558349609375,3.5014190673828125,1.0
2-3-1,Run1,189022592278,3.0492095947265625,3.520904541015625,1.0
2-3-1,Run1,189022608933,3.050262451171875,3.530029296875,1.0
2-3-1,Run1,189022625588,3.0299530029296875,3.52642822265625,1.0
2-3-1,Run1,189022642242,3.023834228515625,3.5126953125,1.0
2-3-1,Run1,189022658897,3.1854248046875,3.5022735595703125,1.0
2-3-1,Run1,189022675553,3.160507202148437,3.511627197265625,1.0
2-3-1,Run1,189022692207,3.02764892578125,3.523544311523437,1.0
2-3-1,Run1,189022708862,3.040283203125,3.5198211669921875,1.0
2-3-1,Run1,189022725517,3.190338134765625,3.521392822265625,1.0
2-3-1,Run1,189022742171,3.2152252197265625,3.5086669921875,1.0
2-3-1,Run1,189022758826,3.063461303710937,3.498687744140625,1.0
2-3-1,Run1,189022775481,3.0543975830078125,3.5377197265625,1.0
2-3-1,Run1,189022792135,3.0426177978515625,3.5548553466796875,1.0
2-3-1,Run1,189022808790,3.048980712890625,3.52655029296875,1.0
2-3-1,Run1,189022825445,3.061492919921875,3.51348876953125,1.0
2-3-1,Run1,189022842100,3.059814453125,3.511093139648437,1.0
2-3-1,Run1,189022858755,3.067779541015625,3.507049560546875,1.0
2-3-1,Run1,189022875410,3.0658111572265625,3.520294189453125,1.0
2-3-1,Run1,189022892065,3.0643463134765625,3.516448974609375,1.0
2-3-1,Run1,189022908719,3.054595947265625,3.5088348388671875,1.0
2-3-1,Run1,189022925374,3.0671844482421875,3.523712158203125,1.0
2-3-1,Run1,189022942029,3.085540771484375,3.522308349609375,1.0
2-3-1,Run1,189022958683,3.0765380859375,3.6142730712890634,1.0
2-3-1,Run1,189022975338,3.05755615234375,3.5693817138671875,1.0
2-3-1,Run1,189022991993,3.192352294921875,3.5693817138671875,1.0
2-3-1,Run1,189023008647,3.045856475830078,3.5513627794053817,0.0
2-3-1,Run1,189023025302,2.8993606567382812,3.5333438449435763,0.0
2-3-1,Run1,189023041957,2.7528648376464844,3.5153249104817705,0.0
2-3-1,Run1,189023058612,2.6063690185546875,3.497305976019965,0.0
2-3-1,Run1,189023075267,2.4598731994628906,3.4792870415581594,0.0
2-3-1,Run1,189023091922,2.3133773803710938,3.461268107096354,0.0
2-3-1,Run1,189023108577,2.166881561279297,3.443249172634548,0.0
2-3-1,Run1,189023125231,2.0203857421875,3.425230238172743,1.0
2-3-1,Run1,189023141886,2.6626129150390625,3.407211303710937,1.0
2-3-1,Run1,189023158541,3.1119537353515625,3.407211303710937,1.0
2-3-1,Run1,189023175195,3.135162353515625,3.80755615234375,1.0
2-3-1,Run1,189023191850,3.1562652587890625,3.5820770263671875,1.0
2-3-1,Run1,189023208505,3.1639404296875,3.5349578857421875,1.0
2-3-1,Run1,189023225159,3.182403564453125,3.57550048828125,1.0
2-3-1,Run1,189023241814,3.194976806640625,3.636062622070313,1.0
2-3-1,Run1,189023258470,3.3220977783203125,3.839813232421875,1.0
2-3-1,Run1,189023275124,3.336395263671875,3.718917846679688,1.0
2-3-1,Run1,189023291779,3.336395263671875,3.718917846679688,1.0
2-3-1,Run1,189023308434,3.2214126586914062,3.659393310546875,0.0
2-3-1,Run1,189023325088,3.106430053710937,3.5998687744140625,1.0
2-3-1,Run1,189023341743,3.21685791015625,3.6635894775390634,1.0
2-3-1,Run1,189023358398,3.248809814453125,3.67822265625,1.0
2-3-1,Run1,189023375053,3.2833709716796875,3.690505981445313,1.0
2-3-1,Run1,189023391707,3.41424560546875,3.698638916015625,1.0
2-3-1,Run1,189023408362,3.35980224609375,3.6908111572265625,1.0
2-3-1,Run1,189023425017,3.256683349609375,3.6551361083984375,1.0
2-3-1,Run1,189023441672,3.200927734375,3.58074951171875,1.0
2-3-1,Run1,189023458327,3.245468139648437,3.5124650435014204,1.0
2-3-1,Run1,189023474982,3.224191284179687,3.444180575284091,0.0
2-3-1,Run1,189023491636,3.2029144287109372,3.3758961070667612,0.0
2-3-1,Run1,189023508291,3.181637573242187,3.3076116388494317,0.0
2-3-1,Run1,189023524946,3.160360717773437,3.2393271706321025,0.0
2-3-1,Run1,189023541600,3.139083862304687,3.1710427024147725,0.0
2-3-1,Run1,189023558255,3.117807006835937,3.1027582341974433,0.0
2-3-1,Run1,189023574910,3.0965301513671872,3.0344737659801138,0.0
2-3-1,Run1,189023591564,3.075253295898437,2.966189297762784,0.0
2-3-1,Run1,189023608219,3.053976440429687,2.8979048295454546,0.0
2-3-1,Run1,189023624874,3.032699584960937,2.829620361328125,1.0
2-3-1,Run1,189023641530,3.1542510986328125,3.313720703125,1.0
2-3-1,Run1,189023658184,3.1722564697265625,3.5832977294921875,1.0
2-3-1,Run1,189023674839,3.184967041015625,3.579345703125,1.0
2-3-1,Run1,189023691494,3.17340087890625,3.614898681640625,1.0
2-3-1,Run1,189023708148,3.187591552734375,3.60589599609375,1.0
2-3-1,Run1,189023724803,3.1847076416015625,3.615631103515625,1.0
2-3-1,Run1,189023741458,3.1861572265625,3.625778198242188,1.0
2-3-1,Run1,189023758112,3.185653686523437,3.60333251953125,1.0
2-3-1,Run1,189023774767,3.1969757080078125,3.6004180908203125,1.0
2-3-1,Run1,189023791422,3.18707275390625,3.6124267578125,1.0
2-3-1,Run1,189023808076,3.167205810546875,3.6001434326171875,1.0
2-3-1,Run1,189023824732,3.1682586669921875,3.5850372314453125,1.0
2-3-1,Run1,189023841387,3.1663055419921875,3.61004638671875,1.0
2-3-1,Run1,189023858041,3.178466796875,3.74444580078125,1.0
2-3-1,Run1,189023874696,3.165985107421875,3.6956787109375,1.0
2-3-1,Run1,189023891351,3.1427459716796875,3.56536865234375,1.0
2-3-1,Run1,189023908006,3.11895751953125,3.5496978759765625,1.0
2-3-1,Run1,189023924660,3.1179962158203125,3.463165283203125,1.0
2-3-1,Run1,189023941315,3.070037841796875,3.310882568359375,1.0
2-3-1,Run1,189023957970,3.1371612548828125,3.347132364908854,1.0
2-3-1,Run1,189023974624,2.8759569440569197,3.3833821614583335,0.0
2-3-1,Run1,189023991279,2.614752633231027,3.4196319580078125,0.0
2-3-1,Run1,189024007934,2.3535483224051337,3.4558817545572915,0.0
2-3-1,Run1,189024024589,2.0923440115792413,3.492131551106771,0.0
2-3-1,Run1,189024041244,1.8311397007533483,3.52838134765625,0.0
2-3-1,Run1,189024057899,1.5699353899274553,3.564631144205729,0.0
2-3-1,Run1,189024074553,1.3087310791015625,3.6008809407552085,1.0
2-3-1,Run1,189024091208,1.3087310791015625,3.6371307373046875,1.0
2-3-1,Run1,189024107863,1.9109649658203125,3.6733805338541665,0.0
2-3-1,Run1,189024124517,2.5131988525390625,3.709630330403646,0.0
2-3-1,Run1,189024141172,3.1154327392578125,3.745880126953125,1.0
2-3-1,Run1,189024157827,3.0010986328125,3.745880126953125,1.0
2-3-1,Run1,189024174482,3.001434326171875,3.672195434570313,1.0
2-3-1,Run1,189024191136,2.9926300048828125,3.4549560546875,1.0
2-3-1,Run1,189024207792,2.9928436279296875,3.4042510986328125,1.0
2-3-1,Run1,189024224447,3.0048980712890625,3.4306640625,1.0
2-3-1,Run1,189024241101,3.01715087890625,3.423370361328125,1.0
2-3-1,Run1,189024257756,3.01239013671875,3.4574737548828125,1.0
2-3-1,Run1,189024274411,3.0095977783203125,3.44427490234375,1.0
2-3-1,Run1,189024291065,2.9961395263671875,3.436309814453125,1.0
2-3-1,Run1,189024307720,3.0228424072265625,3.4696807861328125,1.0
2-3-1,Run1,189024324375,3.0288238525390625,3.482666015625,1.0
2-3-1,Run1,189024341029,3.0180816650390625,3.472259521484375,1.0
2-3-1,Run1,189024357684,3.0011138916015625,3.4695587158203125,1.0
2-3-1,Run1,189024374339,3.002304077148437,3.4678497314453125,1.0
2-3-1,Run1,189024390993,3.15576171875,3.448028564453125,1.0
2-3-1,Run1,189024407649,3.1832733154296875,3.4593658447265625,1.0
2-3-1,Run1,189024424304,3.0331573486328125,3.482086181640625,1.0
2-3-1,Run1,189024440959,3.0650787353515625,3.465911865234375,1.0
2-3-1,Run1,189024457613,3.057846069335937,3.464447021484375,1.0
2-3-1,Run1,189024474268,3.011077880859375,3.4621124267578125,1.0
2-3-1,Run1,189024490923,3.029037475585937,3.4635467529296875,1.0
2-3-1,Run1,189024507577,3.0143585205078125,3.463714599609375,1.0
2-3-1,Run1,189024524232,2.9886016845703125,3.4595184326171875,1.0
2-3-1,Run1,189024540887,2.984466552734375,3.455291748046875,1.0
2-3-1,Run1,189024557541,2.9657135009765625,3.4268035888671875,1.0
2-3-1,Run1,189024574196,2.955963134765625,3.435043334960937,1.0
2-3-1,Run1,189024590852,2.960205078125,3.4463653564453125,1.0
2-3-1,Run1,189024607506,2.97076416015625,3.42681884765625,1.0
2-3-1,Run1,189024624161,2.959213256835937,3.4215545654296875,1.0
2-3-1,Run1,189024640816,2.9397735595703125,3.4297027587890625,1.0
2-3-1,Run1,189024657470,2.9320220947265625,3.428314208984375,1.0
2-3-1,Run1,189024674125,2.943756103515625,3.414657592773437,1.0
2-3-1,Run1,189024690780,2.94659423828125,3.3961639404296875,1.0
2-3-1,Run1,189024707435,2.940277099609375,3.389068603515625,1.0
2-3-1,Run1,189024724089,2.934173583984375,3.392425537109375,1.0
2-3-1,Run1,189024740744,2.950180053710937,3.404403686523437,1.0
2-3-1,Run1,189024757399,2.9633941650390625,3.40643310546875,1.0
2-3-1,Run1,189024774053,3.002899169921875,3.399810791015625,1.0
2-3-1,Run1,189024790709,3.001922607421875,3.3969268798828125,1.0
2-3-1,Run1,189024807364,2.966888427734375,3.403564453125,1.0
2-3-1,Run1,189024824018,2.9676055908203125,3.39599609375,1.0
2-3-1,Run1,189024840673,2.982635498046875,3.38372802734375,1.0
2-3-1,Run1,189024857328,2.98687744140625,3.399276733398437,1.0
2-3-1,Run1,189024873982,2.97381591796875,3.4062042236328125,1.0
2-3-1,Run1,189024890637,3.128143310546875,3.39898681640625,1.0
2-3-1,Run1,189024907292,3.1109161376953125,3.4037017822265625,1.0
2-3-1,Run1,189024923946,2.9676971435546875,3.4054718017578125,1.0
2-3-1,Run1,189024940601,2.975830078125,3.422119140625,1.0
2-3-1,Run1,189024957256,2.991485595703125,3.431365966796875,1.0
2-3-1,Run1,189024973912,2.994140625,3.4272918701171875,1.0
2-3-1,Run1,189024990566,2.98974609375,3.43963623046875,1.0
2-3-1,Run1,189025007221,3.0192108154296875,3.433822631835937,1.0
2-3-1,Run1,189025023876,3.20660400390625,3.51519775390625,1.0
2-3-1,Run1,189025040530,3.161487579345703,3.3275887625558034,0.0
2-3-1,Run1,189025057185,3.1163711547851562,3.139979771205357,0.0
2-3-1,Run1,189025073840,3.0712547302246094,2.9523707798549106,0.0
2-3-1,Run1,189025090494,3.0261383056640625,2.7647617885044644,0.0
2-3-1,Run1,189025107149,2.9810218811035156,2.577152797154018,0.0
2-3-1,Run1,189025123804,2.9359054565429688,2.389543805803571,0.0
2-3-1,Run1,189025140458,2.890789031982422,2.201934814453125,1.0
2-3-1,Run1,189025157113,2.845672607421875,2.201934814453125,1.0
2-3-1,Run1,189025173769,3.014892578125,2.5555191040039062,1.0
2-3-1,Run1,189025190423,3.0433349609375,2.9091033935546875,1.0
2-3-1,Run1,189025207078,3.029266357421875,3.24163818359375,1.0
2-3-1,Run1,189025223733,3.042938232421875,3.486175537109375,1.0
2-3-1,Run1,189025240388,3.052154541015625,3.45599365234375,1.0
2-3-1,Run1,189025257042,3.08544921875,3.490753173828125,1.0
2-3-1,Run1,189025273697,3.10736083984375,3.475082397460937,1.0
2-3-1,Run1,189025290352,3.240142822265625,3.5137176513671875,1.0
2-3-1,Run1,189025307006,3.2107391357421875,3.52154541015625,1.0
2-3-1,Run1,189025323661,3.2107391357421875,3.533309936523437,1.0
2-3-1,Run1,189025340316,3.1087799072265625,3.5527496337890625,1.0
2-3-1,Run1,189025356971,3.006820678710937,3.55706787109375,1.0
2-3-1,Run1,189025373626,3.1222076416015625,3.5620574951171875,1.0
2-3-1,Run1,189025390281,3.251434326171875,3.585189819335937,1.0
2-3-1,Run1,189025406935,3.339569091796875,3.582244873046875,1.0
2-3-1,Run1,189025423590,3.1873931884765625,3.659988403320313,1.0
2-3-1,Run1,189025440245,3.178192138671875,3.68719482421875,1.0
2-3-1,Run1,189025456899,3.19903564453125,3.68719482421875,1.0
2-3-1,Run1,189025473554,3.200927734375,3.6468429565429688,1.0
2-3-1,Run1,189025490209,3.208038330078125,3.606491088867188,1.0
2-3-1,Run1,189025506864,3.244979858398437,3.660308837890625,1.0
2-3-1,Run1,189025523518,3.2644500732421875,3.685836791992188,1.0
2-3-1,Run1,189025540173,3.25738525390625,3.696807861328125,1.0
2-3-1,Run1,189025556829,3.2817840576171875,3.7715911865234375,1.0
2-3-1,Run1,189025573483,3.304779052734375,3.777587890625,1.0
2-3-1,Run1,189025590138,3.3043212890625,3.694000244140625,1.0
2-3-1,Run1,189025606793,3.288238525390625,3.711517333984375,1.0
2-3-1,Run1,189025623447,3.310394287109375,3.745819091796875,1.0
2-3-1,Run1,189025640102,3.3352813720703125,3.758056640625,1.0
2-3-1,Run1,189025656757,3.449615478515625,3.75958251953125,1.0
2-3-1,Run1,189025673411,3.444000244140625,3.755203247070313,1.0
2-3-1,Run1,189025690066,3.3360137939453125,3.7607574462890634,1.0
2-3-1,Run1,189025706721,3.3352203369140625,3.7562103271484375,1.0
2-3-1,Run1,189025723375,3.440170288085937,3.753219604492188,1.0
2-3-1,Run1,189025740031,3.451034545898437,3.768096923828125,1.0
2-3-1,Run1,189025756686,3.335906982421875,3.776290893554688,1.0
2-3-1,Run1,189025773341,3.318954467773437,3.7503509521484375,1.0
2-3-1,Run1,189025789995,3.4184722900390625,3.802047729492188,1.0
2-3-1,Run1,189025806650,3.4485015869140625,3.8243408203125,1.0
2-3-1,Run1,189025823305,3.310409545898437,3.741302490234375,1.0
2-3-1,Run1,189025839959,3.2926483154296875,3.738739013671875,1.0
2-3-1,Run1,189025856614,3.2708282470703125,3.729736328125,1.0
2-3-1,Run1,189025873269,3.2543487548828125,3.730514526367188,1.0
2-3-1,Run1,189025889923,3.254608154296875,3.743072509765625,1.0
2-3-1,Run1,189025906578,3.2589111328125,3.733123779296875,1.0
2-3-1,Run1,189025923233,3.228729248046875,3.7103271484375,1.0
2-3-1,Run1,189025939888,3.187728881835937,3.7052154541015625,1.0
2-3-1,Run1,189025956543,3.19091796875,3.703948974609375,1.0
2-3-1,Run1,189025973198,3.2109527587890625,3.70269775390625,1.0
2-3-1,Run1,189025989852,3.3430328369140625,3.77935791015625,1.0
2-3-1,Run1,189026006507,3.3162384033203125,3.772048950195313,1.0
2-3-1,Run1,189026023162,3.1856231689453125,3.66986083984375,1.0
2-3-1,Run1,189026039817,3.173797607421875,3.656539916992188,1.0
2-3-1,Run1,189026056471,3.166839599609375,3.650054931640625,1.0
2-3-1,Run1,189026073126,3.165252685546875,3.649749755859375,1.0
2-3-1,Run1,189026089781,3.292343139648437,3.738037109375,1.0
2-3-1,Run1,189026106435,3.2959442138671875,3.74224853515625,1.0
2-3-1,Run1,189026123089,3.151596069335937,3.666229248046875,1.0
2-3-1,Run1,189026139745,3.14404296875,3.6636962890625,1.0
2-3-1,Run1,189026156399,3.2841796875,3.734954833984375,1.0
2-3-1,Run1,189026173054,3.3083953857421875,3.727371215820313,1.0
2-3-1,Run1,189026189709,3.1688232421875,3.6349029541015625,1.0
2-3-1,Run1,189026206363,3.1706085205078125,3.637130737304688,1.0
2-3-1,Run1,189026223018,3.1804351806640625,3.64227294921875,1.0
2-3-1,Run1,189026239673,3.174102783203125,3.640350341796875,1.0
2-3-1,Run1,189026256327,3.1713104248046875,3.6432037353515625,1.0
2-3-1,Run1,189026272982,3.175765991210937,3.6241455078125,1.0
2-3-1,Run1,189026289637,3.17059326171875,3.608444213867188,1.0
2-3-1,Run1,189026306292,3.162704467773437,3.622512817382813,1.0
2-3-1,Run1,189026322947,3.160263061523437,3.6247711181640634,1.0
2-3-1,Run1,189026339602,3.1537628173828125,3.619216918945313,1.0
2-3-1,Run1,189026356256,3.1471405029296875,3.703048706054688,1.0
2-3-1,Run1,189026372910,3.16064453125,3.6966400146484375,1.0
2-3-1,Run1,189026389565,3.17620849609375,3.620880126953125,1.0
2-3-1,Run1,189026406220,3.185775756835937,3.6256256103515625,1.0
2-3-1,Run1,189026422874,3.1994171142578125,3.706787109375,1.0
2-3-1,Run1,189026439529,3.20001220703125,3.704879760742188,1.0
2-3-1,Run1,189026456184,3.202911376953125,3.635101318359375,1.0
2-3-1,Run1,189026472838,3.1647491455078125,3.6666412353515625,1.0
2-3-1,Run1,189026489493,3.2617645263671875,3.823684692382813,1.0
2-3-1,Run1,189026506148,3.1901153564453124,3.6900583902994795,0.0
2-3-1,Run1,189026522803,3.1184661865234373,3.556432088216146,0.0
2-3-1,Run1,189026539458,3.0468170166015627,3.4228057861328125,0.0
2-3-1,Run1,189026556113,2.9751678466796876,3.2891794840494795,0.0
2-3-1,Run1,189026572768,2.9035186767578125,3.155553181966146,1.0
2-3-1,Run1,189026589421,2.9989776611328125,3.0219268798828125,1.0
2-3-1,Run1,189026606076,3.2274169921875,3.407318115234375,1.0
2-3-1,Run1,189026622731,3.284423828125,3.690643310546875,1.0
2-3-1,Run1,189026639385,3.275726318359375,3.691574096679688,1.0
2-3-1,Run1,189026656040,3.2816925048828125,3.723678588867188,1.0
2-3-1,Run1,189026672695,3.288787841796875,3.7267913818359375,1.0
2-3-1,Run1,189026689349,3.2861328125,3.737136840820313,1.0
2-3-1,Run1,189026706005,3.306381225585937,3.7378997802734375,1.0
2-3-1,Run1,189026722660,3.311737060546875,3.7277679443359375,1.0
2-3-1,Run1,189026739314,3.310028076171875,3.71240234375,1.0
2-3-1,Run1,189026755969,3.430206298828125,3.799346923828125,1.0
2-3-1,Run1,189026772624,3.4403076171875,3.82635498046875,1.0
2-3-1,Run1,189026789278,3.4403076171875,3.82635498046875,1.0
2-3-1,Run1,189026805933,3.333251953125,3.7561721801757812,0.0
2-3-1,Run1,189026822588,3.2261962890625,3.685989379882813,1.0
2-3-1,Run1,189026839242,3.3372802734375,3.759353637695313,1.0
2-3-1,Run1,189026855897,3.3397216796875,3.759674072265625,1.0
2-3-1,Run1,189026872551,3.3318023681640625,3.747467041015625,1.0
2-3-1,Run1,189026889206,3.3245086669921875,3.75128173828125,1.0
2-3-1,Run1,189026905861,3.311309814453125,3.7482757568359375,1.0
2-3-1,Run1,189026922516,3.281951904296875,3.742950439453125,1.0
2-3-1,Run1,189026939171,3.2689666748046875,3.733795166015625,1.0
2-3-1,Run1,189026955825,3.396148681640625,3.808135986328125,1.0
2-3-1,Run1,189026972480,3.3901519775390625,3.778640747070313,1.0
2-3-1,Run1,189026989135,3.247283935546875,3.680252075195313,1.0
2-3-1,Run1,189027005789,3.221954345703125,3.670822143554688,1.0
2-3-1,Run1,189027022444,3.2141265869140625,3.659591674804688,1.0
2-3-1,Run1,189027039099,3.1876373291015625,3.6744384765625,1.0
2-3-1,Run1,189027055753,3.28179931640625,3.792205810546875,1.0
2-3-1,Run1,189027072408,3.26422119140625,3.700164794921875,1.0
2-3-1,Run1,189027089063,3.166778564453125,3.6110992431640634,1.0
2-3-1,Run1,189027105718,3.1619415283203125,3.611328125,1.0
2-3-1,Run1,189027122372,3.1341552734375,3.587310791015625,1.0
2-3-1,Run1,189027139027,3.138534545898437,3.5700225830078125,1.0
2-3-1,Run1,189027155682,3.11907958984375,3.5711212158203125,1.0
2-3-1,Run1,189027172336,3.0956268310546875,3.572662353515625,1.0
2-3-1,Run1,189027188991,3.0836334228515625,3.5478973388671875,1.0
2-3-1,Run1,189027205646,3.082244873046875,3.538070678710937,1.0
2-3-1,Run1,189027222300,3.217193603515625,3.646148681640625,1.0
2-3-1,Run1,189027238955,2.949676513671875,3.45794677734375,1.0
2-3-1,Run1,189027255610,2.899642944335937,3.269744873046875,1.0
2-3-1,Run1,189027272264,3.009368896484375,3.5062255859375,1.0
2-3-1,Run1,189027288920,3.0492095947265625,3.5545196533203125,1.0
2-3-1,Run1,189027305574,3.04937744140625,3.5164794921875,1.0
2-3-1,Run1,189027322228,3.061737060546875,3.54278564453125,1.0
2-3-1,Run1,189027338883,3.091171264648437,3.5071563720703125,1.0
2-3-1,Run1,189027355538,3.065338134765625,3.52484130859375,1.0
2-3-1,Run1,189027372193,3.044158935546875,3.5168609619140625,1.0
2-3-1,Run1,189027388847,3.174057006835937,3.510711669921875,1.0
2-3-1,Run1,189027405502,3.19158935546875,3.5200653076171875,1.0
2-3-1,Run1,189027422157,3.059722900390625,3.50958251953125,1.0
2-3-1,Run1,189027438811,3.046493530273437,3.5023651123046875,1.0
2-3-1,Run1,189027455466,3.0529937744140625,3.5305328369140625,1.0
2-3-1,Run1,189027472122,3.077255249023437,3.5631561279296875,1.0
2-3-1,Run1,189027488775,3.20947265625,3.5543670654296875,1.0
2-3-1,Run1,189027505431,3.2562255859375,3.5273895263671875,1.0
2-3-1,Run1,189027522086,3.126571655273437,3.608810424804688,1.0
2-3-1,Run1,189027538739,3.1227569580078125,3.62677001953125,1.0
2-3-1,Run1,189027555394,3.122787475585937,3.529037475585937,1.0
2-3-1,Run1,189027572049,3.1082305908203125,3.536285400390625,1.0
2-3-1,Run1,189027588703,3.106964111328125,3.53759765625,1.0
2-3-1,Run1,189027605358,3.11773681640625,3.5410919189453125,1.0
2-3-1,Run1,189027622013,3.1100311279296875,3.55596923828125,1.0
2-3-1,Run1,189027638668,3.1023406982421875,3.559295654296875,1.0
2-3-1,Run1,189027655322,3.0863800048828125,3.5660552978515625,1.0
2-3-1,Run1,189027671978,3.09765625,3.566650390625,1.0
2-3-1,Run1,189027688633,3.11669921875,3.5642242431640625,1.0
2-3-1,Run1,189027705286,3.1112518310546875,3.5435028076171875,1.0
2-3-1,Run1,189027721942,3.1073150634765625,3.560272216796875,1.0
2-3-1,Run1,189027738597,3.085556030273437,3.575653076171875,1.0
2-3-1,Run1,189027755251,3.2105865478515625,3.6541900634765625,1.0
2-3-1,Run1,189027771906,3.2185799734933034,3.62135009765625,0.0
2-3-1,Run1,189027788560,3.2265733991350447,3.5885101318359376,0.0
2-3-1,Run1,189027805214,3.2345668247767856,3.555670166015625,0.0
2-3-1,Run1,189027821869,3.242560250418527,3.5228302001953122,0.0
2-3-1,Run1,189027838524,3.250553676060268,3.489990234375,0.0
2-3-1,Run1,189027855179,3.258547101702009,3.4571502685546873,0.0
2-3-1,Run1,189027871834,3.26654052734375,3.4243103027343746,1.0
2-3-1,Run1,189027888489,3.26654052734375,3.391470336914062,1.0
2-3-1,Run1,189027905144,3.23345947265625,3.3586303710937497,1.0
2-3-1,Run1,189027921798,3.1012725830078125,3.325790405273437,1.0
2-3-1,Run1,189027938453,3.07940673828125,3.446014404296875,1.0
2-3-1,Run1,189027955108,3.09112548828125,3.50701904296875,1.0
2-3-1,Run1,189027971762,3.0850372314453125,3.5169219970703125,1.0
2-3-1,Run1,189027988417,3.068832397460937,3.535140991210937,1.0
2-3-1,Run1,189028005072,3.0842437744140625,3.529541015625,1.0
2-3-1,Run1,189028021725,3.0698699951171875,3.520751953125,1.0
2-3-1,Run1,189028038380,3.0874176025390625,3.512847900390625,1.0
2-3-1,Run1,189028055036,3.2411041259765625,3.597076416015625,1.0
2-3-1,Run1,189028071690,3.2153778076171875,3.609573364257813,1.0
2-3-1,Run1,189028088345,3.094818115234375,3.531524658203125,1.0
2-3-1,Run1,189028105000,3.10791015625,3.5586395263671875,1.0
2-3-1,Run1,189028121654,3.243072509765625,3.67633056640625,1.0
2-3-1,Run1,189028138309,3.2809600830078125,3.633819580078125,1.0
2-3-1,Run1,189028154964,3.1479034423828125,3.551864624023437,1.0
2-3-1,Run1,189028171619,3.1402740478515625,3.5797119140625,1.0
2-3-1,Run1,189028188273,3.13592529296875,3.575103759765625,1.0
2-3-1,Run1,189028204928,3.129364013671875,3.548187255859375,1.0
2-3-1,Run1,189028221583,3.130599975585937,3.5431365966796875,1.0
2-3-1,Run1,189028238237,3.132064819335937,3.5514678955078125,1.0
2-3-1,Run1,189028254892,3.2575225830078125,3.660812377929688,1.0
2-3-1,Run1,189028271547,3.3102569580078125,3.608154296875,1.0
2-3-1,Run1,189028288201,3.1399383544921875,3.52801513671875,1.0
2-3-1,Run1,189028304856,3.0819244384765625,3.535186767578125,1.0
2-3-1,Run1,189028321511,3.061767578125,3.5261383056640625,1.0
2-3-1,Run1,189028338165,3.0911865234375,3.523345947265625,1.0
2-3-1,Run1,189028354820,3.0736236572265625,3.494720458984375,1.0
2-3-1,Run1,189028371475,3.052032470703125,3.4841766357421875,1.0
2-3-1,Run1,189028388129,3.039703369140625,3.479278564453125,1.0
2-3-1,Run1,189028404784,3.010848999023437,3.4780731201171875,1.0
2-3-1,Run1,189028421439,3.140899658203125,3.58636474609375,1.0
2-3-1,Run1,189028438094,3.1703338623046875,3.5528717041015625,1.0
2-3-1,Run1,189028454748,2.9992218017578125,3.446807861328125,1.0
2-3-1,Run1,189028471403,2.975189208984375,3.3166656494140625,1.0
2-3-1,Run1,189028488058,3.1429901123046875,3.18798828125,1.0
2-3-1,Run1,189028504712,3.115185546875,3.1929107666015626,0.0
2-3-1,Run1,189028521367,3.0873809814453126,3.197833251953125,0.0
2-3-1,Run1,189028538022,3.059576416015625,3.2027557373046873,0.0
2-3-1,Run1,189028554676,3.0317718505859377,3.20767822265625,0.0
2-3-1,Run1,189028571331,3.00396728515625,3.2126007080078125,0.0
2-3-1,Run1,189028587986,2.9761627197265623,3.217523193359375,0.0
2-3-1,Run1,189028604640,2.948358154296875,3.2224456787109377,0.0
2-3-1,Run1,189028621295,2.9205535888671874,3.2273681640625,0.0
2-3-1,Run1,189028637950,2.8927490234375,3.2322906494140624,0.0
2-3-1,Run1,189028654604,2.8649444580078125,3.237213134765625,1.0
2-3-1,Run1,189028671259,2.969345092773437,3.3795928955078125,1.0
2-3-1,Run1,189028687914,2.993194580078125,3.408065795898437,1.0
2-3-1,Run1,189028704569,3.0221099853515625,3.3900604248046875,1.0
2-3-1,Run1,189028721223,2.996978759765625,3.431365966796875,1.0
2-3-1,Run1,189028737878,2.9925689697265625,3.4452362060546875,1.0
2-3-1,Run1,189028754533,2.974578857421875,3.447418212890625,1.0
2-3-1,Run1,189028771187,2.978302001953125,3.447128295898437,1.0
2-3-1,Run1,189028787842,3.00091552734375,3.450225830078125,1.0
2-3-1,Run1,189028804497,3.016693115234375,3.4420623779296875,1.0
2-3-1,Run1,189028821152,2.9908599853515625,3.432861328125,1.0
2-3-1,Run1,189028837806,2.981201171875,3.449081420898437,1.0
2-3-1,Run1,189028854461,3.1324615478515625,3.5745391845703125,1.0
2-3-1,Run1,189028871115,3.083969116210937,3.5338287353515625,1.0
2-3-1,Run1,189028887770,2.9691162109375,3.4310760498046875,1.0
2-3-1,Run1,189028904425,3.004486083984375,3.426254272460937,1.0
2-3-1,Run1,189028921079,2.97406005859375,3.412506103515625,1.0
2-3-1,Run1,189028937734,2.9602203369140625,3.41143798828125,1.0
2-3-1,Run1,189028954389,3.12982177734375,3.515487670898437,1.0
2-3-1,Run1,189028971044,3.0773162841796875,3.540557861328125,1.0
2-3-1,Run1,189028987698,2.9326934814453125,3.410873413085937,1.0
2-3-1,Run1,189029004353,2.95123291015625,3.3941192626953125,1.0
2-3-1,Run1,189029021009,3.1190643310546875,3.49566650390625,1.0
2-3-1,Run1,189029037663,3.0559539794921875,3.538970947265625,1.0
2-3-1,Run1,189029054318,2.9049072265625,3.4129180908203125,1.0
2-3-1,Run1,189029070972,2.904541015625,3.387298583984375,1.0
2-3-1,Run1,189029087626,2.87750244140625,3.35333251953125,1.0
2-3-1,Run1,189029104281,2.8825225830078125,3.3282012939453125,1.0
2-3-1,Run1,189029120936,2.8991241455078125,3.3330535888671875,1.0
2-3-1,Run1,189029137590,2.8798980712890625,3.3485870361328125,1.0
2-3-1,Run1,189029154245,2.864242553710937,3.353912353515625,1.0
2-3-1,Run1,189029170900,2.8585662841796875,3.3542022705078125,1.0
2-3-1,Run1,189029187554,2.847763061523437,3.3267974853515625,1.0
2-3-1,Run1,189029204209,2.87860107421875,3.318344116210937,1.0
2-3-1,Run1,189029220864,3.0768280029296875,3.421981811523437,1.0
2-3-1,Run1,189029237520,3.0400848388671875,3.4365386962890625,1.0
2-3-1,Run1,189029254174,2.8690338134765625,3.329208374023437,1.0
2-3-1,Run1,189029270829,2.8576812744140625,3.317962646484375,1.0
2-3-1,Run1,189029287484,2.8377838134765625,3.311874389648437,1.0
2-3-1,Run1,189029304137,2.841949462890625,3.321502685546875,1.0
2-3-1,Run1,189029320792,2.847381591796875,3.3189697265625,1.0
2-3-1,Run1,189029337447,2.8436737060546875,3.315902709960937,1.0
2-3-1,Run1,189029354101,2.850830078125,3.304061889648437,1.0
2-3-1,Run1,189029370756,2.83551025390625,3.3006591796875,1.0
2-3-1,Run1,189029387411,2.8257293701171875,3.2890625,1.0
2-3-1,Run1,189029404065,2.868560791015625,3.279693603515625,1.0
2-3-1,Run1,189029420720,2.8807373046875,3.391952514648437,1.0
2-3-1,Run1,189029437375,2.8409881591796875,3.44964599609375,1.0
2-3-1,Run1,189029454030,2.8500213623046875,3.3274078369140625,1.0
2-3-1,Run1,189029470685,2.84686279296875,3.333099365234375,1.0
2-3-1,Run1,189029487340,2.844451904296875,3.3253631591796875,1.0
2-3-1,Run1,189029503995,2.862457275390625,3.3137359619140625,1.0
2-3-1,Run1,189029520648,2.86053466796875,3.337875366210937,1.0
2-3-1,Run1,189029537303,2.85052490234375,3.332489013671875,1.0
2-3-1,Run1,189029553958,2.999176025390625,3.342803955078125,1.0
2-3-1,Run1,189029570612,3.0357818603515625,3.350494384765625,1.0
2-3-1,Run1,189029587268,2.8959197998046875,3.3316192626953125,1.0
2-3-1,Run1,189029603922,2.915390014648437,3.349273681640625,1.0
2-3-1,Run1,189029620576,2.92578125,3.3605194091796875,1.0
2-3-1,Run1,189029637231,2.907211303710937,3.3697662353515625,1.0
2-3-1,Run1,189029653886,2.905426025390625,3.3892974853515625,1.0
2-3-1,Run1,189029670541,2.9146881103515625,3.3846435546875,1.0
2-3-1,Run1,189029687196,2.93475341796875,3.386703491210937,1.0
2-3-1,Run1,189029703851,2.9652099609375,3.3898468017578125,1.0
2-3-1,Run1,189029720505,2.953887939453125,3.40191650390625,1.0
2-3-1,Run1,189029737160,2.96453857421875,3.410888671875,1.0
2-3-1,Run1,189029753814,2.976669311523437,3.387191772460937,1.0
2-3-1,Run1,189029770469,2.965118408203125,3.3779449462890625,1.0
2-3-1,Run1,189029787124,2.9873504638671875,3.396331787109375,1.0
2-3-1,Run1,189029803779,2.9895477294921875,3.3938140869140625,1.0
2-3-1,Run1,189029820433,2.9864959716796875,3.4145965576171875,1.0
2-3-1,Run1,189029837087,2.989608764648437,3.440536499023437,1.0
2-3-1,Run1,189029853742,2.9980621337890625,3.461700439453125,1.0
2-3-1,Run1,189029870397,3.01025390625,3.4628448486328125,1.0
2-3-1,Run1,189029887052,3.035980224609375,3.471710205078125,1.0
2-3-1,Run1,189029903707,3.05340576171875,3.4635467529296875,1.0
2-3-1,Run1,189029920362,3.189666748046875,3.475006103515625,1.0
2-3-1,Run1,189029937016,3.2067108154296875,3.479598999023437,1.0
2-3-1,Run1,189029953671,3.2067108154296875,3.546478271484375,1.0
2-3-1,Run1,189029970326,3.143177032470703,3.581649780273437,1.0
2-3-1,Run1,189029986980,3.0796432495117188,3.581649780273437,1.0
2-3-1,Run1,189030003635,3.0161094665527344,3.519393920898437,0.0
2-3-1,Run1,189030020290,2.95257568359375,3.457138061523437,1.0
2-3-1,Run1,189030036944,3.0659942626953125,3.5291900634765625,1.0
2-3-1,Run1,189030053598,3.082977294921875,3.5165557861328125,1.0
2-3-1,Run1,189030070253,3.083160400390625,3.516098022460937,1.0
2-3-1,Run1,189030086908,3.0951080322265625,3.528106689453125,1.0
2-3-1,Run1,189030103563,3.1111602783203125,3.5213165283203125,1.0
2-3-1,Run1,189030120218,3.227645874023437,3.613601684570313,1.0
2-3-1,Run1,189030136873,3.225814819335937,3.666427612304688,1.0
2-3-1,Run1,189030153527,3.1181640625,3.550445556640625,1.0
2-3-1,Run1,189030170182,3.1317291259765625,3.5404205322265625,1.0
2-3-1,Run1,189030186837,3.12481689453125,3.5347442626953125,1.0
2-3-1,Run1,189030203491,3.134979248046875,3.534530639648437,1.0
2-3-1,Run1,189030220146,3.1341094970703125,3.5356903076171875,1.0
2-3-1,Run1,189030236801,3.1257476806640625,3.54559326171875,1.0
2-3-1,Run1,189030253454,3.139266967773437,3.55499267578125,1.0
2-3-1,Run1,189030270109,3.146484375,3.553070068359375,1.0
2-3-1,Run1,189030286764,3.164398193359375,3.560333251953125,1.0
2-3-1,Run1,189030303419,3.1660919189453125,3.5580291748046875,1.0
2-3-1,Run1,189030320074,3.1559295654296875,3.566131591796875,1.0
2-3-1,Run1,189030336729,3.1716461181640625,3.5738983154296875,1.0
2-3-1,Run1,189030353384,3.1800689697265625,3.563079833984375,1.0
2-3-1,Run1,189030370038,3.1709136962890625,3.5526580810546875,1.0
2-3-1,Run1,189030386693,3.164306640625,3.568206787109375,1.0
2-3-1,Run1,189030403348,3.1645660400390625,3.57421875,1.0
2-3-1,Run1,189030420002,3.288787841796875,3.668121337890625,1.0
2-3-1,Run1,189030436657,3.3094482421875,3.676025390625,1.0
2-3-1,Run1,189030453312,3.3094482421875,3.676025390625,1.0
2-3-1,Run1,189030469965,3.1949996948242188,3.6017074584960938,0.0
2-3-1,Run1,189030486620,3.080551147460937,3.5273895263671875,1.0
2-3-1,Run1,189030503275,3.187530517578125,3.58758544921875,1.0
2-3-1,Run1,189030519929,3.2031402587890625,3.589462280273437,1.0
2-3-1,Run1,189030536585,3.213531494140625,3.589141845703125,1.0
2-3-1,Run1,189030553240,3.197128295898437,3.5932769775390625,1.0
2-3-1,Run1,189030569895,3.197372436523437,3.6003875732421875,1.0
2-3-1,Run1,189030586549,3.2181549072265625,3.59552001953125,1.0
2-3-1,Run1,189030603204,3.213729858398437,3.6014404296875,1.0
2-3-1,Run1,189030619859,3.204986572265625,3.608062744140625,1.0
2-3-1,Run1,189030636513,3.2122955322265625,3.601959228515625,1.0
2-3-1,Run1,189030653168,3.3361053466796875,3.616455078125,1.0
2-3-1,Run1,189030669823,3.319183349609375,3.6263580322265625,1.0
2-3-1,Run1,189030686476,3.319183349609375,3.7131500244140634,1.0
2-3-1,Run1,189030703131,3.2183990478515625,3.72955322265625,1.0
2-3-1,Run1,189030719786,3.11761474609375,3.619415283203125,1.0
2-3-1,Run1,189030736441,3.223175048828125,3.61151123046875,1.0
2-3-1,Run1,189030753096,3.2171783447265625,3.617843627929688,1.0
2-3-1,Run1,189030769751,3.201080322265625,3.62213134765625,1.0
2-3-1,Run1,189030786405,3.197509765625,3.615936279296875,1.0
2-3-1,Run1,189030803060,3.206939697265625,3.6157073974609375,1.0
2-3-1,Run1,189030819715,3.3272857666015625,3.7158050537109375,1.0
2-3-1,Run1,189030836370,3.3126983642578125,3.681610107421875,1.0
2-3-1,Run1,189030853024,3.186264038085937,3.597259521484375,1.0
2-3-1,Run1,189030869679,3.1929168701171875,3.611053466796875,1.0
2-3-1,Run1,189030886334,3.1971588134765625,3.589569091796875,1.0
2-3-1,Run1,189030902987,3.1872100830078125,3.582000732421875,1.0
2-3-1,Run1,189030919642,3.177352905273437,3.5995330810546875,1.0
2-3-1,Run1,189030936297,3.169891357421875,3.58612060546875,1.0
2-3-1,Run1,189030952952,3.1775665283203125,3.58673095703125,1.0
2-3-1,Run1,189030969607,3.1837310791015625,3.578887939453125,1.0
2-3-1,Run1,189030986262,3.3025360107421875,3.643753051757813,1.0
2-3-1,Run1,189031002916,3.3043670654296875,3.684722900390625,1.0
2-3-1,Run1,189031019571,3.180938720703125,3.598541259765625,1.0
2-3-1,Run1,189031036226,3.182525634765625,3.600082397460937,1.0
2-3-1,Run1,189031052880,3.172607421875,3.5912322998046875,1.0
2-3-1,Run1,189031069535,3.1561737060546875,3.5970611572265625,1.0
2-3-1,Run1,189031086190,3.169769287109375,3.596054077148437,1.0
2-3-1,Run1,189031102845,3.186431884765625,3.5901641845703125,1.0
2-3-1,Run1,189031119499,3.31304931640625,3.690597534179688,1.0
2-3-1,Run1,189031136154,3.284164428710937,3.7005767822265625,1.0
2-3-1,Run1,189031152809,3.175643920898437,3.595443725585937,1.0
2-3-1,Run1,189031169464,3.1884765625,3.58685302734375,1.0
2-3-1,Run1,189031186119,3.173614501953125,3.6812591552734375,1.0
2-3-1,Run1,189031202774,3.16705322265625,3.668899536132813,1.0
2-3-1,Run1,189031219428,3.173934936523437,3.5830230712890625,1.0
2-3-1,Run1,189031236083,3.17938232421875,3.5976104736328125,1.0
2-3-1,Run1,189031252738,3.3056640625,3.7015533447265625,1.0
2-3-1,Run1,189031269392,3.299591064453125,3.6327972412109375,1.0
2-3-1,Run1,189031286047,3.164459228515625,3.56890869140625,1.0
2-3-1,Run1,189031302702,3.165863037109375,3.5905303955078125,1.0
2-3-1,Run1,189031319356,3.1803131103515625,3.56781005859375,1.0
2-3-1,Run1,189031336011,3.170639038085937,3.565155029296875,1.0
2-3-1,Run1,189031352666,3.17645263671875,3.5824737548828125,1.0
2-3-1,Run1,189031369321,3.169097900390625,3.5889892578125,1.0
2-3-1,Run1,189031385976,3.265609741210937,3.696853637695313,1.0
2-3-1,Run1,189031402631,3.279403686523437,3.705886840820313,1.0
2-3-1,Run1,189031419286,3.1525115966796875,3.6031341552734375,1.0
2-3-1,Run1,189031435940,3.16302490234375,3.592147827148437,1.0
2-3-1,Run1,189031452595,3.179229736328125,3.598480224609375,1.0
2-3-1,Run1,189031469250,3.1717681884765625,3.59326171875,1.0
2-3-1,Run1,189031485904,3.1800537109375,3.594451904296875,1.0
2-3-1,Run1,189031502559,3.192138671875,3.608200073242188,1.0
2-3-1,Run1,189031519214,3.194580078125,3.626174926757813,1.0
2-3-1,Run1,189031535868,3.2069091796875,3.615280151367188,1.0
2-3-1,Run1,189031552523,3.202987670898437,3.5940704345703125,1.0
2-3-1,Run1,189031569178,3.19927978515625,3.612518310546875,1.0
2-3-1,Run1,189031585832,3.2122955322265625,3.63555908203125,1.0
2-3-1,Run1,189031602488,3.2154693603515625,3.640213012695313,1.0
2-3-1,Run1,189031619143,3.2182769775390625,3.6302490234375,1.0
2-3-1,Run1,189031635798,3.2234344482421875,3.626998901367188,1.0
2-3-1,Run1,189031652452,3.3433990478515625,3.7220458984375,1.0
2-3-1,Run1,189031669107,3.339141845703125,3.720306396484375,1.0
2-3-1,Run1,189031685762,3.223861694335937,3.620193481445313,1.0
2-3-1,Run1,189031702416,3.23162841796875,3.6176910400390634,1.0
2-3-1,Run1,189031719071,3.232025146484375,3.6251220703125,1.0
2-3-1,Run1,189031735726,3.241943359375,3.624435424804688,1.0
2-3-1,Run1,189031752380,3.242828369140625,3.634246826171875,1.0
2-3-1,Run1,189031769035,3.2289581298828125,3.6419677734375,1.0
2-3-1,Run1,189031785690,3.243270874023437,3.650604248046875,1.0
2-3-1,Run1,189031802344,3.254867553710937,3.652877807617188,1.0
2-3-1,Run1,189031819000,3.2596588134765625,3.6369781494140634,1.0
2-3-1,Run1,189031835655,3.166976928710937,3.559600830078125,1.0
2-3-1,Run1,189031852309,3.1868438720703125,3.087970733642578,1.0
2-3-1,Run1,189031868964,3.1846796671549478,2.6163406372070312,0.0
2-3-1,Run1,189031885619,3.1825154622395835,2.1447105407714844,0.0
2-3-1,Run1,189031902274,3.1803512573242188,1.6730804443359375,1.0
2-3-1,Run1,189031918928,3.178187052408854,1.6730804443359375,1.0
2-3-1,Run1,189031935583,3.1760228474934897,2.2717437744140625,0.0
2-3-1,Run1,189031952238,3.173858642578125,2.8704071044921875,1.0
2-3-1,Run1,189031968892,3.2887725830078125,3.385833740234375,1.0
2-3-1,Run1,189031985547,3.310394287109375,3.649368286132813,1.0
2-3-1,Run1,189032002202,3.3086090087890625,3.6450042724609375,1.0
2-3-1,Run1,189032018856,3.3035125732421875,3.699172973632813,1.0
2-3-1,Run1,189032035512,3.310653686523437,3.70733642578125,1.0
2-3-1,Run1,189032052167,3.323944091796875,3.74407958984375,1.0
2-3-1,Run1,189032068821,3.338897705078125,3.738128662109375,1.0
2-3-1,Run1,189032085476,3.448974609375,3.834671020507813,1.0
2-3-1,Run1,189032102131,3.476959228515625,3.8836517333984375,1.0
2-3-1,Run1,189032118785,3.376251220703125,3.8836517333984375,1.0
2-3-1,Run1,189032135440,3.374496459960937,3.8142776489257812,1.0
2-3-1,Run1,189032152095,3.38031005859375,3.744903564453125,1.0
2-3-1,Run1,189032168750,3.387115478515625,3.7864990234375,1.0
2-3-1,Run1,189032185404,3.409271240234375,3.7933197021484375,1.0
2-3-1,Run1,189032202059,3.433135986328125,3.8131256103515625,1.0
2-3-1,Run1,189032218714,3.442779541015625,3.8305816650390634,1.0
2-3-1,Run1,189032235368,3.436859130859375,3.8165130615234375,1.0
2-3-1,Run1,189032252024,3.438339233398437,3.812042236328125,1.0
2-3-1,Run1,189032268679,3.4410552978515625,3.8314056396484375,1.0
2-3-1,Run1,189032285333,3.52764892578125,3.91046142578125,1.0
2-3-1,Run1,189032301988,3.5023956298828125,3.899856567382813,1.0
2-3-1,Run1,189032318643,3.402252197265625,3.843902587890625,1.0
2-3-1,Run1,189032335297,3.386947631835937,3.839752197265625,1.0
2-3-1,Run1,189032351952,3.472885131835937,3.888336181640625,1.0
2-3-1,Run1,189032368607,3.4525909423828125,3.896942138671875,1.0
2-3-1,Run1,189032385261,3.3272857666015625,3.7780609130859375,1.0
2-3-1,Run1,189032401916,3.1909942626953125,3.690139770507813,1.0
2-3-1,Run1,189032418571,3.16168212890625,3.356669108072917,1.0
2-3-1,Run1,189032435226,3.088299560546875,3.023198445638021,0.0
2-3-1,Run1,189032451880,3.0149169921875,2.689727783203125,0.0
2-3-1,Run1,189032468536,2.941534423828125,2.3562571207682295,0.0
2-3-1,Run1,189032485191,2.86815185546875,2.022786458333333,0.0
2-3-1,Run1,189032501845,2.794769287109375,1.6893157958984375,1.0
2-3-1,Run1,189032518500,2.794769287109375,1.6893157958984375,1.0
2-3-1,Run1,189032535155,3.3267364501953125,3.914398193359375,1.0
2-3-1,Run1,189032551809,3.3267364501953125,3.662277221679688,1.0
2-3-1,Run1,189032568464,3.36602783203125,3.637863159179688,1.0
2-3-1,Run1,189032585119,3.21734619140625,3.7005615234375,1.0
2-3-1,Run1,189032601773,3.161712646484375,3.6976318359375,1.0
2-3-1,Run1,189032618428,3.1388702392578125,3.71380615234375,1.0
2-3-1,Run1,189032635083,3.1753692626953125,3.6945953369140634,1.0
2-3-1,Run1,189032651737,3.18890380859375,3.700103759765625,1.0
2-3-1,Run1,189032668392,3.18206787109375,3.706375122070313,1.0
2-3-1,Run1,189032685048,3.1818084716796875,3.797332763671875,1.0
2-3-1,Run1,189032701703,3.202621459960937,3.809402465820313,1.0
2-3-1,Run1,189032718357,3.2144775390625,3.7273101806640634,1.0
2-3-1,Run1,189032735012,3.2279205322265625,3.7249603271484375,1.0
2-3-1,Run1,189032751667,3.24005126953125,3.721466064453125,1.0
2-3-1,Run1,189032768321,3.261703491210937,3.7309417724609375,1.0
2-3-1,Run1,189032784976,3.405487060546875,3.8228607177734375,1.0
2-3-1,Run1,189032801631,3.3865203857421875,3.827682495117188,1.0
2-3-1,Run1,189032818285,3.2600555419921875,3.7523193359375,1.0
2-3-1,Run1,189032834940,3.2671661376953125,3.755783081054688,1.0
2-3-1,Run1,189032851595,3.39739990234375,3.83758544921875,1.0
2-3-1,Run1,189032868249,3.3968505859375,3.7833099365234375,1.0
2-3-1,Run1,189032884904,3.2634735107421875,3.72064208984375,1.0
2-3-1,Run1,189032901560,3.2680206298828125,3.73895263671875,1.0
2-3-1,Run1,189032918214,3.4001007080078125,3.8281402587890634,1.0
2-3-1,Run1,189032934869,3.3883107503255205,3.8050384521484375,1.0
2-3-1,Run1,189032951524,3.376520792643229,3.719818115234375,1.0
2-3-1,Run1,189032968179,3.364730834960937,3.713165283203125,1.0
2-3-1,Run1,189032984833,3.364730834960937,3.709503173828125,1.0
2-3-1,Run1,189033001488,3.365203857421875,3.70623779296875,1.0
2-3-1,Run1,189033018143,3.229232788085937,3.694168090820313,1.0
2-3-1,Run1,189033034797,3.2093658447265625,3.67620849609375,1.0
2-3-1,Run1,189033051452,3.319244384765625,3.7393798828125,1.0
2-3-1,Run1,189033068107,3.35833740234375,3.7408345540364585,1.0
2-3-1,Run1,189033084761,3.210784912109375,3.7422892252604165,1.0
2-3-1,Run1,189033101416,3.195892333984375,3.743743896484375,1.0
2-3-1,Run1,189033118072,3.330322265625,3.652633666992188,1.0
2-3-1,Run1,189033134726,3.309814453125,3.643142700195313,1.0
2-3-1,Run1,189033151381,3.183837890625,3.623367309570313,1.0
2-3-1,Run1,189033168036,3.07147216796875,3.61669921875,1.0
2-3-1,Run1,189033184690,3.0519561767578125,3.6191253662109375,1.0
2-3-1,Run1,189033201345,3.16943359375,3.6033935546875,1.0
2-3-1,Run1,189033218000,3.165390014648437,3.594390869140625,1.0
2-3-1,Run1,189033234655,3.1699981689453125,3.6033935546875,1.0
2-3-1,Run1,189033251309,3.299057006835937,3.6843109130859375,1.0
2-3-1,Run1,189033267964,3.316650390625,3.690185546875,1.0
2-3-1,Run1,189033284619,3.1821746826171875,3.6097412109375,1.0
2-3-1,Run1,189033301273,3.2060089111328125,3.62103271484375,1.0
2-3-1,Run1,189033317928,3.36566162109375,3.63433837890625,1.0
2-3-1,Run1,189033334584,3.340484619140625,3.640670776367188,1.0
2-3-1,Run1,189033351238,3.228179931640625,3.6458892822265625,1.0
2-3-1,Run1,189033367893,3.2456817626953125,3.63995361328125,1.0
2-3-1,Run1,189033384548,3.25958251953125,3.64715576171875,1.0
2-3-1,Run1,189033401202,3.24505615234375,3.643646240234375,1.0
2-3-1,Run1,189033417857,3.35076904296875,3.65155029296875,1.0
2-3-1,Run1,189033434512,3.327972412109375,3.653732299804688,1.0
2-3-1,Run1,189033451166,3.327972412109375,3.721878051757813,1.0
2-3-1,Run1,189033467821,3.2097835540771484,3.667230606079102,0.0
2-3-1,Run1,189033484476,3.091594696044922,3.612583160400391,0.0
2-3-1,Run1,189033501131,2.9734058380126953,3.55793571472168,0.0
2-3-1,Run1,189033517785,2.8552169799804688,3.5032882690429688,0.0
2-3-1,Run1,189033534440,2.737028121948242,3.448640823364258,0.0
2-3-1,Run1,189033551096,2.6188392639160156,3.393993377685547,0.0
2-3-1,Run1,189033567750,2.500650405883789,3.339345932006836,0.0
2-3-1,Run1,189033584405,2.3824615478515625,3.284698486328125,1.0
2-3-1,Run1,189033601060,2.987213134765625,3.7059326171875,1.0
2-3-1,Run1,189033617714,3.300811767578125,3.709075927734375,1.0
2-3-1,Run1,189033634369,3.2744903564453125,3.63482666015625,1.0
2-3-1,Run1,189033651024,3.275543212890625,3.803878784179688,1.0
2-3-1,Run1,189033667678,3.294464111328125,3.84100341796875,1.0
2-3-1,Run1,189033684333,3.410308837890625,3.84100341796875,1.0
2-3-1,Run1,189033700988,3.38775634765625,3.7405776977539067,1.0
2-3-1,Run1,189033717642,3.311676025390625,3.6401519775390634,1.0
2-3-1,Run1,189033734297,3.31634521484375,3.7118072509765625,1.0
2-3-1,Run1,189033750952,3.300933837890625,3.80914306640625,1.0
2-3-1,Run1,189033767608,3.3134002685546875,3.8642578125,1.0
2-3-1,Run1,189033784262,3.3201446533203125,3.75164794921875,1.0
2-3-1,Run1,189033800917,3.32562255859375,3.7322998046875,1.0
2-3-1,Run1,189033817572,3.3319244384765625,3.751739501953125,1.0
2-3-1,Run1,189033834226,3.3436279296875,3.7389984130859375,1.0
2-3-1,Run1,189033850881,3.3414764404296875,3.7388763427734375,1.0
2-3-1,Run1,189033867536,3.339385986328125,3.75042724609375,1.0
2-3-1,Run1,189033884190,3.323471069335937,3.74493408203125,1.0
2-3-1,Run1,189033900845,3.300155639648437,3.7343597412109375,1.0
2-3-1,Run1,189033917500,3.2973175048828125,3.715484619140625,1.0
2-3-1,Run1,189033934154,3.29693603515625,3.720672607421875,1.0
2-3-1,Run1,189033950809,3.2961883544921875,3.805084228515625,1.0
2-3-1,Run1,189033967464,3.288787841796875,3.800537109375,1.0
2-3-1,Run1,189033984119,3.28302001953125,3.800537109375,1.0
2-3-1,Run1,189034000774,3.2853546142578125,3.723175048828125,1.0
2-3-1,Run1,189034017429,3.3887939453125,3.64581298828125,1.0
2-3-1,Run1,189034034084,3.3707427978515625,3.69140625,1.0
2-3-1,Run1,189034050738,3.2564697265625,3.68780517578125,1.0
2-3-1,Run1,189034067393,3.2515106201171875,3.703857421875,1.0
2-3-1,Run1,189034084048,3.262191772460937,3.693206787109375,1.0
2-3-1,Run1,189034100702,3.2605133056640625,3.6932220458984375,1.0
2-3-1,Run1,189034117357,3.25244140625,3.694732666015625,1.0
2-3-1,Run1,189034134012,3.2373809814453125,3.690719604492188,1.0
2-3-1,Run1,189034150666,3.249053955078125,3.6843109130859375,1.0
2-3-1,Run1,189034167321,3.263092041015625,3.67919921875,1.0
2-3-1,Run1,189034183976,3.24969482421875,3.6737213134765625,1.0
2-3-1,Run1,189034200631,3.233993530273437,3.65985107421875,1.0
2-3-1,Run1,189034217286,3.233001708984375,3.66015625,1.0
2-3-1,Run1,189034233941,3.13800048828125,3.607025146484375,1.0
2-3-1,Run1,189034250595,3.13311767578125,3.597254435221354,0.0
2-3-1,Run1,189034267250,3.12823486328125,3.5874837239583335,0.0
2-3-1,Run1,189034283905,3.12335205078125,3.5777130126953125,1.0
2-3-1,Run1,189034300560,3.2157440185546875,3.62713623046875,1.0
2-3-1,Run1,189034317214,3.2068023681640625,3.613082885742188,1.0
2-3-1,Run1,189034333869,3.2071685791015625,3.612640380859375,1.0
2-3-1,Run1,189034350524,3.2062225341796875,3.610687255859375,1.0
2-3-1,Run1,189034367178,3.2066802978515625,3.604217529296875,1.0
2-3-1,Run1,189034383833,3.3114013671875,3.6824951171875,1.0
2-3-1,Run1,189034400488,3.2950897216796875,3.71435546875,1.0
2-3-1,Run1,189034417143,3.210113525390625,3.6139984130859375,1.0
2-3-1,Run1,189034433798,3.2087554931640625,3.604339599609375,1.0
2-3-1,Run1,189034450453,3.1940155029296875,3.611251831054688,1.0
2-3-1,Run1,189034467107,3.1908416748046875,3.6262054443359375,1.0
2-3-1,Run1,189034483762,3.204254150390625,3.61846923828125,1.0
2-3-1,Run1,189034500417,3.205307006835937,3.620407104492188,1.0
2-3-1,Run1,189034517071,3.293914794921875,3.728561401367188,1.0
2-3-1,Run1,189034533726,3.2077255249023438,3.684783935546875,1.0
2-3-1,Run1,189034550381,3.1215362548828125,3.5849609375,1.0
2-3-1,Run1,189034567036,3.1272125244140625,3.4191131591796875,1.0
2-3-1,Run1,189034583690,3.13763427734375,3.1670074462890625,1.0
2-3-1,Run1,189034600345,3.0647757393973216,3.1642547607421876,0.0
2-3-1,Run1,189034617000,2.991917201450893,3.1615020751953127,0.0
2-3-1,Run1,189034633655,2.9190586635044644,3.1587493896484373,0.0
2-3-1,Run1,189034650310,2.8462001255580356,3.1559967041015624,0.0
2-3-1,Run1,189034666965,2.773341587611607,3.1532440185546875,0.0
2-3-1,Run1,189034683619,2.7004830496651784,3.1504913330078126,0.0
2-3-1,Run1,189034700274,2.62762451171875,3.1477386474609377,1.0
2-3-1,Run1,189034716929,2.8536529541015625,3.1449859619140623,1.0
2-3-1,Run1,189034733583,3.1201324462890625,3.1422332763671874,1.0
2-3-1,Run1,189034750238,3.1938934326171875,3.1394805908203125,1.0
2-3-1,Run1,189034766893,3.253021240234375,3.446151733398437,1.0
2-3-1,Run1,189034783547,3.2531280517578125,3.622238159179688,1.0
2-3-1,Run1,189034800202,3.24169921875,3.511749267578125,1.0
2-3-1,Run1,189034816857,3.253646850585937,3.546112060546875,1.0
2-3-1,Run1,189034833512,3.274627685546875,3.644729614257813,1.0
2-3-1,Run1,189034850167,3.284515380859375,3.657424926757813,1.0
2-3-1,Run1,189034866822,3.2856597900390625,3.65594482421875,1.0
2-3-1,Run1,189034883477,3.2928466796875,3.686553955078125,1.0
2-3-1,Run1,189034900131,3.305160522460937,3.687591552734375,1.0
2-3-1,Run1,189034916786,3.31268310546875,3.677566528320313,1.0
2-3-1,Run1,189034933441,3.3258514404296875,3.6970062255859375,1.0
2-3-1,Run1,189034950095,3.3297882080078125,3.708526611328125,1.0
2-3-1,Run1,189034966750,3.347885131835937,3.683807373046875,1.0
2-3-1,Run1,189034983405,3.351593017578125,3.6881256103515625,1.0
2-3-1,Run1,189035000059,3.3385162353515625,3.70001220703125,1.0
2-3-1,Run1,189035016714,3.3645172119140625,3.7193603515625,1.0
2-3-1,Run1,189035033369,3.3502655029296875,3.725067138671875,1.0
2-3-1,Run1,189035050023,3.3515167236328125,3.71337890625,1.0
2-3-1,Run1,189035066679,3.368133544921875,3.7183685302734375,1.0
2-3-1,Run1,189035083334,3.4744110107421875,3.8234710693359375,1.0
2-3-1,Run1,189035099989,3.462800767686632,3.716734144422743,0.0
2-3-1,Run1,189035116643,3.4511905246310763,3.6099972195095487,0.0
2-3-1,Run1,189035133298,3.439580281575521,3.503260294596354,0.0
2-3-1,Run1,189035149953,3.427970038519965,3.39652336968316,0.0
2-3-1,Run1,189035166607,3.41635979546441,3.289786444769965,0.0
2-3-1,Run1,189035183262,3.404749552408854,3.1830495198567705,0.0
2-3-1,Run1,189035199917,3.3931393093532987,3.0763125949435763,0.0
2-3-1,Run1,189035216571,3.381529066297743,2.969575670030382,0.0
2-3-1,Run1,189035233226,3.3699188232421875,2.8628387451171875,1.0
2-3-1,Run1,189035249881,3.3699188232421875,2.8628387451171875,1.0
2-3-1,Run1,189035266535,3.435455322265625,3.395294189453125,1.0
2-3-1,Run1,189035283191,3.2989959716796875,3.4115447998046875,1.0
2-3-1,Run1,189035299846,3.275299072265625,3.704742431640625,1.0
2-3-1,Run1,189035316500,3.288558959960937,3.7307281494140634,1.0
2-3-1,Run1,189035333155,3.28399658203125,3.6631011962890634,1.0
2-3-1,Run1,189035349810,3.2789306640625,3.7094573974609375,1.0
2-3-1,Run1,189035366465,3.2887420654296875,3.610885620117188,1.0
2-3-1,Run1,189035383119,3.2977294921875,3.616363525390625,1.0
2-3-1,Run1,189035399774,3.290267944335937,3.694747924804688,1.0
2-3-1,Run1,189035416429,3.29656982421875,3.711029052734375,1.0
2-3-1,Run1,189035433083,3.309844970703125,3.72869873046875,1.0
2-3-1,Run1,189035449738,3.4089508056640625,3.848907470703125,1.0
2-3-1,Run1,189035466393,3.4318389892578125,3.8270263671875,1.0
2-3-1,Run1,189035483047,3.319427490234375,3.7423095703125,1.0
2-3-1,Run1,189035499703,3.3337860107421875,3.738739013671875,1.0
2-3-1,Run1,189035516358,3.342926025390625,3.7405853271484375,1.0
2-3-1,Run1,189035533012,3.3347320556640625,3.73651123046875,1.0
2-3-1,Run1,189035549667,3.332244873046875,3.746490478515625,1.0
2-3-1,Run1,189035566322,3.328948974609375,3.756393432617188,1.0
2-3-1,Run1,189035582976,3.31512451171875,3.752593994140625,1.0
2-3-1,Run1,189035599631,3.3065338134765625,3.744537353515625,1.0
2-3-1,Run1,189035616286,3.310302734375,3.75189208984375,1.0
2-3-1,Run1,189035632941,3.30474853515625,3.7564849853515625,1.0
2-3-1,Run1,189035649595,3.30426025390625,3.735260009765625,1.0
2-3-1,Run1,189035666250,3.3008575439453125,3.7276458740234375,1.0
2-3-1,Run1,189035682905,3.2832183837890625,3.7148590087890634,1.0
2-3-1,Run1,189035699560,3.2876739501953125,3.7093353271484375,1.0
2-3-1,Run1,189035716215,3.2833709716796875,3.6949310302734375,1.0
2-3-1,Run1,189035732870,3.266571044921875,3.692169189453125,1.0
2-3-1,Run1,189035749524,3.259307861328125,3.690704345703125,1.0
2-3-1,Run1,189035766179,3.25250244140625,3.687179565429688,1.0
2-3-1,Run1,189035782834,3.2370758056640625,3.6797943115234375,1.0
2-3-1,Run1,189035799488,3.215850830078125,3.6754150390625,1.0
2-3-1,Run1,189035816143,3.2146148681640625,3.6713714599609375,1.0
2-3-1,Run1,189035832798,3.2212066650390625,3.661422729492188,1.0
2-3-1,Run1,189035849452,3.20574951171875,3.643218994140625,1.0
2-3-1,Run1,189035866107,3.210723876953125,3.6529541015625,1.0
2-3-1,Run1,189035882762,3.2165985107421875,3.65618896484375,1.0
2-3-1,Run1,189035899417,3.2073516845703125,3.6524658203125,1.0
2-3-1,Run1,189035916072,3.2056121826171875,3.665847778320313,1.0
2-3-1,Run1,189035932727,3.191864013671875,3.654342651367188,1.0
2-3-1,Run1,189035949382,3.1917266845703125,3.621261596679688,1.0
2-3-1,Run1,189035966036,3.190216064453125,3.632736206054688,1.0
2-3-1,Run1,189035982691,3.18402099609375,3.64898681640625,1.0
2-3-1,Run1,189035999346,3.183929443359375,3.63250732421875,1.0
2-3-1,Run1,189036016000,3.1781158447265625,3.630340576171875,1.0
2-3-1,Run1,189036032655,3.1799468994140625,3.65789794921875,1.0
2-3-1,Run1,189036049310,3.205657958984375,3.777633666992188,1.0
2-3-1,Run1,189036065964,3.2115478515625,3.73724365234375,1.0
2-3-1,Run1,189036082619,3.206893920898437,3.6473541259765625,1.0
2-3-1,Run1,189036099274,3.2192840576171875,3.6464691162109375,1.0
2-3-1,Run1,189036115928,3.2091827392578125,3.6436920166015625,1.0
2-3-1,Run1,189036132584,3.205429077148437,3.647903442382813,1.0
2-3-1,Run1,189036149239,3.2177276611328125,3.6412200927734375,1.0
2-3-1,Run1,189036165894,3.2314453125,3.64141845703125,1.0
2-3-1,Run1,189036182548,3.224639892578125,3.6326751708984375,1.0
2-3-1,Run1,189036199203,3.229110717773437,3.614181518554688,1.0
2-3-1,Run1,189036215858,3.239715576171875,3.62701416015625,1.0
2-3-1,Run1,189036232512,3.230087280273437,3.6246185302734375,1.0
2-3-1,Run1,189036249167,3.219757080078125,3.623016357421875,1.0
2-3-1,Run1,189036265822,3.2080078125,3.638092041015625,1.0
2-3-1,Run1,189036282476,3.2197418212890625,3.6359710693359375,1.0
2-3-1,Run1,189036299131,3.2385711669921875,3.6268463134765625,1.0
2-3-1,Run1,189036315786,3.238372802734375,3.62103271484375,1.0
2-3-1,Run1,189036332440,3.241851806640625,3.638137817382813,1.0
2-3-1,Run1,189036349096,3.23016357421875,3.632415771484375,1.0
2-3-1,Run1,189036365751,3.2254638671875,3.6260986328125,1.0
2-3-1,Run1,189036382405,3.234039306640625,3.6383209228515625,1.0
2-3-1,Run1,189036399060,3.2339630126953125,3.6257171630859375,1.0
2-3-1,Run1,189036415716,3.2213592529296875,3.637649536132813,1.0
2-3-1,Run1,189036432371,3.208160400390625,3.6683349609375,1.0
2-3-1,Run1,189036449025,3.2103271484375,3.776443481445313,1.0
2-3-1,Run1,189036465680,3.2074737548828125,3.7537841796875,1.0
2-3-1,Run1,189036482335,3.209625244140625,3.62774658203125,1.0
2-3-1,Run1,189036498989,3.224639892578125,3.6132659912109375,1.0
2-3-1,Run1,189036515644,3.2097625732421875,3.6324310302734375,1.0
2-3-1,Run1,189036532299,3.2032470703125,3.6384429931640634,1.0
2-3-1,Run1,189036548953,3.3347930908203125,3.736618041992188,1.0
2-3-1,Run1,189036565609,3.38079833984375,3.7274017333984375,1.0
2-3-1,Run1,189036582264,3.245101928710937,3.6364898681640634,1.0
2-3-1,Run1,189036598918,3.247177124023437,3.627365112304688,1.0
2-3-1,Run1,189036615573,3.2469635009765625,3.639205932617188,1.0
2-3-1,Run1,189036632228,3.2258453369140625,3.6511383056640634,1.0
2-3-1,Run1,189036648882,3.232406616210937,3.6473236083984375,1.0
2-3-1,Run1,189036665538,3.2485504150390625,3.6546630859375,1.0
2-3-1,Run1,189036682193,3.25872802734375,3.6635589599609375,1.0
2-3-1,Run1,189036698848,3.254241943359375,3.6708984375,1.0
2-3-1,Run1,189036715502,3.2439422607421875,3.683547973632813,1.0
2-3-1,Run1,189036732157,3.251251220703125,3.6810302734375,1.0
2-3-1,Run1,189036748812,3.2725372314453125,3.6786956787109375,1.0
2-3-1,Run1,189036765466,3.2847900390625,3.6805419921875,1.0
2-3-1,Run1,189036782122,3.28173828125,3.679229736328125,1.0
2-3-1,Run1,189036798777,3.2672882080078125,3.677581787109375,1.0
2-3-1,Run1,189036815431,3.2739715576171875,3.685699462890625,1.0
2-3-1,Run1,189036832086,3.2794952392578125,3.697265625,1.0
2-3-1,Run1,189036848741,3.281097412109375,3.7051849365234375,1.0
2-3-1,Run1,189036865395,3.294662475585937,3.6964263916015625,1.0
2-3-1,Run1,189036882050,3.3016815185546875,3.690597534179688,1.0
2-3-1,Run1,189036898705,3.2938995361328125,3.6997222900390634,1.0
2-3-1,Run1,189036915360,3.28521728515625,3.7222747802734375,1.0
2-3-1,Run1,189036932015,3.3214263916015625,3.71661376953125,1.0
2-3-1,Run1,189036948670,3.317230224609375,3.709075927734375,1.0
2-3-1,Run1,189036965325,3.291748046875,3.725387573242188,1.0
2-3-1,Run1,189036981979,3.296737670898437,3.717437744140625,1.0
2-3-1,Run1,189036998635,3.2891998291015625,3.700225830078125,1.0
2-3-1,Run1,189037015290,3.29498291015625,3.70233154296875,1.0
2-3-1,Run1,189037031944,3.2865447998046875,3.7127685546875,1.0
2-3-1,Run1,189037048599,3.2778472900390625,3.718475341796875,1.0
2-3-1,Run1,189037065254,3.2891998291015625,3.719146728515625,1.0
2-3-1,Run1,189037081908,3.27508544921875,3.7018890380859375,1.0
2-3-1,Run1,189037098563,3.258026123046875,3.702804565429688,1.0
2-3-1,Run1,189037115218,3.248809814453125,3.8086090087890634,1.0
2-3-1,Run1,189037131872,3.251571655273437,3.778900146484375,1.0
2-3-1,Run1,189037148527,3.26336669921875,3.686080932617188,1.0
2-3-1,Run1,189037165183,3.2705078125,3.698532104492188,1.0
2-3-1,Run1,189037181837,3.393463134765625,3.8072662353515625,1.0
2-3-1,Run1,189037198492,3.374847412109375,3.7821197509765625,1.0
2-3-1,Run1,189037215148,3.2624053955078125,3.6789703369140634,1.0
2-3-1,Run1,189037231803,3.2516632080078125,3.6788177490234375,1.0
2-3-1,Run1,189037248457,3.2480621337890625,3.6808929443359375,1.0
2-3-1,Run1,189037265112,3.27752685546875,3.6717681884765625,1.0
2-3-1,Run1,189037281767,3.2832489013671875,3.678665161132813,1.0
2-3-1,Run1,189037298421,3.259185791015625,3.6732330322265625,1.0
2-3-1,Run1,189037315076,3.251205444335937,3.6724853515625,1.0
2-3-1,Run1,189037331731,3.2325439453125,3.6775970458984375,1.0
2-3-1,Run1,189037348385,3.219696044921875,3.669754028320313,1.0
2-3-1,Run1,189037365040,3.23052978515625,3.6550445556640634,1.0
2-3-1,Run1,189037381695,3.2277069091796875,3.654541015625,1.0
2-3-1,Run1,189037398349,3.230941772460937,3.6601409912109375,1.0
2-3-1,Run1,189037415005,3.2279052734375,3.653884887695313,1.0
2-3-1,Run1,189037431661,3.213836669921875,3.6556396484375,1.0
2-3-1,Run1,189037448315,3.226898193359375,3.6429290771484375,1.0
2-3-1,Run1,189037464970,3.233917236328125,3.645843505859375,1.0
2-3-1,Run1,189037481625,3.228240966796875,3.6524810791015625,1.0
2-3-1,Run1,189037498280,3.222747802734375,3.64080810546875,1.0
2-3-1,Run1,189037514934,3.2142791748046875,3.634445190429688,1.0
2-3-1,Run1,189037531589,3.220306396484375,3.643280029296875,1.0
2-3-1,Run1,189037548244,3.3388671875,3.74237060546875,1.0
2-3-1,Run1,189037564898,3.37481689453125,3.682861328125,1.0
2-3-1,Run1,189037581553,3.233367919921875,3.591415405273437,1.0
2-3-1,Run1,189037598208,3.2107391357421875,3.6061859130859375,1.0
2-3-1,Run1,189037614862,3.217269897460937,3.59954833984375,1.0
2-3-1,Run1,189037631518,3.22100830078125,3.5970458984375,1.0
2-3-1,Run1,189037648173,3.207138061523437,3.612152099609375,1.0
2-3-1,Run1,189037664828,3.21099853515625,3.6021270751953125,1.0
2-3-1,Run1,189037681483,3.3488922119140625,3.688812255859375,1.0
2-3-1,Run1,189037698138,3.2937774658203125,3.68853759765625,1.0
2-3-1,Run1,189037714792,3.1845855712890625,3.5911102294921875,1.0
2-3-1,Run1,189037731447,3.181884765625,3.591766357421875,1.0
2-3-1,Run1,189037748102,3.181869506835937,3.589828491210937,1.0
2-3-1,Run1,189037764757,3.1864166259765625,3.5937957763671875,1.0
2-3-1,Run1,189037781411,3.1875457763671875,3.592620849609375,1.0
2-3-1,Run1,189037798066,3.207138061523437,3.605072021484375,1.0
2-3-1,Run1,189037814721,3.2158355712890625,3.619094848632813,1.0
2-3-1,Run1,189037831376,3.195907592773437,3.619216918945313,1.0
2-3-1,Run1,189037848031,3.19061279296875,3.6037750244140634,1.0
2-3-1,Run1,189037864686,3.20513916015625,3.58685302734375,1.0
2-3-1,Run1,189037881340,3.2169952392578125,3.6072998046875,1.0
2-3-1,Run1,189037897995,3.20379638671875,3.605392456054688,1.0
2-3-1,Run1,189037914651,3.212631225585937,3.5913238525390625,1.0
2-3-1,Run1,189037931305,3.229278564453125,3.5897216796875,1.0
2-3-1,Run1,189037947960,3.224395751953125,3.606613159179688,1.0
2-3-1,Run1,189037964615,3.2144775390625,3.6165924072265625,1.0
2-3-1,Run1,189037981269,3.2190704345703125,3.60919189453125,1.0
2-3-1,Run1,189037997924,3.200531005859375,3.6032562255859375,1.0
2-3-1,Run1,189038014579,3.1642608642578125,3.4638214111328125,1.0
2-3-1,Run1,189038031234,3.055038452148437,3.1950836181640625,1.0
2-3-1,Run1,189038047888,3.285751342773437,3.2312643868582587,0.0
2-3-1,Run1,189038064544,3.516464233398437,3.2674451555524553,1.0
2-3-1,Run1,189038081199,3.516464233398437,3.3036259242466515,1.0
2-3-1,Run1,189038097853,3.085311889648437,3.339806692940848,1.0
2-3-1,Run1,189038114508,3.0799713134765625,3.3759874616350443,1.0
2-3-1,Run1,189038131163,3.244003295898437,3.4121682303292404,1.0
2-3-1,Run1,189038147817,3.275848388671875,3.448348999023437,1.0
2-3-1,Run1,189038164473,3.244903564453125,3.577056884765625,1.0
2-3-1,Run1,189038181128,3.2407989501953125,3.620697021484375,1.0
2-3-1,Run1,189038197782,3.2404327392578125,3.617218017578125,1.0
2-3-1,Run1,189038214437,3.261459350585937,3.62298583984375,1.0
2-3-1,Run1,189038231092,3.2760772705078125,3.62017822265625,1.0
2-3-1,Run1,189038247746,3.276214599609375,3.648223876953125,1.0
2-3-1,Run1,189038264401,3.279037475585937,3.6513519287109375,1.0
2-3-1,Run1,189038281056,3.281478881835937,3.643844604492188,1.0
2-3-1,Run1,189038297712,3.2837066650390625,3.645843505859375,1.0
2-3-1,Run1,189038314366,3.29925537109375,3.643722534179688,1.0
2-3-1,Run1,189038331021,3.3024139404296875,3.65374755859375,1.0
2-3-1,Run1,189038347676,3.291244506835937,3.67510986328125,1.0
2-3-1,Run1,189038364330,3.2975311279296875,3.678863525390625,1.0
2-3-1,Run1,189038380985,3.294097900390625,3.6849365234375,1.0
2-3-1,Run1,189038397640,3.3009490966796875,3.674163818359375,1.0
2-3-1,Run1,189038414295,3.4127655029296875,3.7551116943359375,1.0
2-3-1,Run1,189038430950,3.4056549072265625,3.715728759765625,1.0
2-3-1,Run1,189038447605,3.2843475341796875,3.647003173828125,1.0
2-3-1,Run1,189038464259,3.26556396484375,3.655563354492188,1.0
2-3-1,Run1,189038480914,3.23553466796875,3.652099609375,1.0
2-3-1,Run1,189038497569,3.221435546875,3.656951904296875,1.0
2-3-1,Run1,189038514224,3.2140350341796875,3.650192260742188,1.0
2-3-1,Run1,189038530879,3.0948028564453125,3.651046752929688,1.0
2-3-1,Run1,189038547534,3.0820201526988638,3.762969970703125,1.0
2-3-1,Run1,189038564189,3.0692374489524146,3.7041229248046874,0.0
2-3-1,Run1,189038580843,3.056454745205966,3.64527587890625,0.0
2-3-1,Run1,189038597498,3.043672041459517,3.5864288330078127,0.0
2-3-1,Run1,189038614153,3.0308893377130683,3.527581787109375,0.0
2-3-1,Run1,189038630807,3.018106633966619,3.4687347412109375,0.0
2-3-1,Run1,189038647463,3.0053239302201704,3.4098876953125,0.0
2-3-1,Run1,189038664118,2.9925412264737217,3.3510406494140623,0.0
2-3-1,Run1,189038680772,2.979758522727273,3.292193603515625,0.0
2-3-1,Run1,189038697427,2.9669758189808237,3.2333465576171876,0.0
2-3-1,Run1,189038714082,2.954193115234375,3.17449951171875,1.0
2-3-1,Run1,189038730737,3.090682983398437,3.5131072998046875,1.0
2-3-1,Run1,189038747392,3.10565185546875,3.53167724609375,1.0
2-3-1,Run1,189038764047,3.09942626953125,3.4918212890625,1.0
2-3-1,Run1,189038780701,3.09649658203125,3.50946044921875,1.0
2-3-1,Run1,189038797356,3.091171264648437,3.49383544921875,1.0
2-3-1,Run1,189038814011,3.0763092041015625,3.5058746337890625,1.0
2-3-1,Run1,189038830666,3.085052490234375,3.49725341796875,1.0
2-3-1,Run1,189038847320,3.0872802734375,3.506088256835937,1.0
2-3-1,Run1,189038863976,3.10638427734375,3.4918975830078125,1.0
2-3-1,Run1,189038880631,3.0955352783203125,3.4888153076171875,1.0
2-3-1,Run1,189038897285,3.1050262451171875,3.4808807373046875,1.0
2-3-1,Run1,189038913940,3.0920562744140625,3.4983062744140625,1.0
2-3-1,Run1,189038930595,3.0757293701171875,3.5006866455078125,1.0
2-3-1,Run1,189038947250,3.090850830078125,3.4787139892578125,1.0
2-3-1,Run1,189038963905,3.087066650390625,3.4853515625,1.0
2-3-1,Run1,189038980560,3.0781707763671875,3.487274169921875,1.0
2-3-1,Run1,189038997214,3.0878143310546875,3.491928100585937,1.0
2-3-1,Run1,189039013869,3.1035919189453125,3.5139312744140625,1.0
2-3-1,Run1,189039030524,3.103179931640625,3.5227203369140625,1.0
2-3-1,Run1,189039047178,3.106796264648437,3.499481201171875,1.0
2-3-1,Run1,189039063834,3.11431884765625,3.506317138671875,1.0
2-3-1,Run1,189039080489,3.126068115234375,3.5172576904296875,1.0
2-3-1,Run1,189039097144,3.120590209960937,3.50030517578125,1.0
2-3-1,Run1,189039113798,3.1019439697265625,3.518798828125,1.0
2-3-1,Run1,189039130453,3.0949859619140625,3.5266876220703125,1.0
2-3-1,Run1,189039147108,3.0810089111328125,3.4990692138671875,1.0
2-3-1,Run1,189039163763,3.065032958984375,3.475830078125,1.0
2-3-1,Run1,189039180418,3.06329345703125,3.4843292236328125,1.0
2-3-1,Run1,189039197073,3.0750274658203125,3.48846435546875,1.0
2-3-1,Run1,189039213727,3.0673065185546875,3.47186279296875,1.0
2-3-1,Run1,189039230382,3.0426025390625,3.468231201171875,1.0
2-3-1,Run1,189039247037,3.0500640869140625,3.449432373046875,1.0
2-3-1,Run1,189039263692,3.0629119873046875,3.448455810546875,1.0
2-3-1,Run1,189039280347,3.0444488525390625,3.424774169921875,1.0
2-3-1,Run1,189039297002,2.9378204345703125,3.327423095703125,1.0
2-3-1,Run1,189039313656,2.837397257486979,3.2127227783203125,0.0
2-3-1,Run1,189039330311,2.736974080403646,3.0980224609375,0.0
2-3-1,Run1,189039346966,2.6365509033203125,2.9833221435546875,0.0
2-3-1,Run1,189039363621,2.536127726236979,2.868621826171875,0.0
2-3-1,Run1,189039380275,2.435704549153646,2.7539215087890625,0.0
2-3-1,Run1,189039396930,2.3352813720703125,2.63922119140625,0.0
2-3-1,Run1,189039413586,2.2348581949869795,2.5245208740234375,0.0
2-3-1,Run1,189039430240,2.134435017903646,2.409820556640625,0.0
2-3-1,Run1,189039446895,2.0340118408203125,2.2951202392578125,1.0
2-3-1,Run1,189039463550,2.6674041748046875,2.2951202392578125,1.0
2-3-1,Run1,189039480204,2.995452880859375,2.788558959960937,1.0
2-3-1,Run1,189039496860,2.9733123779296875,3.2767333984375,1.0
2-3-1,Run1,189039513515,3.011444091796875,3.4881591796875,1.0
2-3-1,Run1,189039530169,3.0563201904296875,3.376678466796875,1.0
2-3-1,Run1,189039546824,3.0496368408203125,3.42523193359375,1.0
2-3-1,Run1,189039563479,3.0471954345703125,3.4474334716796875,1.0
2-3-1,Run1,189039580133,3.0518341064453125,3.4466552734375,1.0
2-3-1,Run1,189039596788,3.0481109619140625,3.4575958251953125,1.0
2-3-1,Run1,189039613443,3.0454864501953125,3.4931182861328125,1.0
2-3-1,Run1,189039630098,3.0682525634765625,3.463714599609375,1.0
2-3-1,Run1,189039646752,3.077423095703125,3.4639129638671875,1.0
2-3-1,Run1,189039663408,3.0683746337890625,3.4825439453125,1.0
2-3-1,Run1,189039680063,3.0531158447265625,3.4894561767578125,1.0
2-3-1,Run1,189039696717,3.0663299560546875,3.497039794921875,1.0
2-3-1,Run1,189039713372,3.097259521484375,3.603805541992188,1.0
2-3-1,Run1,189039730027,3.1026153564453125,3.585296630859375,1.0
2-3-1,Run1,189039746682,3.0828857421875,3.585296630859375,1.0
2-3-1,Run1,189039763337,3.1082763671875,3.51055908203125,1.0
2-3-1,Run1,189039779992,3.1043853759765625,3.435821533203125,1.0
2-3-1,Run1,189039796646,3.0933380126953125,3.50042724609375,1.0
2-3-1,Run1,189039813301,3.253662109375,3.505844116210937,1.0
2-3-1,Run1,189039829956,3.28936767578125,3.4924774169921875,1.0
2-3-1,Run1,189039846610,3.1305084228515625,3.494003295898437,1.0
2-3-1,Run1,189039863265,3.103363037109375,3.5009918212890625,1.0
2-3-1,Run1,189039879920,3.10321044921875,3.498397827148437,1.0
2-3-1,Run1,189039896576,3.1189422607421875,3.5003814697265625,1.0
2-3-1,Run1,189039913230,3.110946655273437,3.511077880859375,1.0
2-3-1,Run1,189039929885,3.1173095703125,3.5040435791015625,1.0
2-3-1,Run1,189039946540,3.13128662109375,3.495391845703125,1.0
2-3-1,Run1,189039963194,3.1114501953125,3.513427734375,1.0
2-3-1,Run1,189039979850,3.2325439453125,3.625289916992188,1.0
2-3-1,Run1,189039996505,3.19964599609375,3.5874786376953125,1.0
2-3-1,Run1,189040013159,3.086898803710937,3.497299194335937,1.0
2-3-1,Run1,189040029814,3.098236083984375,3.5050048828125,1.0
2-3-1,Run1,189040046469,3.22296142578125,3.5127716064453125,1.0
2-3-1,Run1,189040063123,3.2607421875,3.523788452148437,1.0
2-3-1,Run1,189040079778,3.1227569580078125,3.54132080078125,1.0
2-3-1,Run1,189040096434,3.117889404296875,3.529754638671875,1.0
2-3-1,Run1,189040113088,3.2523193359375,3.528656005859375,1.0
2-3-1,Run1,189040129743,3.185760498046875,3.5201416015625,1.0
2-3-1,Run1,189040146398,3.0805816650390625,3.5053253173828125,1.0
2-3-1,Run1,189040163053,3.1041717529296875,3.5238189697265625,1.0
2-3-1,Run1,189040179707,3.0991973876953125,3.5130157470703125,1.0
2-3-1,Run1,189040196362,3.0994873046875,3.507904052734375,1.0
2-3-1,Run1,189040213018,3.10162353515625,3.512542724609375,1.0
2-3-1,Run1,189040229672,3.097015380859375,3.500213623046875,1.0
2-3-1,Run1,189040246327,3.0990753173828125,3.505157470703125,1.0
2-3-1,Run1,189040262982,3.10076904296875,3.5207061767578125,1.0
2-3-1,Run1,189040279636,3.1001129150390625,3.511825561523437,1.0
2-3-1,Run1,189040296292,3.0872039794921875,3.4808349609375,1.0
2-3-1,Run1,189040312947,3.0767059326171875,3.487060546875,1.0
2-3-1,Run1,189040329601,3.102691650390625,3.5189361572265625,1.0
2-3-1,Run1,189040346256,3.118865966796875,3.5189361572265625,1.0
2-3-1,Run1,189040362911,3.1008758544921875,3.509017944335937,1.0
2-3-1,Run1,189040379565,3.234161376953125,3.496063232421875,1.0
2-3-1,Run1,189040396220,3.256011962890625,3.490341186523437,1.0
2-3-1,Run1,189040412875,3.13568115234375,3.4976806640625,1.0
2-3-1,Run1,189040429530,3.1424713134765625,3.487640380859375,1.0
2-3-1,Run1,189040446185,3.1510772705078125,3.4849090576171875,1.0
2-3-1,Run1,189040462840,3.145492553710937,3.512420654296875,1.0
2-3-1,Run1,189040479495,3.140609741210937,3.5098114013671875,1.0
2-3-1,Run1,189040496149,3.1507720947265625,3.5653533935546875,1.0
2-3-1,Run1,189040512805,3.1627197265625,3.7708740234375,1.0
2-3-1,Run1,189040529460,3.15985107421875,3.68072509765625,1.0
2-3-1,Run1,189040546114,3.165618896484375,3.5128936767578125,1.0
2-3-1,Run1,189040562769,3.123870849609375,3.4384765625,1.0
2-3-1,Run1,189040579424,3.185211181640625,3.51226806640625,1.0
2-3-1,Run1,189040596078,2.9931488037109375,3.493353271484375,0.0
2-3-1,Run1,189040612733,2.80108642578125,3.4744384765625,0.0
2-3-1,Run1,189040629388,2.6090240478515625,3.455523681640625,0.0
2-3-1,Run1,189040646042,2.416961669921875,3.43660888671875,0.0
2-3-1,Run1,189040662698,2.2248992919921875,3.417694091796875,1.0
2-3-1,Run1,189040679353,2.2248992919921875,3.398779296875,1.0
2-3-1,Run1,189040696008,2.7353515625,3.379864501953125,1.0
2-3-1,Run1,189040712663,2.7353515625,3.36094970703125,1.0
2-3-1,Run1,189040729318,3.267120361328125,3.342034912109375,1.0
2-3-1,Run1,189040745973,3.148712158203125,3.3231201171875,1.0
2-3-1,Run1,189040762627,3.155426025390625,3.4932403564453125,1.0
2-3-1,Run1,189040779282,3.1647186279296875,3.5281982421875,1.0
2-3-1,Run1,189040795937,3.1489410400390625,3.5115966796875,1.0
2-3-1,Run1,189040812591,3.147735595703125,3.55230712890625,1.0
2-3-1,Run1,189040829246,3.1558837890625,3.624359130859375,1.0
2-3-1,Run1,189040845901,3.134628295898437,3.63372802734375,1.0
2-3-1,Run1,189040862555,3.141082763671875,3.5540924072265625,1.0
2-3-1,Run1,189040879210,3.1430816650390625,3.55596923828125,1.0
2-3-1,Run1,189040895865,3.134613037109375,3.5506591796875,1.0
2-3-1,Run1,189040912520,3.1239776611328125,3.542587280273437,1.0
2-3-1,Run1,189040929176,3.105377197265625,3.551254272460937,1.0
2-3-1,Run1,189040945831,3.100799560546875,3.54327392578125,1.0
2-3-1,Run1,189040962486,3.1154327392578125,3.528793334960937,1.0
2-3-1,Run1,189040979140,3.116912841796875,3.5416412353515625,1.0
2-3-1,Run1,189040995795,3.115570068359375,3.5411529541015625,1.0
2-3-1,Run1,189041012450,3.1041412353515625,3.5262908935546875,1.0
2-3-1,Run1,189041029104,3.1131744384765625,3.5311279296875,1.0
2-3-1,Run1,189041045759,3.112091064453125,3.524139404296875,1.0
2-3-1,Run1,189041062414,3.118988037109375,3.508941650390625,1.0
2-3-1,Run1,189041079068,3.112213134765625,3.496124267578125,1.0
2-3-1,Run1,189041095723,3.0943145751953125,3.498748779296875,1.0
2-3-1,Run1,189041112378,3.080474853515625,3.5004119873046875,1.0
2-3-1,Run1,189041129033,3.0599517822265625,3.4709014892578125,1.0
2-3-1,Run1,189041145688,3.0641632080078125,3.461181640625,1.0
2-3-1,Run1,189041162344,3.0664215087890625,3.4720611572265625,1.0
2-3-1,Run1,189041178998,3.06878662109375,3.443222045898437,1.0
2-3-1,Run1,189041195653,3.05291748046875,3.4442901611328125,1.0
2-3-1,Run1,189041212308,3.1669464111328125,3.4611053466796875,1.0
2-3-1,Run1,189041228963,3.14697265625,3.4444732666015625,1.0
2-3-1,Run1,189041245617,3.017684936523437,3.4231719970703125,1.0
2-3-1,Run1,189041262272,3.0052947998046875,3.4225006103515625,1.0
2-3-1,Run1,189041278927,3.006988525390625,3.42950439453125,1.0
2-3-1,Run1,189041295581,3.0228424072265625,3.4381103515625,1.0
2-3-1,Run1,189041312236,3.018539428710937,3.4245758056640625,1.0
2-3-1,Run1,189041328892,3.0285186767578125,3.424896240234375,1.0
2-3-1,Run1,189041345546,3.0157623291015625,3.438995361328125,1.0
2-3-1,Run1,189041362201,3.0036773681640625,3.4461822509765625,1.0
2-3-1,Run1,189041378856,3.1483306884765625,3.4275665283203125,1.0
2-3-1,Run1,189041395510,3.137725830078125,3.415771484375,1.0
2-3-1,Run1,189041412165,3.011474609375,3.424667358398437,1.0
2-3-1,Run1,189041428820,3.009994506835937,3.4393768310546875,1.0
2-3-1,Run1,189041445474,3.0116119384765625,3.433990478515625,1.0
2-3-1,Run1,189041462129,3.009918212890625,3.430160522460937,1.0
2-3-1,Run1,189041478784,3.0013580322265625,3.44091796875,1.0
2-3-1,Run1,189041495439,3.0164947509765625,3.4419403076171875,1.0
2-3-1,Run1,189041512093,3.0350341796875,3.443267822265625,1.0
2-3-1,Run1,189041528749,3.0227508544921875,3.444305419921875,1.0
2-3-1,Run1,189041545404,3.0191802978515625,3.44732666015625,1.0
2-3-1,Run1,189041562058,3.0306396484375,3.434417724609375,1.0
2-3-1,Run1,189041578713,3.03436279296875,3.429779052734375,1.0
2-3-1,Run1,189041595368,3.056182861328125,3.4471588134765625,1.0
2-3-1,Run1,189041612022,3.06719970703125,3.4628143310546875,1.0
2-3-1,Run1,189041628677,3.058944702148437,3.46240234375,1.0
2-3-1,Run1,189041645332,3.068756103515625,3.463851928710937,1.0
2-3-1,Run1,189041661986,3.082763671875,3.4413299560546875,1.0
2-3-1,Run1,189041678641,3.0725555419921875,3.32916259765625,1.0
2-3-1,Run1,189041695296,2.945098876953125,3.166961669921875,1.0
2-3-1,Run1,189041711950,2.9541422526041665,3.182705349392361,0.0
2-3-1,Run1,189041728605,2.9631856282552085,3.1984490288628473,0.0
2-3-1,Run1,189041745261,2.97222900390625,3.2141927083333335,0.0
2-3-1,Run1,189041761916,2.9812723795572915,3.2299363878038196,0.0
2-3-1,Run1,189041778570,2.9903157552083335,3.2456800672743054,0.0
2-3-1,Run1,189041795225,2.999359130859375,3.2614237467447915,0.0
2-3-1,Run1,189041811880,3.0084025065104165,3.2771674262152777,0.0
2-3-1,Run1,189041828534,3.0174458821614585,3.292911105685764,0.0
2-3-1,Run1,189041845189,3.0264892578125,3.30865478515625,1.0
2-3-1,Run1,189041861844,3.113433837890625,3.4510650634765625,1.0
2-3-1,Run1,189041878498,3.099090576171875,3.5078887939453125,1.0
2-3-1,Run1,189041895153,3.099090576171875,3.494781494140625,1.0
2-3-1,Run1,189041911808,3.2187042236328125,3.6201324462890634,1.0
2-3-1,Run1,189041928462,3.190170288085937,3.678680419921875,1.0
2-3-1,Run1,189041945118,3.097412109375,3.5400543212890625,1.0
2-3-1,Run1,189041961773,3.111602783203125,3.525390625,1.0
2-3-1,Run1,189041978427,3.1197052001953125,3.52716064453125,1.0
2-3-1,Run1,189041995082,3.13226318359375,3.515594482421875,1.0
2-3-1,Run1,189042011737,3.126068115234375,3.5220947265625,1.0
2-3-1,Run1,189042028392,3.0976104736328125,3.5429840087890625,1.0
2-3-1,Run1,189042045046,3.0346832275390625,3.3985137939453125,1.0
2-3-1,Run1,189042061701,2.8959197998046875,3.1809539794921875,1.0
2-3-1,Run1,189042078356,2.7725355360243054,3.17669677734375,0.0
2-3-1,Run1,189042095010,2.6491512722439237,3.1724395751953125,0.0
2-3-1,Run1,189042111665,2.5257670084635415,3.168182373046875,0.0
2-3-1,Run1,189042128320,2.40238274468316,3.1639251708984375,0.0
2-3-1,Run1,189042144975,2.2789984809027777,3.15966796875,0.0
2-3-1,Run1,189042161630,2.1556142171223955,3.1554107666015625,0.0
2-3-1,Run1,189042178285,2.032229953342014,3.151153564453125,0.0
2-3-1,Run1,189042194939,1.908845689561632,3.1468963623046875,0.0
2-3-1,Run1,189042211594,1.78546142578125,3.14263916015625,1.0
2-3-1,Run1,189042228249,2.55023193359375,3.1383819580078125,1.0
2-3-1,Run1,189042244903,2.99224853515625,3.134124755859375,1.0
2-3-1,Run1,189042261558,3.017059326171875,3.3562469482421875,1.0
2-3-1,Run1,189042278213,3.023040771484375,3.3894195556640625,1.0
2-3-1,Run1,189042294868,3.0218963623046875,3.383453369140625,1.0
2-3-1,Run1,189042311522,3.0323486328125,3.4108123779296875,1.0
2-3-1,Run1,189042328177,3.0226287841796875,3.417709350585937,1.0
2-3-1,Run1,189042344832,3.015869140625,3.451934814453125,1.0
2-3-1,Run1,189042361487,3.038436889648437,3.43609619140625,1.0
2-3-1,Run1,189042378142,3.033050537109375,3.4547119140625,1.0
2-3-1,Run1,189042394797,3.0193328857421875,3.452301025390625,1.0
2-3-1,Run1,189042411451,3.1284332275390625,3.462890625,1.0
2-3-1,Run1,189042428106,3.1584930419921875,3.4818267822265625,1.0
2-3-1,Run1,189042444761,3.0457000732421875,3.493988037109375,1.0
2-3-1,Run1,189042461415,3.04864501953125,3.47607421875,1.0
2-3-1,Run1,189042478070,3.049591064453125,3.473861694335937,1.0
2-3-1,Run1,189042494725,3.0436553955078125,3.4744873046875,1.0
2-3-1,Run1,189042511379,3.048828125,3.451385498046875,1.0
2-3-1,Run1,189042528034,3.069244384765625,3.4590606689453125,1.0
2-3-1,Run1,189042544689,3.063140869140625,3.4808807373046875,1.0
2-3-1,Run1,189042561345,3.048248291015625,3.4790496826171875,1.0
2-3-1,Run1,189042577999,3.04754638671875,3.4752655029296875,1.0
2-3-1,Run1,189042594654,3.0542755126953125,3.4794464111328125,1.0
2-3-1,Run1,189042611309,3.0464630126953125,3.463714599609375,1.0
2-3-1,Run1,189042627963,3.040023803710937,3.45367431640625,1.0
2-3-1,Run1,189042644618,3.0343170166015625,3.4576416015625,1.0
2-3-1,Run1,189042661273,3.049789428710937,3.451766967773437,1.0
2-3-1,Run1,189042677927,3.0406951904296875,3.5339813232421875,1.0
2-3-1,Run1,189042694582,3.058441162109375,3.5421905517578125,1.0
2-3-1,Run1,189042711237,3.056884765625,3.4277801513671875,1.0
2-3-1,Run1,189042727891,2.993896484375,3.404296875,1.0
2-3-1,Run1,189042744546,2.97735595703125,3.41339111328125,1.0
2-3-1,Run1,189042761202,2.978744506835937,3.4294586181640625,1.0
2-3-1,Run1,189042777856,2.9798126220703125,3.42095947265625,1.0
2-3-1,Run1,189042794511,2.9660797119140625,3.402450561523437,1.0
2-3-1,Run1,189042811166,2.9650421142578125,3.4136962890625,1.0
2-3-1,Run1,189042827821,2.97613525390625,3.4331207275390625,1.0
2-3-1,Run1,189042844475,2.96661376953125,3.4131317138671875,1.0
2-3-1,Run1,189042861130,2.9676666259765625,3.399032592773437,1.0
2-3-1,Run1,189042877785,3.099349975585937,3.491928100585937,1.0
2-3-1,Run1,189042894439,3.0575714111328125,3.50750732421875,1.0
2-3-1,Run1,189042911094,2.9411163330078125,3.40557861328125,1.0
2-3-1,Run1,189042927749,2.9333648681640625,3.39520263671875,1.0
2-3-1,Run1,189042944403,2.917831420898437,3.387939453125,1.0
2-3-1,Run1,189042961058,2.975692749023437,3.3870391845703125,1.0
2-3-1,Run1,189042977714,2.996368408203125,3.38983154296875,1.0
2-3-1,Run1,189042994368,2.989349365234375,3.38385009765625,1.0
2-3-1,Run1,189043011023,2.9773406982421875,3.383575439453125,1.0
2-3-1,Run1,189043027678,2.972076416015625,3.38116455078125,1.0
2-3-1,Run1,189043044332,2.96160888671875,3.3767242431640625,1.0
2-3-1,Run1,189043060987,2.95660400390625,3.385223388671875,1.0
2-3-1,Run1,189043077642,2.9644317626953125,3.3946685791015625,1.0
2-3-1,Run1,189043094297,2.93853759765625,3.395614624023437,1.0
2-3-1,Run1,189043110951,2.9309844970703125,3.38714599609375,1.0
2-3-1,Run1,189043127606,2.914398193359375,3.393051147460937,1.0
2-3-1,Run1,189043144261,2.9254150390625,3.3940887451171875,1.0
2-3-1,Run1,189043160915,2.9373931884765625,3.39190673828125,1.0
2-3-1,Run1,189043177571,2.94140625,3.3914947509765625,1.0
2-3-1,Run1,189043194226,2.93975830078125,3.398681640625,1.0
2-3-1,Run1,189043210880,2.9450836181640625,3.411285400390625,1.0
2-3-1,Run1,189043227535,2.9424591064453125,3.40625,1.0
2-3-1,Run1,189043244190,2.930328369140625,3.4055328369140625,1.0
2-3-1,Run1,189043260844,2.9640350341796875,3.423934936523437,1.0
2-3-1,Run1,189043277499,2.990753173828125,3.423080444335937,1.0
2-3-1,Run1,189043294154,2.9768218994140625,3.4076080322265625,1.0
2-3-1,Run1,189043310808,2.9732208251953125,3.425140380859375,1.0
2-3-1,Run1,189043327463,2.991683959960937,3.440093994140625,1.0
2-3-1,Run1,189043344118,3.0045318603515625,3.54266357421875,1.0
2-3-1,Run1,189043360773,2.98468017578125,3.498321533203125,1.0
2-3-1,Run1,189043377428,2.9830322265625,3.42822265625,1.0
2-3-1,Run1,189043394083,2.8927154541015625,3.378936767578125,1.0
2-3-1,Run1,189043410738,2.8382949829101562,3.4185962677001953,0.0
2-3-1,Run1,189043427392,2.78387451171875,3.4582557678222656,0.0
2-3-1,Run1,189043444047,2.7294540405273438,3.497915267944336,0.0
2-3-1,Run1,189043460702,2.6750335693359375,3.5375747680664062,0.0
2-3-1,Run1,189043477356,2.6206130981445312,3.577234268188477,0.0
2-3-1,Run1,189043494011,2.566192626953125,3.6168937683105473,1.0
2-3-1,Run1,189043510666,2.566192626953125,3.6565532684326176,1.0
2-3-1,Run1,189043527320,3.17169189453125,3.696212768554688,1.0
2-3-1,Run1,189043543975,3.0577850341796875,3.445663452148437,1.0
2-3-1,Run1,189043560630,3.038543701171875,3.455184936523437,1.0
2-3-1,Run1,189043577284,3.052352905273437,3.488510131835937,1.0
2-3-1,Run1,189043593940,3.086410522460937,3.452392578125,1.0
2-3-1,Run1,189043610595,3.1110076904296875,3.4981842041015625,1.0
2-3-1,Run1,189043627250,3.121337890625,3.499008178710937,1.0
2-3-1,Run1,189043643904,3.1150054931640625,3.5289306640625,1.0
2-3-1,Run1,189043660559,3.120590209960937,3.5575103759765625,1.0
2-3-1,Run1,189043677214,3.130767822265625,3.55694580078125,1.0
2-3-1,Run1,189043693868,3.1505279541015625,3.5714111328125,1.0
2-3-1,Run1,189043710523,3.1710205078125,3.5894775390625,1.0
2-3-1,Run1,189043727178,3.1616668701171875,3.61370849609375,1.0
2-3-1,Run1,189043743832,3.1647186279296875,3.55078125,1.0
2-3-1,Run1,189043760487,3.094329833984375,3.3918914794921875,1.0
2-3-1,Run1,189043777142,2.982450697157118,3.344014948064631,0.0
2-3-1,Run1,189043793797,2.870571560329861,3.2961384166370737,0.0
2-3-1,Run1,189043810452,2.758692423502604,3.248261885209517,0.0
2-3-1,Run1,189043827107,2.6468132866753473,3.2003853537819604,0.0
2-3-1,Run1,189043843761,2.53493414984809,3.1525088223544033,0.0
2-3-1,Run1,189043860416,2.423055013020833,3.1046322909268467,0.0
2-3-1,Run1,189043877071,2.3111758761935763,3.05675575949929,0.0
2-3-1,Run1,189043893726,2.1992967393663196,3.008879228071733,0.0
2-3-1,Run1,189043910380,2.0874176025390625,2.9610026966441763,1.0
2-3-1,Run1,189043927035,2.7224884033203125,2.913126165216619,1.0
2-3-1,Run1,189043943690,3.103302001953125,2.8652496337890625,1.0
2-3-1,Run1,189043960344,3.103057861328125,3.2546844482421875,1.0
2-3-1,Run1,189043976999,3.102874755859375,3.5224761962890625,1.0
2-3-1,Run1,189043993655,3.1106109619140625,3.4915313720703125,1.0
2-3-1,Run1,189044010309,3.0996246337890625,3.531982421875,1.0
2-3-1,Run1,189044026964,3.093475341796875,3.5459442138671875,1.0
2-3-1,Run1,189044043619,3.19134521484375,3.66265869140625,1.0
2-3-1,Run1,189044060273,3.2312774658203125,3.661087036132813,1.0
2-3-1,Run1,189044076928,3.1207427978515625,3.545654296875,1.0
2-3-1,Run1,189044093583,3.1433258056640625,3.527618408203125,1.0
2-3-1,Run1,189044110237,3.2818756103515625,3.61578369140625,1.0
2-3-1,Run1,189044126892,3.216049194335937,3.638519287109375,1.0
2-3-1,Run1,189044143547,3.1305389404296875,3.5498809814453125,1.0
2-3-1,Run1,189044160202,3.133895874023437,3.547210693359375,1.0
2-3-1,Run1,189044176856,3.123260498046875,3.632415771484375,1.0
2-3-1,Run1,189044193511,3.124969482421875,3.6783599853515625,1.0
2-3-1,Run1,189044210167,3.125274658203125,3.565155029296875,1.0
2-3-1,Run1,189044226821,3.145614624023437,3.55072021484375,1.0
2-3-1,Run1,189044243476,3.126983642578125,3.546630859375,1.0
2-3-1,Run1,189044260131,3.129135131835937,3.5315093994140625,1.0
2-3-1,Run1,189044276785,3.1290435791015625,3.529037475585937,1.0
2-3-1,Run1,189044293440,3.09466552734375,3.53460693359375,1.0
2-3-1,Run1,189044310095,3.087432861328125,3.5334930419921875,1.0
2-3-1,Run1,189044326749,3.0911865234375,3.5341796875,1.0
2-3-1,Run1,189044343404,3.0945587158203125,3.516464233398437,1.0
2-3-1,Run1,189044360059,3.089263916015625,3.5072021484375,1.0
2-3-1,Run1,189044376713,3.2013397216796875,3.506103515625,1.0
2-3-1,Run1,189044393368,3.167221069335937,3.51708984375,1.0
2-3-1,Run1,189044410024,3.0555572509765625,3.499618530273437,1.0
2-3-1,Run1,189044426679,3.08770751953125,3.4907379150390625,1.0
2-3-1,Run1,189044443333,3.08380126953125,3.4949188232421875,1.0
2-3-1,Run1,189044459988,3.060272216796875,3.502410888671875,1.0
2-3-1,Run1,189044476643,3.0579376220703125,3.522308349609375,1.0
2-3-1,Run1,189044493297,3.0445709228515625,3.5136260986328125,1.0
2-3-1,Run1,189044509952,3.041534423828125,3.4939727783203125,1.0
2-3-1,Run1,189044526607,3.0462646484375,3.4875640869140625,1.0
2-3-1,Run1,189044543261,3.1688995361328125,3.479827880859375,1.0
2-3-1,Run1,189044559916,3.1429901123046875,3.484130859375,1.0
2-3-1,Run1,189044576571,3.0236053466796875,3.488998413085937,1.0
2-3-1,Run1,189044593225,3.02227783203125,3.506011962890625,1.0
2-3-1,Run1,189044609881,3.024627685546875,3.509918212890625,1.0
2-3-1,Run1,189044626536,3.0697479248046875,3.4896697998046875,1.0
2-3-1,Run1,189044643190,3.07110595703125,3.50335693359375,1.0
2-3-1,Run1,189044659845,3.0266571044921875,3.507186889648437,1.0
2-3-1,Run1,189044676500,3.0299530029296875,3.5064697265625,1.0
2-3-1,Run1,189044693155,3.033447265625,3.5188751220703125,1.0
2-3-1,Run1,189044709809,3.0206756591796875,3.497314453125,1.0
2-3-1,Run1,189044726464,3.014022827148437,3.487945556640625,1.0
2-3-1,Run1,189044743119,3.0103912353515625,3.49755859375,1.0
2-3-1,Run1,189044759773,3.00323486328125,3.494537353515625,1.0
2-3-1,Run1,189044776428,2.9908599853515625,3.4921875,1.0
2-3-1,Run1,189044793083,3.001953125,3.491363525390625,1.0
2-3-1,Run1,189044809737,3.147125244140625,3.494384765625,1.0
2-3-1,Run1,189044826393,3.113388061523437,3.504135131835937,1.0
2-3-1,Run1,189044843048,2.985458374023437,3.4926300048828125,1.0
2-3-1,Run1,189044859702,2.995697021484375,3.4810333251953125,1.0
2-3-1,Run1,189044876357,3.0009765625,3.4983062744140625,1.0
2-3-1,Run1,189044893012,3.0038604736328125,3.505462646484375,1.0
2-3-1,Run1,189044909666,2.883453369140625,3.611541748046875,1.0
2-3-1,Run1,189044926321,2.550888061523437,3.514263916015625,1.0
2-3-1,Run1,189044942976,2.640881856282552,3.416986083984375,0.0
2-3-1,Run1,189044959631,2.7308756510416665,3.319708251953125,0.0
2-3-1,Run1,189044976285,2.8208694458007812,3.222430419921875,0.0
2-3-1,Run1,189044992940,2.9108632405598955,3.125152587890625,0.0
2-3-1,Run1,189045009595,3.0008570353190103,3.027874755859375,0.0
2-3-1,Run1,189045026250,3.090850830078125,2.930596923828125,1.0
2-3-1,Run1,189045042905,3.090850830078125,2.833319091796875,1.0
2-3-1,Run1,189045059560,3.1914520263671875,2.736041259765625,1.0
2-3-1,Run1,189045076214,3.061431884765625,2.638763427734375,1.0
2-3-1,Run1,189045092869,3.076156616210937,3.155670166015625,1.0
2-3-1,Run1,189045109524,3.10614013671875,3.5675048828125,1.0
2-3-1,Run1,189045126178,3.118896484375,3.5484771728515625,1.0
2-3-1,Run1,189045142833,3.1446990966796875,3.600921630859375,1.0
2-3-1,Run1,189045159488,3.15911865234375,3.56903076171875,1.0
2-3-1,Run1,189045176142,3.153228759765625,3.594223022460937,1.0
2-3-1,Run1,189045192797,3.1445770263671875,3.600433349609375,1.0
2-3-1,Run1,189045209452,3.15185546875,3.6010284423828125,1.0
2-3-1,Run1,189045226107,3.194564819335937,3.5870819091796875,1.0
2-3-1,Run1,189045242762,3.1985626220703125,3.587371826171875,1.0
2-3-1,Run1,189045259417,3.17498779296875,3.5933837890625,1.0
2-3-1,Run1,189045276072,3.186141967773437,3.5855255126953125,1.0
2-3-1,Run1,189045292726,3.189544677734375,3.613616943359375,1.0
2-3-1,Run1,189045309381,3.18463134765625,3.6341552734375,1.0
2-3-1,Run1,189045326036,3.206283569335937,3.6251220703125,1.0
2-3-1,Run1,189045342690,3.2177276611328125,3.623565673828125,1.0
2-3-1,Run1,189045359345,3.2102508544921875,3.632400512695313,1.0
2-3-1,Run1,189045376000,3.2174072265625,3.6369476318359375,1.0
2-3-1,Run1,189045392654,3.2247467041015625,3.6240081787109375,1.0
2-3-1,Run1,189045409309,3.2257537841796875,3.6352386474609375,1.0
2-3-1,Run1,189045425964,3.2286529541015625,3.636962890625,1.0
2-3-1,Run1,189045442619,3.229705810546875,3.646163940429688,1.0
2-3-1,Run1,189045459274,3.2239990234375,3.65478515625,1.0
2-3-1,Run1,189045475929,3.2229766845703125,3.64617919921875,1.0
2-3-1,Run1,189045492584,3.222396850585937,3.6410980224609375,1.0
2-3-1,Run1,189045509238,3.216659545898437,3.641067504882813,1.0
2-3-1,Run1,189045525893,3.1839599609375,3.624481201171875,1.0
2-3-1,Run1,189045542548,3.276641845703125,3.674530029296875,1.0
2-3-1,Run1,189045559202,3.0918350219726562,3.6324310302734375,0.0
2-3-1,Run1,189045575857,2.9070281982421875,3.59033203125,0.0
2-3-1,Run1,189045592512,2.7222213745117188,3.5482330322265625,0.0
2-3-1,Run1,189045609166,2.53741455078125,3.506134033203125,0.0
2-3-1,Run1,189045625821,2.3526077270507812,3.4640350341796875,0.0
2-3-1,Run1,189045642477,2.1678009033203125,3.42193603515625,0.0
2-3-1,Run1,189045659131,1.9829940795898438,3.3798370361328125,0.0
2-3-1,Run1,189045675786,1.798187255859375,3.337738037109375,1.0
2-3-1,Run1,189045692441,1.798187255859375,3.2956390380859375,1.0
2-3-1,Run1,189045709095,3.005355834960937,3.2535400390625,1.0
2-3-1,Run1,189045725750,3.11236572265625,3.5624237060546875,1.0
2-3-1,Run1,189045742405,3.128997802734375,3.6386566162109375,1.0
2-3-1,Run1,189045759060,3.15618896484375,3.581207275390625,1.0
2-3-1,Run1,189045775714,3.17340087890625,3.621612548828125,1.0
2-3-1,Run1,189045792369,3.18133544921875,3.616851806640625,1.0
2-3-1,Run1,189045809024,3.1607666015625,3.617507934570313,1.0
2-3-1,Run1,189045825678,3.1602935791015625,3.5986785888671875,1.0
2-3-1,Run1,189045842333,3.153045654296875,3.590057373046875,1.0
2-3-1,Run1,189045858989,3.1340484619140625,3.599822998046875,1.0
2-3-1,Run1,189045875643,3.129119873046875,3.6195068359375,1.0
2-3-1,Run1,189045892298,3.1494903564453125,3.6123199462890634,1.0
2-3-1,Run1,189045908953,3.1551513671875,3.6067047119140634,1.0
2-3-1,Run1,189045925607,3.139678955078125,3.62158203125,1.0
2-3-1,Run1,189045942262,3.12652587890625,3.620758056640625,1.0
2-3-1,Run1,189045958917,3.12255859375,3.597885131835937,1.0
2-3-1,Run1,189045975571,3.127227783203125,3.5842742919921875,1.0
2-3-1,Run1,189045992226,3.1328887939453125,3.5968475341796875,1.0
2-3-1,Run1,189046008881,3.1341705322265625,3.6076812744140634,1.0
2-3-1,Run1,189046025536,3.119171142578125,3.596923828125,1.0
2-3-1,Run1,189046042190,3.094818115234375,3.56903076171875,1.0
2-3-1,Run1,189046058846,3.092147827148437,3.5546875,1.0
2-3-1,Run1,189046075501,3.08111572265625,3.550018310546875,1.0
2-3-1,Run1,189046092155,3.0658721923828125,3.5609283447265625,1.0
2-3-1,Run1,189046108810,3.1828765869140625,3.552108764648437,1.0
2-3-1,Run1,189046125465,3.2273406982421875,3.537689208984375,1.0
2-3-1,Run1,189046142119,3.0836944580078125,3.5240478515625,1.0
2-3-1,Run1,189046158774,3.0489959716796875,3.517196655273437,1.0
2-3-1,Run1,189046175429,3.0437164306640625,3.516098022460937,1.0
2-3-1,Run1,189046192083,3.06134033203125,3.506683349609375,1.0
2-3-1,Run1,189046208737,3.0627593994140625,3.5049591064453125,1.0
2-3-1,Run1,189046225392,3.043319702148437,3.5101776123046875,1.0
2-3-1,Run1,189046242046,3.0459747314453125,3.498397827148437,1.0
2-3-1,Run1,189046258702,3.077239990234375,3.498779296875,1.0
2-3-1,Run1,189046275357,3.0719146728515625,3.48779296875,1.0
2-3-1,Run1,189046292012,3.0525360107421875,3.490097045898437,1.0
2-3-1,Run1,189046308666,3.04791259765625,3.4845733642578125,1.0
2-3-1,Run1,189046325321,3.051605224609375,3.4757232666015625,1.0
2-3-1,Run1,189046341976,3.053802490234375,3.483261108398437,1.0
2-3-1,Run1,189046358630,3.0399932861328125,3.478256225585937,1.0
2-3-1,Run1,189046375284,3.0333251953125,3.4875030517578125,1.0
2-3-1,Run1,189046391939,3.044662475585937,3.4976806640625,1.0
2-3-1,Run1,189046408593,3.047714233398437,3.50994873046875,1.0
2-3-1,Run1,189046425248,3.05322265625,3.5091094970703125,1.0
2-3-1,Run1,189046441903,3.06201171875,3.509765625,1.0
2-3-1,Run1,189046458557,3.04791259765625,3.5123443603515625,1.0
2-3-1,Run1,189046475213,3.0385894775390625,3.5029296875,1.0
2-3-1,Run1,189046491868,3.0514678955078125,3.5061492919921875,1.0
2-3-1,Run1,189046508522,3.06341552734375,3.513534545898437,1.0
2-3-1,Run1,189046525176,3.07586669921875,3.505767822265625,1.0
2-3-1,Run1,189046541831,3.086532592773437,3.520263671875,1.0
2-3-1,Run1,189046558486,3.102157592773437,3.534088134765625,1.0
2-3-1,Run1,189046575140,3.106201171875,3.5344390869140625,1.0
2-3-1,Run1,189046591795,3.101959228515625,3.54779052734375,1.0
2-3-1,Run1,189046608450,3.1160888671875,3.5480499267578125,1.0
2-3-1,Run1,189046625104,3.100372314453125,3.5475616455078125,1.0
2-3-1,Run1,189046641759,3.0696563720703125,3.4387359619140625,1.0
2-3-1,Run1,189046658414,2.8509674072265625,3.22021484375,1.0
2-3-1,Run1,189046675068,2.5763092041015625,3.0896715436662947,1.0
2-3-1,Run1,189046691723,2.5150731404622397,2.9591282435825894,0.0
2-3-1,Run1,189046708378,2.4538370768229165,2.828584943498884,0.0
2-3-1,Run1,189046725032,2.3926010131835938,2.698041643415179,0.0
2-3-1,Run1,189046741687,2.331364949544271,2.567498343331473,0.0
2-3-1,Run1,189046758342,2.2701288859049478,2.436955043247768,0.0
2-3-1,Run1,189046774996,2.208892822265625,2.3064117431640625,1.0
2-3-1,Run1,189046791651,2.80072021484375,3.1631622314453125,1.0
2-3-1,Run1,189046808306,3.1648101806640625,3.5970001220703125,1.0
2-3-1,Run1,189046824961,3.14569091796875,3.549835205078125,1.0
2-3-1,Run1,189046841614,3.14373779296875,3.6021728515625,1.0
2-3-1,Run1,189046858269,3.1596221923828125,3.5775146484375,1.0
2-3-1,Run1,189046874925,3.166259765625,3.5908203125,1.0
2-3-1,Run1,189046891579,3.17547607421875,3.605072021484375,1.0
2-3-1,Run1,189046908234,3.1947479248046875,3.6290435791015625,1.0
2-3-1,Run1,189046924889,3.1892547607421875,3.634078979492188,1.0
2-3-1,Run1,189046941543,3.2022247314453125,3.635421752929688,1.0
2-3-1,Run1,189046958198,3.2337188720703125,3.6440277099609375,1.0
2-3-1,Run1,189046974853,3.234893798828125,3.662155151367188,1.0
2-3-1,Run1,189046991506,3.2348785400390625,3.649139404296875,1.0
2-3-1,Run1,189047008161,3.2301788330078125,3.63714599609375,1.0
2-3-1,Run1,189047024816,3.2388916015625,3.6438140869140634,1.0
2-3-1,Run1,189047041470,3.368270874023437,3.6421051025390634,1.0
2-3-1,Run1,189047058125,3.37762451171875,3.653244018554688,1.0
2-3-1,Run1,189047074780,3.2802276611328125,3.6772613525390634,1.0
2-3-1,Run1,189047091436,3.291976928710937,3.6638031005859375,1.0
2-3-1,Run1,189047108090,3.306640625,3.670806884765625,1.0
2-3-1,Run1,189047124744,3.320465087890625,3.685455322265625,1.0
2-3-1,Run1,189047141399,3.324920654296875,3.683883666992188,1.0
2-3-1,Run1,189047158053,3.33599853515625,3.685943603515625,1.0
2-3-1,Run1,189047174708,3.338104248046875,3.7094573974609375,1.0
2-3-1,Run1,189047191363,3.3540802001953125,3.7307281494140634,1.0
2-3-1,Run1,189047208017,3.376861572265625,3.735443115234375,1.0
2-3-1,Run1,189047224672,3.379852294921875,3.738235473632813,1.0
2-3-1,Run1,189047241327,3.394500732421875,3.753707885742188,1.0
2-3-1,Run1,189047257981,3.4102935791015625,3.756378173828125,1.0
2-3-1,Run1,189047274636,3.4127960205078125,3.76239013671875,1.0
2-3-1,Run1,189047291291,3.40533447265625,3.7680816650390634,1.0
2-3-1,Run1,189047307945,3.4105987548828125,3.785064697265625,1.0
2-3-1,Run1,189047324600,3.4131622314453125,3.8188629150390634,1.0
2-3-1,Run1,189047341255,3.43206787109375,3.8143157958984375,1.0
2-3-1,Run1,189047357910,3.437042236328125,3.8013763427734375,1.0
2-3-1,Run1,189047374564,3.5407867431640625,3.899383544921875,1.0
2-3-1,Run1,189047391219,3.5277557373046875,3.892135620117188,1.0
2-3-1,Run1,189047407874,3.4059295654296875,3.79351806640625,1.0
2-3-1,Run1,189047424528,3.3722686767578125,3.76904296875,1.0
2-3-1,Run1,189047441183,3.2997283935546875,3.6154937744140634,1.0
2-3-1,Run1,189047457837,3.013412475585937,3.438949584960937,1.0
2-3-1,Run1,189047474491,2.689544677734375,3.4306640624999996,1.0
2-3-1,Run1,189047491147,2.5844249725341797,3.422378540039062,0.0
2-3-1,Run1,189047507802,2.4793052673339844,3.4140930175781246,0.0
2-3-1,Run1,189047524456,2.374185562133789,3.405807495117187,0.0
2-3-1,Run1,189047541111,2.2690658569335938,3.3975219726562496,0.0
2-3-1,Run1,189047557766,2.1639461517333984,3.3892364501953125,0.0
2-3-1,Run1,189047574419,2.058826446533203,3.380950927734375,0.0
2-3-1,Run1,189047591074,1.9537067413330078,3.3726654052734375,0.0
2-3-1,Run1,189047607729,1.8485870361328125,3.3643798828125,1.0
2-3-1,Run1,189047624384,2.833099365234375,3.3560943603515625,1.0
2-3-1,Run1,189047641038,3.20245361328125,3.347808837890625,1.0
2-3-1,Run1,189047657693,3.165512084960937,3.623733520507813,1.0
2-3-1,Run1,189047674348,3.327880859375,3.914596557617188,1.0
2-3-1,Run1,189047691002,3.2991180419921875,3.75555419921875,1.0
2-3-1,Run1,189047707658,3.2079010009765625,3.621017456054688,1.0
2-3-1,Run1,189047724312,3.2004547119140625,3.6326751708984375,1.0
2-3-1,Run1,189047740966,3.185775756835937,3.662673950195313,1.0
2-3-1,Run1,189047757621,3.180694580078125,3.650390625,1.0
2-3-1,Run1,189047774276,3.1768798828125,3.6195068359375,1.0
2-3-1,Run1,189047790930,3.191131591796875,3.61309814453125,1.0
2-3-1,Run1,189047807585,3.178558349609375,3.6285400390625,1.0
2-3-1,Run1,189047824240,3.181060791015625,3.613739013671875,1.0
2-3-1,Run1,189047840894,3.2876129150390625,3.703323364257813,1.0
2-3-1,Run1,189047857549,3.287704467773437,3.747238159179688,1.0
2-3-1,Run1,189047874203,3.1885986328125,3.64306640625,1.0
2-3-1,Run1,189047890859,3.2219390869140625,3.634490966796875,1.0
2-3-1,Run1,189047907513,3.2009735107421875,3.6249847412109375,1.0
2-3-1,Run1,189047924168,3.2137908935546875,3.605392456054688,1.0
2-3-1,Run1,189047940823,3.385848999023437,3.619140625,1.0
2-3-1,Run1,189047957477,3.374252319335937,3.62847900390625,1.0
2-3-1,Run1,189047974132,3.374252319335937,3.700637817382813,1.0
2-3-1,Run1,189047990787,3.2128829956054688,3.699066162109375,1.0
2-3-1,Run1,189048007441,3.051513671875,3.5936431884765625,1.0
2-3-1,Run1,189048024095,3.1789703369140625,3.5822906494140625,1.0
2-3-1,Run1,189048040750,3.1685791015625,3.584335327148437,1.0
2-3-1,Run1,189048057404,3.132675170898437,3.56219482421875,1.0
2-3-1,Run1,189048074059,3.117950439453125,3.5556793212890625,1.0
2-3-1,Run1,189048090714,3.11737060546875,3.5777740478515625,1.0
2-3-1,Run1,189048107369,3.110626220703125,3.5441436767578125,1.0
2-3-1,Run1,189048124024,3.00152587890625,3.4634246826171875,1.0
2-3-1,Run1,189048140679,3.000821200284091,3.446505459872159,0.0
2-3-1,Run1,189048157334,3.0001165216619317,3.429586237127131,0.0
2-3-1,Run1,189048173987,2.999411843039773,3.412667014382102,0.0
2-3-1,Run1,189048190642,2.9987071644176138,3.3957477916370737,0.0
2-3-1,Run1,189048207297,2.9980024857954546,3.3788285688920454,0.0
2-3-1,Run1,189048223951,2.9972978071732954,3.361909346147017,0.0
2-3-1,Run1,189048240606,2.9965931285511362,3.3449901234019888,0.0
2-3-1,Run1,189048257261,2.995888449928977,3.3280709006569604,0.0
2-3-1,Run1,189048273915,2.9951837713068183,3.3111516779119317,0.0
2-3-1,Run1,189048290570,2.994479092684659,3.2942324551669033,0.0
2-3-1,Run1,189048307225,2.9937744140625,3.277313232421875,1.0
2-3-1,Run1,189048323879,3.071517944335937,3.389617919921875,1.0
2-3-1,Run1,189048340534,3.0789794921875,3.460723876953125,1.0
2-3-1,Run1,189048357189,3.0872344970703125,3.5006103515625,1.0
2-3-1,Run1,189048373843,3.080551147460937,3.503158569335937,1.0
2-3-1,Run1,189048390498,3.109115600585937,3.48822021484375,1.0
2-3-1,Run1,189048407153,3.09930419921875,3.495361328125,1.0
2-3-1,Run1,189048423808,3.0714111328125,3.5017852783203125,1.0
2-3-1,Run1,189048440462,3.07452392578125,3.50726318359375,1.0
2-3-1,Run1,189048457117,3.099090576171875,3.4976043701171875,1.0
2-3-1,Run1,189048473772,3.1102447509765625,3.488265991210937,1.0
2-3-1,Run1,189048490425,3.119232177734375,3.507904052734375,1.0
2-3-1,Run1,189048507080,3.118408203125,3.54083251953125,1.0
2-3-1,Run1,189048523736,3.15167236328125,3.545028686523437,1.0
2-3-1,Run1,189048540390,3.163726806640625,3.54656982421875,1.0
2-3-1,Run1,189048557044,3.124618530273437,3.545379638671875,1.0
2-3-1,Run1,189048573699,3.2472076416015625,3.642486572265625,1.0
2-3-1,Run1,189048590353,3.2139981587727866,3.606348673502604,0.0
2-3-1,Run1,189048607009,3.1807886759440103,3.5702107747395835,0.0
2-3-1,Run1,189048623664,3.1475791931152344,3.5340728759765625,0.0
2-3-1,Run1,189048640317,3.1143697102864585,3.4979349772135415,0.0
2-3-1,Run1,189048656972,3.081160227457682,3.461797078450521,0.0
2-3-1,Run1,189048673627,3.0479507446289062,3.4256591796875,0.0
2-3-1,Run1,189048690282,3.0147412618001304,3.389521280924479,0.0
2-3-1,Run1,189048706936,2.981531778971354,3.3533833821614585,0.0
2-3-1,Run1,189048723591,2.948322296142578,3.3172454833984375,0.0
2-3-1,Run1,189048740246,2.9151128133138022,3.2811075846354165,0.0
2-3-1,Run1,189048756900,2.881903330485026,3.244969685872396,0.0
2-3-1,Run1,189048773555,2.84869384765625,3.208831787109375,1.0
2-3-1,Run1,189048790210,2.979522705078125,3.3831939697265625,1.0
2-3-1,Run1,189048806864,3.0088653564453125,3.3978729248046875,1.0
2-3-1,Run1,189048823519,2.990219116210937,3.36944580078125,1.0
2-3-1,Run1,189048840174,2.9878692626953125,3.395614624023437,1.0
2-3-1,Run1,189048856828,3.00140380859375,3.4110107421875,1.0
2-3-1,Run1,189048873483,2.9962310791015625,3.4416046142578125,1.0
2-3-1,Run1,189048890138,3.0007476806640625,3.428207397460937,1.0
2-3-1,Run1,189048906792,3.0146942138671875,3.453857421875,1.0
2-3-1,Run1,189048923447,3.02313232421875,3.491180419921875,1.0
2-3-1,Run1,189048940102,3.0245513916015625,3.4737701416015625,1.0
2-3-1,Run1,189048956757,3.0401153564453125,3.4659881591796875,1.0
2-3-1,Run1,189048973411,3.02587890625,3.485092163085937,1.0
2-3-1,Run1,189048990066,3.065780639648437,3.4768218994140625,1.0
2-3-1,Run1,189049006720,3.0713043212890625,3.567901611328125,1.0
2-3-1,Run1,189049023374,3.0376129150390625,3.653274536132813,1.0
2-3-1,Run1,189049040029,3.0716705322265625,3.653274536132813,1.0
2-3-1,Run1,189049056684,3.0766754150390625,3.5408172607421875,1.0
2-3-1,Run1,189049073339,3.058334350585937,3.4283599853515625,1.0
2-3-1,Run1,189049089993,3.0731201171875,3.4941864013671875,1.0
2-3-1,Run1,189049106648,3.060333251953125,3.5097198486328125,1.0
2-3-1,Run1,189049123302,3.0572052001953125,3.510833740234375,1.0
2-3-1,Run1,189049139958,3.062164306640625,3.506454467773437,1.0
2-3-1,Run1,189049156612,3.058334350585937,3.505645751953125,1.0
2-3-1,Run1,189049173266,3.20263671875,3.617721557617188,1.0
2-3-1,Run1,189049189921,3.195648193359375,3.629714965820313,1.0
2-3-1,Run1,189049206576,3.045440673828125,3.502670288085937,1.0
2-3-1,Run1,189049223231,3.0238189697265625,3.5135040283203125,1.0
2-3-1,Run1,189049239885,3.153961181640625,3.663543701171875,1.0
2-3-1,Run1,189049256540,3.1451568603515625,3.5035858154296875,1.0
2-3-1,Run1,189049273195,3.1451568603515625,3.5035858154296875,1.0
2-3-1,Run1,189049289849,3.127575465611049,3.50628662109375,0.0
2-3-1,Run1,189049306503,3.1099940708705356,3.5089874267578125,0.0
2-3-1,Run1,189049323159,3.092412676130022,3.511688232421875,0.0
2-3-1,Run1,189049339813,3.074831281389509,3.5143890380859375,0.0
2-3-1,Run1,189049356468,3.0572498866489957,3.51708984375,0.0
2-3-1,Run1,189049373123,3.039668491908482,3.5197906494140625,0.0
2-3-1,Run1,189049389777,3.0220870971679688,3.522491455078125,0.0
2-3-1,Run1,189049406432,3.0045057024274553,3.5251922607421875,0.0
2-3-1,Run1,189049423087,2.986924307686942,3.52789306640625,0.0
2-3-1,Run1,189049439740,2.9693429129464284,3.5305938720703125,0.0
2-3-1,Run1,189049456395,2.9517615182059154,3.533294677734375,0.0
2-3-1,Run1,189049473050,2.934180123465402,3.5359954833984375,0.0
2-3-1,Run1,189049489705,2.9165987287248885,3.5386962890625,1.0
2-3-1,Run1,189049506359,2.899017333984375,3.328948974609375,1.0
2-3-1,Run1,189049523014,2.98016357421875,3.292022705078125,1.0
2-3-1,Run1,189049539669,2.9725341796875,3.3266754150390625,1.0
2-3-1,Run1,189049556324,2.9915771484375,3.3047332763671875,1.0
2-3-1,Run1,189049572979,2.9962615966796875,3.3748931884765625,1.0
2-3-1,Run1,189049589633,3.0155029296875,3.4469146728515625,1.0
2-3-1,Run1,189049606287,3.02813720703125,3.4347076416015625,1.0
2-3-1,Run1,189049622942,3.0366973876953125,3.436859130859375,1.0
2-3-1,Run1,189049639597,3.0264892578125,3.453964233398437,1.0
2-3-1,Run1,189049656251,3.0554962158203125,3.4396514892578125,1.0
2-3-1,Run1,189049672906,3.0606231689453125,3.44757080078125,1.0
2-3-1,Run1,189049689561,3.04901123046875,3.461456298828125,1.0
2-3-1,Run1,189049706215,3.220306396484375,3.5803680419921875,1.0
2-3-1,Run1,189049722870,3.26068115234375,3.5959014892578125,1.0
2-3-1,Run1,189049739524,3.0933380126953125,3.498382568359375,1.0
2-3-1,Run1,189049756180,3.0775299072265625,3.48419189453125,1.0
2-3-1,Run1,189049772834,3.228057861328125,3.4830322265625,1.0
2-3-1,Run1,189049789489,3.2202606201171875,3.48590087890625,1.0
2-3-1,Run1,189049806144,3.059112548828125,3.473297119140625,1.0
2-3-1,Run1,189049822798,3.05987548828125,3.48944091796875,1.0
2-3-1,Run1,189049839453,3.2212371826171875,3.6041107177734375,1.0
2-3-1,Run1,189049856108,3.16864013671875,3.5631561279296875,1.0
2-3-1,Run1,189049872762,3.038848876953125,3.4658203125,1.0
2-3-1,Run1,189049889416,3.05474853515625,3.474227905273437,1.0
2-3-1,Run1,189049906071,3.2064361572265625,3.5918731689453125,1.0
2-3-1,Run1,189049922725,3.193588256835937,3.539703369140625,1.0
2-3-1,Run1,189049939380,3.0182037353515625,3.4400787353515625,1.0
2-3-1,Run1,189049956035,3.00860595703125,3.442611694335937,1.0
2-3-1,Run1,189049972689,3.0161590576171875,3.4611053466796875,1.0
2-3-1,Run1,189049989344,3.0128173828125,3.481552124023437,1.0
2-3-1,Run1,189050005999,3.0211181640625,3.459747314453125,1.0
2-3-1,Run1,189050022654,3.0160675048828125,3.4423828125,1.0
2-3-1,Run1,189050039308,3.00030517578125,3.431625366210937,1.0
2-3-1,Run1,189050055963,3.02587890625,3.425765991210937,1.0
2-3-1,Run1,189050072618,3.2002410888671875,3.5459136962890625,1.0
2-3-1,Run1,189050089272,3.163360595703125,3.5827789306640625,1.0
2-3-1,Run1,189050105927,2.984344482421875,3.4446563720703125,1.0
2-3-1,Run1,189050122582,2.982025146484375,3.44427490234375,1.0
2-3-1,Run1,189050139236,2.97979736328125,3.43951416015625,1.0
2-3-1,Run1,189050155891,2.98199462890625,3.437042236328125,1.0
2-3-1,Run1,189050172546,3.154083251953125,3.5749053955078125,1.0
2-3-1,Run1,189050189200,3.1896209716796875,3.52880859375,1.0
2-3-1,Run1,189050205854,3.1896209716796875,3.52880859375,1.0
2-3-1,Run1,189050222509,3.0341262817382812,3.4391098022460938,0.0
2-3-1,Run1,189050239163,2.878631591796875,3.3494110107421875,1.0
2-3-1,Run1,189050255818,3.01312255859375,3.4300689697265625,1.0
2-3-1,Run1,189050272474,3.022125244140625,3.451873779296875,1.0
2-3-1,Run1,189050289129,3.035552978515625,3.442718505859375,1.0
2-3-1,Run1,189050305783,3.04266357421875,3.435272216796875,1.0
2-3-1,Run1,189050322437,3.015899658203125,3.4454803466796875,1.0
2-3-1,Run1,189050339092,3.007553100585937,3.45428466796875,1.0
2-3-1,Run1,189050355746,3.0260009765625,3.452499389648437,1.0
2-3-1,Run1,189050372401,3.189727783203125,3.563995361328125,1.0
2-3-1,Run1,189050389056,3.16827392578125,3.5614166259765625,1.0
2-3-1,Run1,189050405710,3.010986328125,3.4663543701171875,1.0
2-3-1,Run1,189050422365,3.02252197265625,3.45928955078125,1.0
2-3-1,Run1,189050439020,3.025253295898437,3.4654693603515625,1.0
2-3-1,Run1,189050455674,3.017791748046875,3.4721832275390625,1.0
2-3-1,Run1,189050472329,3.030517578125,3.4664306640625,1.0
2-3-1,Run1,189050488983,3.03143310546875,3.4571533203125,1.0
2-3-1,Run1,189050505638,3.0386962890625,3.466415405273437,1.0
2-3-1,Run1,189050522293,3.0532379150390625,3.416000366210937,1.0
2-3-1,Run1,189050538948,3.2423095703125,3.39739990234375,1.0
2-3-1,Run1,189050555603,3.225308418273926,3.406402587890625,0.0
2-3-1,Run1,189050572257,3.2083072662353516,3.4154052734375,0.0
2-3-1,Run1,189050588912,3.1913061141967773,3.424407958984375,0.0
2-3-1,Run1,189050605567,3.174304962158203,3.43341064453125,0.0
2-3-1,Run1,189050622221,3.157303810119629,3.442413330078125,0.0
2-3-1,Run1,189050638875,3.1403026580810547,3.451416015625,0.0
2-3-1,Run1,189050655530,3.1233015060424805,3.460418701171875,0.0
2-3-1,Run1,189050672184,3.1063003540039062,3.46942138671875,0.0
2-3-1,Run1,189050688839,3.089299201965332,3.478424072265625,0.0
2-3-1,Run1,189050705494,3.072298049926758,3.4874267578125,0.0
2-3-1,Run1,189050722148,3.0552968978881836,3.496429443359375,0.0
2-3-1,Run1,189050738803,3.0382957458496094,3.50543212890625,0.0
2-3-1,Run1,189050755459,3.021294593811035,3.514434814453125,0.0
2-3-1,Run1,189050772112,3.004293441772461,3.5234375,0.0
2-3-1,Run1,189050788767,2.9872922897338867,3.532440185546875,0.0
2-3-1,Run1,189050805422,2.9702911376953125,3.54144287109375,1.0
2-3-1,Run1,189050822077,3.289779663085937,3.550445556640625,1.0
2-3-1,Run1,189050838731,3.3036346435546875,3.4224395751953125,1.0
2-3-1,Run1,189050855386,3.13031005859375,3.483749389648437,1.0
2-3-1,Run1,189050872041,3.1555328369140625,3.5516510009765625,1.0
2-3-1,Run1,189050888695,3.147796630859375,3.5772247314453125,1.0
2-3-1,Run1,189050905350,3.1272430419921875,3.598602294921875,1.0
2-3-1,Run1,189050922004,3.175872802734375,3.5821990966796875,1.0
2-3-1,Run1,189050938658,3.1954345703125,3.5874481201171875,1.0
2-3-1,Run1,189050955313,3.1794891357421875,3.595367431640625,1.0
2-3-1,Run1,189050971968,3.311553955078125,3.72698974609375,1.0
2-3-1,Run1,189050988623,3.328277587890625,3.7044677734375,1.0
2-3-1,Run1,189051005278,3.328277587890625,3.7044677734375,1.0
2-3-1,Run1,189051021933,3.2057647705078125,3.6356964111328125,0.0
2-3-1,Run1,189051038587,3.083251953125,3.566925048828125,1.0
2-3-1,Run1,189051055242,3.193817138671875,3.62310791015625,1.0
2-3-1,Run1,189051071896,3.331451416015625,3.648025512695313,1.0
2-3-1,Run1,189051088551,3.33203125,3.645263671875,1.0
2-3-1,Run1,189051105205,3.33203125,3.711578369140625,1.0
2-3-1,Run1,189051121860,3.2097854614257812,3.6850433349609375,1.0
2-3-1,Run1,189051138515,3.0875396728515625,3.614532470703125,1.0
2-3-1,Run1,189051155169,3.200531005859375,3.627655029296875,1.0
2-3-1,Run1,189051171824,3.19476318359375,3.603469848632813,1.0
2-3-1,Run1,189051188479,3.2109832763671875,3.5989227294921875,1.0
2-3-1,Run1,189051205133,3.1880035400390625,3.6037445068359375,1.0
2-3-1,Run1,189051221789,3.1735382080078125,3.5850372314453125,1.0
2-3-1,Run1,189051238444,3.1418914794921875,3.5787811279296875,1.0
2-3-1,Run1,189051255098,3.125717163085937,3.575225830078125,1.0
2-3-1,Run1,189051271753,3.1243133544921875,3.5559844970703125,1.0
2-3-1,Run1,189051288408,3.119903564453125,3.555938720703125,1.0
2-3-1,Run1,189051305062,3.2887115478515625,3.54913330078125,1.0
2-3-1,Run1,189051321717,3.2413482666015625,3.534942626953125,1.0
2-3-1,Run1,189051338372,3.084457397460937,3.528045654296875,1.0
2-3-1,Run1,189051355027,3.108139038085937,3.521209716796875,1.0
2-3-1,Run1,189051371681,3.0760955810546875,3.50189208984375,1.0
2-3-1,Run1,189051388336,3.025863647460937,3.5057830810546875,1.0
2-3-1,Run1,189051404991,3.1736602783203125,3.6020965576171875,1.0
2-3-1,Run1,189051421645,3.1765594482421875,3.585556030273437,1.0
2-3-1,Run1,189051438300,3.015365600585937,3.503158569335937,1.0
2-3-1,Run1,189051454955,3.0114898681640625,3.4990997314453125,1.0
2-3-1,Run1,189051471610,2.989776611328125,3.574066162109375,1.0
2-3-1,Run1,189051488265,2.9939727783203125,3.5399322509765625,1.0
2-3-1,Run1,189051504920,3.0022735595703125,3.4531402587890625,1.0
2-3-1,Run1,189051521574,2.9766998291015625,3.4550323486328125,1.0
2-3-1,Run1,189051538229,3.1215972900390625,3.546859741210937,1.0
2-3-1,Run1,189051554884,3.156234741210937,3.576934814453125,1.0
2-3-1,Run1,189051571538,3.0008087158203125,3.4676971435546875,1.0
2-3-1,Run1,189051588193,3.0057830810546875,3.4595184326171875,1.0
2-3-1,Run1,189051604848,3.170745849609375,3.559478759765625,1.0
2-3-1,Run1,189051621503,3.131088256835937,3.571624755859375,1.0
2-3-1,Run1,189051638157,2.969512939453125,3.45379638671875,1.0
2-3-1,Run1,189051654812,2.972198486328125,3.4732666015625,1.0
2-3-1,Run1,189051671467,2.99700927734375,3.484115600585937,1.0
2-3-1,Run1,189051688121,3.015594482421875,3.479888916015625,1.0
2-3-1,Run1,189051704777,2.99591064453125,3.490447998046875,1.0
2-3-1,Run1,189051721432,2.9902496337890625,3.4834442138671875,1.0
2-3-1,Run1,189051738086,3.161834716796875,3.594451904296875,1.0
2-3-1,Run1,189051754741,3.16644287109375,3.6028900146484375,1.0
2-3-1,Run1,189051771396,3.0101470947265625,3.507797241210937,1.0
2-3-1,Run1,189051788050,3.0061492919921875,3.515045166015625,1.0
2-3-1,Run1,189051804705,3.0006256103515625,3.488037109375,1.0
2-3-1,Run1,189051821360,3.0031280517578125,3.478988647460937,1.0
2-3-1,Run1,189051838014,3.0006866455078125,3.502166748046875,1.0
2-3-1,Run1,189051854669,2.995468139648437,3.4990692138671875,1.0
2-3-1,Run1,189051871324,3.017303466796875,3.4819793701171875,1.0
2-3-1,Run1,189051887979,3.0542144775390625,3.484832763671875,1.0
2-3-1,Run1,189051904633,3.0552520751953125,3.4852294921875,1.0
2-3-1,Run1,189051921288,2.939437866210937,3.3218536376953125,1.0
2-3-1,Run1,189051937944,2.96441650390625,3.02386474609375,1.0
2-3-1,Run1,189051954598,3.0015389578683034,2.9968090057373047,0.0
2-3-1,Run1,189051971253,3.038661411830357,2.9697532653808594,0.0
2-3-1,Run1,189051987908,3.0757838657924106,2.942697525024414,0.0
2-3-1,Run1,189052004562,3.1129063197544644,2.9156417846679688,0.0
2-3-1,Run1,189052021217,3.150028773716518,2.8885860443115234,0.0
2-3-1,Run1,189052037872,3.187151227678571,2.861530303955078,0.0
2-3-1,Run1,189052054526,3.224273681640625,2.834474563598633,1.0
2-3-1,Run1,189052071181,3.0944366455078125,2.8074188232421875,1.0
2-3-1,Run1,189052087836,3.0992431640625,2.8074188232421875,1.0
2-3-1,Run1,189052104490,3.10760498046875,3.3465576171875,1.0
2-3-1,Run1,189052121145,3.1280670166015625,3.4079132080078125,1.0
2-3-1,Run1,189052137800,3.140106201171875,3.47235107421875,1.0
2-3-1,Run1,189052154455,3.1449432373046875,3.533920288085937,1.0
2-3-1,Run1,189052171109,3.118927001953125,3.5556640625,1.0
2-3-1,Run1,189052187765,3.14031982421875,3.5626983642578125,1.0
2-3-1,Run1,189052204420,3.3184051513671875,3.6905670166015625,1.0
2-3-1,Run1,189052221074,3.31988525390625,3.7012786865234375,1.0
2-3-1,Run1,189052237729,3.1704559326171875,3.5824737548828125,1.0
2-3-1,Run1,189052254384,3.20416259765625,3.58294677734375,1.0
2-3-1,Run1,189052271038,3.201934814453125,3.58953857421875,1.0
2-3-1,Run1,189052287693,3.1687774658203125,3.588607788085937,1.0
2-3-1,Run1,189052304348,3.1624298095703125,3.698333740234375,1.0
2-3-1,Run1,189052321002,3.1713409423828125,3.723434448242188,1.0
2-3-1,Run1,189052337657,3.336456298828125,3.723434448242188,1.0
2-3-1,Run1,189052354312,3.335113525390625,3.6921946207682295,1.0
2-3-1,Run1,189052370966,3.335113525390625,3.660954793294271,1.0
2-3-1,Run1,189052387621,3.1899795532226562,3.6297149658203125,0.0
2-3-1,Run1,189052404276,3.0448455810546875,3.598475138346354,1.0
2-3-1,Run1,189052420932,3.163421630859375,3.5672353108723955,1.0
2-3-1,Run1,189052437586,3.1472930908203125,3.535995483398437,1.0
2-3-1,Run1,189052454241,3.1262969970703125,3.591903686523437,1.0
2-3-1,Run1,189052470896,3.127304077148437,3.575424194335937,1.0
2-3-1,Run1,189052487550,3.1593170166015625,3.5680694580078125,1.0
2-3-1,Run1,189052504205,3.1585845947265625,3.580917358398437,1.0
2-3-1,Run1,189052520860,3.1512603759765625,3.572662353515625,1.0
2-3-1,Run1,189052537514,3.1602020263671875,3.6430816650390634,1.0
2-3-1,Run1,189052554169,3.1865692138671875,3.700881958007813,1.0
2-3-1,Run1,189052570824,3.2083740234375,3.5991973876953125,1.0
2-3-1,Run1,189052587478,3.20166015625,3.603073120117188,1.0
2-3-1,Run1,189052604133,3.192626953125,3.603591918945313,1.0
2-3-1,Run1,189052620788,3.1941375732421875,3.59698486328125,1.0
2-3-1,Run1,189052637442,3.353271484375,3.688690185546875,1.0
2-3-1,Run1,189052654098,3.411712646484375,3.75701904296875,1.0
2-3-1,Run1,189052670753,3.261077880859375,3.6528167724609375,1.0
2-3-1,Run1,189052687408,3.266082763671875,3.65399169921875,1.0
2-3-1,Run1,189052704062,3.4156036376953125,3.759735107421875,1.0
2-3-1,Run1,189052720717,3.430160522460937,3.7595367431640634,1.0
2-3-1,Run1,189052737372,3.3063507080078125,3.6750335693359375,1.0
2-3-1,Run1,189052754026,3.31988525390625,3.67437744140625,1.0
2-3-1,Run1,189052770681,3.459564208984375,3.755950927734375,1.0
2-3-1,Run1,189052787336,3.462066650390625,3.818084716796875,1.0
2-3-1,Run1,189052803990,3.3476715087890625,3.742889404296875,1.0
2-3-1,Run1,189052820645,3.3522491455078125,3.744140625,1.0
2-3-1,Run1,189052837300,3.4754791259765625,3.820632934570313,1.0
2-3-1,Run1,189052853954,3.532089233398437,3.810638427734375,1.0
2-3-1,Run1,189052870609,3.3868865966796875,3.757522583007813,1.0
2-3-1,Run1,189052887264,3.37127685546875,3.769744873046875,1.0
2-3-1,Run1,189052903919,3.4987335205078125,3.84356689453125,1.0
2-3-1,Run1,189052920574,3.514251708984375,3.86785888671875,1.0
2-3-1,Run1,189052937229,3.3795623779296875,3.7781829833984375,1.0
2-3-1,Run1,189052953884,3.375518798828125,3.770294189453125,1.0
2-3-1,Run1,189052970538,3.505828857421875,3.848297119140625,1.0
2-3-1,Run1,189052987193,3.48870849609375,3.8579254150390634,1.0
2-3-1,Run1,189053003848,3.3452911376953125,3.775924682617188,1.0
2-3-1,Run1,189053020502,3.3532257080078125,3.791213989257813,1.0
2-3-1,Run1,189053037157,3.3553466796875,3.7938232421875,1.0
2-3-1,Run1,189053053812,3.3591461181640625,3.771774291992188,1.0
2-3-1,Run1,189053070466,3.3538360595703125,3.7658843994140634,1.0
2-3-1,Run1,189053087121,3.32403564453125,3.7957611083984375,1.0
2-3-1,Run1,189053103776,3.4664306640625,3.923004150390625,1.0
2-3-1,Run1,189053120430,2.67645263671875,3.8989817301432295,1.0
2-3-1,Run1,189053137086,2.67645263671875,3.8749593098958335,1.0
2-3-1,Run1,189053153741,2.729930877685547,3.850936889648438,0.0
2-3-1,Run1,189053170395,2.7834091186523438,3.826914469401042,0.0
2-3-1,Run1,189053187050,2.8368873596191406,3.8028920491536464,0.0
2-3-1,Run1,189053203705,2.8903656005859375,3.7788696289062504,0.0
2-3-1,Run1,189053220360,2.9438438415527344,3.754847208658855,0.0
2-3-1,Run1,189053237014,2.9973220825195312,3.730824788411459,0.0
2-3-1,Run1,189053253669,3.050800323486328,3.7068023681640634,1.0
2-3-1,Run1,189053270324,3.104278564453125,3.7068023681640634,1.0
2-3-1,Run1,189053286978,3.273590087890625,3.7733001708984375,1.0
2-3-1,Run1,189053303633,3.304443359375,3.615142822265625,1.0
2-3-1,Run1,189053320288,3.2990875244140625,3.6342926025390634,1.0
2-3-1,Run1,189053336942,3.324554443359375,3.7189788818359375,1.0
2-3-1,Run1,189053353597,3.324691772460937,3.73779296875,1.0
2-3-1,Run1,189053370253,3.3149871826171875,3.758544921875,1.0
2-3-1,Run1,189053386907,3.32763671875,3.7780914306640634,1.0
2-3-1,Run1,189053403562,3.332122802734375,3.809402465820313,1.0
2-3-1,Run1,189053420217,3.32391357421875,3.8105621337890634,1.0
2-3-1,Run1,189053436871,3.4623260498046875,3.9138336181640634,1.0
2-3-1,Run1,189053453526,3.503143310546875,3.9483642578125,1.0
2-3-1,Run1,189053470181,3.3614959716796875,3.83648681640625,1.0
2-3-1,Run1,189053486836,3.369842529296875,3.8315582275390634,1.0
2-3-1,Run1,189053503490,3.523300170898437,3.9335784912109375,1.0
2-3-1,Run1,189053520145,3.50994873046875,3.9222259521484375,1.0
2-3-1,Run1,189053536800,3.3802947998046875,3.83428955078125,1.0
2-3-1,Run1,189053553454,3.38751220703125,3.832366943359375,1.0
2-3-1,Run1,189053570109,3.5249786376953125,3.920806884765625,1.0
2-3-1,Run1,189053586764,3.4895782470703125,3.887298583984375,1.0
2-3-1,Run1,189053603419,3.363388061523437,3.8222808837890634,1.0
2-3-1,Run1,189053620074,3.366180419921875,3.82232666015625,1.0
2-3-1,Run1,189053636729,3.3649139404296875,3.817825317382813,1.0
2-3-1,Run1,189053653383,3.346710205078125,3.83209228515625,1.0
2-3-1,Run1,189053670038,3.3197021484375,3.793991088867188,1.0
2-3-1,Run1,189053686693,3.30126953125,3.7859039306640634,1.0
2-3-1,Run1,189053703347,3.4246368408203125,3.898971557617188,1.0
2-3-1,Run1,189053720002,3.0485992431640625,2.9730224609375,1.0
2-3-1,Run1,189053736657,3.0485992431640625,2.9799346923828125,1.0
2-3-1,Run1,189053753312,3.336654663085937,2.9829864501953125,1.0
2-3-1,Run1,189053769966,3.164291381835937,2.8802032470703125,1.0
2-3-1,Run1,189053786621,3.00799560546875,2.8802032470703125,1.0
2-3-1,Run1,189053803276,3.01727294921875,2.965545654296875,1.0
2-3-1,Run1,189053819930,3.036102294921875,2.965545654296875,1.0
2-3-1,Run1,189053836585,3.0422821044921875,2.919036865234375,1.0
2-3-1,Run1,189053853241,3.1919708251953125,3.358062744140625,1.0
2-3-1,Run1,189053869895,3.225494384765625,3.596160888671875,1.0
2-3-1,Run1,189053886550,3.1923065185546875,3.552093505859375,1.0
2-3-1,Run1,189053903205,3.174530029296875,3.610260009765625,1.0
2-3-1,Run1,189053919859,3.170257568359375,3.5922393798828125,1.0
2-3-1,Run1,189053936514,3.3147735595703125,3.76092529296875,1.0
2-3-1,Run1,189053953169,3.3642120361328125,3.729888916015625,1.0
2-3-1,Run1,189053969823,3.3642120361328125,3.729888916015625,1.0
2-3-1,Run1,189053986478,3.3442649841308594,3.6990585327148438,0.0
2-3-1,Run1,189054003133,3.3243179321289062,3.6682281494140625,0.0
2-3-1,Run1,189054019788,3.304370880126953,3.6373977661132812,0.0
2-3-1,Run1,189054036442,3.284423828125,3.6065673828125,1.0
2-3-1,Run1,189054053097,3.264476776123047,3.660476684570313,1.0
2-3-1,Run1,189054069752,3.2445297241210938,3.755218505859375,1.0
2-3-1,Run1,189054086407,3.2245826721191406,3.783493041992188,1.0
2-3-1,Run1,189054103062,3.2046356201171875,3.648834228515625,1.0
2-3-1,Run1,189054119717,3.2724761962890625,3.526107788085937,1.0
2-3-1,Run1,189054136371,3.3861541748046875,3.4427642822265625,1.0
2-3-1,Run1,189054153026,3.4102281842912947,3.043994140625,0.0
2-3-1,Run1,189054169681,3.4343021937779015,2.6452239990234374,0.0
2-3-1,Run1,189054186335,3.4583762032645087,2.246453857421875,0.0
2-3-1,Run1,189054202990,3.482450212751116,1.8476837158203125,0.0
2-3-1,Run1,189054219645,3.506524222237723,1.44891357421875,1.0
2-3-1,Run1,189054236299,3.53059823172433,1.44891357421875,1.0
2-3-1,Run1,189054252954,3.554672241210937,2.363616943359375,1.0
2-3-1,Run1,189054269609,3.554672241210937,3.2783203125,1.0
2-3-1,Run1,189054286264,3.3873519897460938,3.638717651367188,1.0
2-3-1,Run1,189054302918,3.22003173828125,3.75457763671875,1.0
2-3-1,Run1,189054319574,3.32513427734375,3.694976806640625,1.0
2-3-1,Run1,189054336229,3.3103485107421875,3.726043701171875,1.0
2-3-1,Run1,189054352883,3.3341217041015625,3.7350921630859375,1.0
2-3-1,Run1,189054369538,3.532501220703125,3.9040374755859375,1.0
2-3-1,Run1,189054386193,3.4741363525390625,3.841354370117188,1.0
2-3-1,Run1,189054402847,3.3145904541015625,3.7646636962890634,1.0
2-3-1,Run1,189054419502,3.2932586669921875,3.764068603515625,1.0
2-3-1,Run1,189054436157,3.3232421875,3.7516021728515625,1.0
2-3-1,Run1,189054452811,3.34088134765625,3.7619476318359375,1.0
2-3-1,Run1,189054469466,3.4671630859375,3.869918823242188,1.0
2-3-1,Run1,189054486121,3.4758758544921875,3.9163665771484375,1.0
2-3-1,Run1,189054502775,3.330307006835937,3.795730590820313,1.0
2-3-1,Run1,189054519430,3.3379669189453125,3.7889404296875,1.0
2-3-1,Run1,189054536085,3.4931793212890625,3.892791748046875,1.0
2-3-1,Run1,189054552740,3.4522857666015625,3.9051513671875,1.0
2-3-1,Run1,189054569395,3.4522857666015625,3.9051513671875,1.0
2-3-1,Run1,189054586050,3.4724273681640625,3.858856201171875,1.0
2-3-1,Run1,189054602705,3.315536499023437,3.782379150390625,1.0
2-3-1,Run1,189054619359,3.3252410888671875,3.779342651367188,1.0
2-3-1,Run1,189054636014,3.49066162109375,3.850784301757813,1.0
2-3-1,Run1,189054652669,3.442291259765625,3.845672607421875,1.0
2-3-1,Run1,189054669323,3.2962188720703125,3.770538330078125,1.0
2-3-1,Run1,189054685978,3.291122436523437,3.800933837890625,1.0
2-3-1,Run1,189054702633,3.2899169921875,3.80877685546875,1.0
2-3-1,Run1,189054719287,3.299407958984375,3.799041748046875,1.0
2-3-1,Run1,189054735942,3.44598388671875,3.903030395507813,1.0
2-3-1,Run1,189054752597,3.408843994140625,3.96221923828125,1.0
2-3-1,Run1,189054769251,3.288482666015625,3.69842529296875,1.0
2-3-1,Run1,189054785906,3.2001190185546875,3.5221405029296875,1.0
2-3-1,Run1,189054802562,3.226358413696289,3.518251207139757,0.0
2-3-1,Run1,189054819217,3.2525978088378906,3.5143619113498263,0.0
2-3-1,Run1,189054835871,3.278837203979492,3.510472615559896,0.0
2-3-1,Run1,189054852526,3.3050765991210938,3.506583319769965,0.0
2-3-1,Run1,189054869181,3.3313159942626953,3.502694023980035,0.0
2-3-1,Run1,189054885835,3.357555389404297,3.498804728190104,0.0
2-3-1,Run1,189054902490,3.3837947845458984,3.4949154324001737,0.0
2-3-1,Run1,189054919145,3.4100341796875,3.491026136610243,1.0
2-3-1,Run1,189054935799,3.273300170898437,3.4871368408203125,1.0
2-3-1,Run1,189054952454,3.2864227294921875,3.638092041015625,1.0
2-3-1,Run1,189054969109,3.3085479736328125,3.72723388671875,1.0
2-3-1,Run1,189054985763,3.318328857421875,3.768600463867188,1.0
2-3-1,Run1,189055002418,3.307708740234375,3.7969818115234375,1.0
2-3-1,Run1,189055019073,3.30572509765625,3.773651123046875,1.0
2-3-1,Run1,189055035728,3.3359832763671875,3.7604827880859375,1.0
2-3-1,Run1,189055052383,3.36376953125,3.785842895507813,1.0
2-3-1,Run1,189055069038,3.518417358398437,3.037826538085937,1.0
2-3-1,Run1,189055085693,3.501180013020833,1.604400634765625,1.0
2-3-1,Run1,189055102347,3.4839426676432286,1.7842629172585227,0.0
2-3-1,Run1,189055119002,3.4667053222656246,1.9641251997514204,0.0
2-3-1,Run1,189055135657,3.4494679768880205,2.1439874822443183,0.0
2-3-1,Run1,189055152311,3.4322306315104165,2.323849764737216,0.0
2-3-1,Run1,189055168966,3.4149932861328125,2.5037120472301138,0.0
2-3-1,Run1,189055185621,3.397755940755208,2.6835743297230117,0.0
2-3-1,Run1,189055202275,3.380518595377604,2.863436612215909,0.0
2-3-1,Run1,189055218930,3.36328125,3.0432988947088067,0.0
2-3-1,Run1,189055235585,3.3460439046223955,3.2231611772017046,0.0
2-3-1,Run1,189055252239,3.3288065592447915,3.4030234596946025,0.0
2-3-1,Run1,189055268894,3.3115692138671875,3.5828857421875,1.0
2-3-1,Run1,189055285550,3.425018310546875,3.85430908203125,1.0
2-3-1,Run1,189055302204,3.452865600585937,3.922409057617188,1.0
2-3-1,Run1,189055318859,3.4268341064453125,3.850677490234375,1.0
2-3-1,Run1,189055335514,3.407470703125,3.89605712890625,1.0
2-3-1,Run1,189055352169,3.4006805419921875,3.91680908203125,1.0
2-3-1,Run1,189055368823,3.3911590576171875,3.9344635009765625,1.0
2-3-1,Run1,189055385478,3.4080352783203125,3.922805786132813,1.0
2-3-1,Run1,189055402133,3.422836303710937,3.912445068359375,1.0
2-3-1,Run1,189055418787,3.4191131591796875,3.903976440429688,1.0
2-3-1,Run1,189055435442,3.5120391845703125,4.0025482177734375,1.0
2-3-1,Run1,189055452097,3.573760986328125,3.976226806640625,1.0
2-3-1,Run1,189055468751,3.4262237548828125,3.87322998046875,1.0
2-3-1,Run1,189055485406,3.4041900634765625,3.896881103515625,1.0
2-3-1,Run1,189055502061,3.3997955322265625,3.902877807617188,1.0
2-3-1,Run1,189055518716,3.4091033935546875,3.869384765625,1.0
2-3-1,Run1,189055535371,3.3784942626953125,3.858367919921875,1.0
2-3-1,Run1,189055552026,3.3481597900390625,3.8638916015625,1.0
2-3-1,Run1,189055568680,3.4603271484375,3.966262817382813,1.0
2-3-1,Run1,189055585335,3.445953369140625,3.91131591796875,1.0
2-3-1,Run1,189055601990,3.445953369140625,3.91131591796875,1.0
2-3-1,Run1,189055618645,3.3112030029296875,3.832244873046875,0.0
2-3-1,Run1,189055635299,3.17645263671875,3.753173828125,1.0
2-3-1,Run1,189055651954,3.278305053710937,3.787994384765625,1.0
2-3-1,Run1,189055668609,3.3944854736328125,3.760208129882813,1.0
2-3-1,Run1,189055685263,3.3828582763671875,3.765701293945313,1.0
2-3-1,Run1,189055701918,3.243865966796875,3.757247924804688,1.0
2-3-1,Run1,189055718573,3.209381103515625,3.7796630859375,1.0
2-3-1,Run1,189055735227,3.329330444335937,3.927566528320313,1.0
2-3-1,Run1,189055751883,3.3067238547585225,3.9097914262251425,0.0
2-3-1,Run1,189055768538,3.2841172651811075,3.892016324129972,0.0
2-3-1,Run1,189055785192,3.261510675603693,3.8742412220348013,0.0
2-3-1,Run1,189055801847,3.2389040860262783,3.856466119939631,0.0
2-3-1,Run1,189055818502,3.2162974964488633,3.8386910178444604,0.0
2-3-1,Run1,189055835156,3.1936909068714487,3.82091591574929,0.0
2-3-1,Run1,189055851811,3.1710843172940337,3.8031408136541196,0.0
2-3-1,Run1,189055868466,3.148477727716619,3.785365711558949,0.0
2-3-1,Run1,189055885121,3.1258711381392046,3.7675906094637783,0.0
2-3-1,Run1,189055901775,3.1032645485617896,3.749815507368608,0.0
2-3-1,Run1,189055918430,3.080657958984375,3.7320404052734375,1.0
2-3-1,Run1,189055935085,3.069000244140625,3.614837646484375,1.0
2-3-1,Run1,189055951739,3.0590057373046875,3.707244873046875,1.0
2-3-1,Run1,189055968394,3.1372833251953125,3.723236083984375,1.0
2-3-1,Run1,189055985049,3.228378295898437,3.7677154541015625,1.0
2-3-1,Run1,189056001704,3.2498779296875,3.777542114257813,1.0
2-3-1,Run1,189056018359,3.236724853515625,3.72821044921875,1.0
2-3-1,Run1,189056035014,3.222518920898437,3.7513275146484375,1.0
2-3-1,Run1,189056051668,3.2602996826171875,3.767990112304688,1.0
2-3-1,Run1,189056068323,3.263214111328125,3.7735748291015625,1.0
2-3-1,Run1,189056084978,3.2324676513671875,3.7449951171875,1.0
2-3-1,Run1,189056101632,3.23016357421875,3.74530029296875,1.0
2-3-1,Run1,189056118287,3.2177276611328125,3.737457275390625,1.0
2-3-1,Run1,189056134942,3.20098876953125,3.7271575927734375,1.0
2-3-1,Run1,189056151597,3.2216339111328125,3.727386474609375,1.0
2-3-1,Run1,189056168251,3.244049072265625,3.7414703369140634,1.0
2-3-1,Run1,189056184906,3.238632202148437,3.746627807617188,1.0
2-3-1,Run1,189056201561,3.225189208984375,3.733840942382813,1.0
2-3-1,Run1,189056218215,3.237701416015625,3.733917236328125,1.0
2-3-1,Run1,189056234871,3.2237091064453125,3.726638793945313,1.0
2-3-1,Run1,189056251526,3.2125396728515625,3.72930908203125,1.0
2-3-1,Run1,189056268179,3.3338165283203125,3.861129760742188,1.0
2-3-1,Run1,189056284834,3.40081787109375,3.80078125,1.0
2-3-1,Run1,189056301489,3.250213623046875,3.729202270507813,1.0
2-3-1,Run1,189056318143,3.2237091064453125,3.7447357177734375,1.0
2-3-1,Run1,189056334798,3.2091217041015625,3.7400054931640634,1.0
2-3-1,Run1,189056351453,3.22039794921875,3.7424468994140634,1.0
2-3-1,Run1,189056368107,3.214462280273437,3.7220611572265625,1.0
2-3-1,Run1,189056384762,3.18670654296875,3.694366455078125,1.0
2-3-1,Run1,189056401417,3.3118133544921875,3.76873779296875,1.0
2-3-1,Run1,189056418072,3.277450561523437,3.7767181396484375,1.0
2-3-1,Run1,189056434726,3.1624298095703125,3.676513671875,1.0
2-3-1,Run1,189056451381,3.1692352294921875,3.665115356445313,1.0
2-3-1,Run1,189056468037,3.143280029296875,3.647262573242188,1.0
2-3-1,Run1,189056484691,3.1494140625,3.6492919921875,1.0
2-3-1,Run1,189056501346,3.299041748046875,3.750213623046875,1.0
2-3-1,Run1,189056518001,3.29827880859375,3.7789459228515625,1.0
2-3-1,Run1,189056534655,3.1480255126953125,3.66265869140625,1.0
2-3-1,Run1,189056551310,3.133209228515625,3.6463775634765625,1.0
2-3-1,Run1,189056567965,3.1430816650390625,3.63079833984375,1.0
2-3-1,Run1,189056584619,3.1300811767578125,3.639801025390625,1.0
2-3-1,Run1,189056601274,3.1409912109375,3.625686645507813,1.0
2-3-1,Run1,189056617929,3.131134033203125,3.6214752197265625,1.0
2-3-1,Run1,189056634583,3.253524780273437,3.7841796875,1.0
2-3-1,Run1,189056651238,3.26076180594308,3.7113723754882812,0.0
2-3-1,Run1,189056667893,3.2679988316127226,3.6385650634765625,0.0
2-3-1,Run1,189056684548,3.2752358572823654,3.5657577514648438,0.0
2-3-1,Run1,189056701202,3.2824728829520087,3.492950439453125,0.0
2-3-1,Run1,189056717857,3.2897099086216515,3.4201431274414062,0.0
2-3-1,Run1,189056734512,3.2969469342912943,3.3473358154296875,0.0
2-3-1,Run1,189056751166,3.304183959960937,3.2745285034179688,1.0
2-3-1,Run1,189056767821,3.304183959960937,3.20172119140625,1.0
2-3-1,Run1,189056784476,3.2941436767578125,3.1289138793945312,1.0
2-3-1,Run1,189056801130,3.1455535888671875,3.0561065673828125,1.0
2-3-1,Run1,189056817785,3.123291015625,3.319671630859375,1.0
2-3-1,Run1,189056834440,3.145782470703125,3.5645294189453125,1.0
2-3-1,Run1,189056851094,3.178451538085937,3.5446319580078125,1.0
2-3-1,Run1,189056867749,3.175018310546875,3.602508544921875,1.0
2-3-1,Run1,189056884404,3.174041748046875,3.652801513671875,1.0
2-3-1,Run1,189056901058,3.1710662841796875,3.683685302734375,1.0
2-3-1,Run1,189056917713,3.191268920898437,3.6845703125,1.0
2-3-1,Run1,189056934368,3.1988983154296875,3.67169189453125,1.0
2-3-1,Run1,189056951024,3.194320678710937,3.675201416015625,1.0
2-3-1,Run1,189056967678,3.205902099609375,3.8058013916015625,1.0
2-3-1,Run1,189056984333,3.1883087158203125,3.8963775634765625,1.0
2-3-1,Run1,189057000988,3.3211669921875,3.62103271484375,1.0
2-3-1,Run1,189057017642,3.35394287109375,3.504150390625,1.0
2-3-1,Run1,189057034297,3.35394287109375,3.610931396484375,1.0
2-3-1,Run1,189057050952,3.2773556179470487,3.626149957830256,0.0
2-3-1,Run1,189057067606,3.2007683648003473,3.6413685191761367,0.0
2-3-1,Run1,189057084261,3.1241811116536455,3.656587080522017,0.0
2-3-1,Run1,189057100915,3.047593858506944,3.671805641867898,0.0
2-3-1,Run1,189057117569,2.971006605360243,3.6870242032137788,0.0
2-3-1,Run1,189057134225,2.8944193522135415,3.7022427645596596,0.0
2-3-1,Run1,189057150880,2.81783209906684,3.7174613259055405,0.0
2-3-1,Run1,189057167533,2.7412448459201384,3.7326798872514213,0.0
2-3-1,Run1,189057184189,2.664657592773437,3.7478984485973017,1.0
2-3-1,Run1,189057200844,2.664657592773437,3.7631170099431825,1.0
2-3-1,Run1,189057217499,3.2218017578125,3.7783355712890634,1.0
2-3-1,Run1,189057234153,3.1021728515625,3.541000366210937,1.0
2-3-1,Run1,189057250808,3.098861694335937,3.452880859375,1.0
2-3-1,Run1,189057267463,3.12347412109375,3.483627319335937,1.0
2-3-1,Run1,189057284117,3.0987701416015625,3.5632476806640625,1.0
2-3-1,Run1,189057300772,3.0366973876953125,3.599029541015625,1.0
2-3-1,Run1,189057317427,3.100494384765625,3.5948028564453125,1.0
2-3-1,Run1,189057334081,3.1178131103515625,3.6013946533203125,1.0
2-3-1,Run1,189057350736,3.101226806640625,3.5864715576171875,1.0
2-3-1,Run1,189057367391,3.08074951171875,3.574920654296875,1.0
2-3-1,Run1,189057384045,3.076080322265625,3.538925170898437,1.0
2-3-1,Run1,189057400700,3.2555694580078125,3.5985107421875,1.0
2-3-1,Run1,189057417355,3.299163818359375,3.699676513671875,1.0
2-3-1,Run1,189057434010,3.299163818359375,3.699676513671875,1.0
2-3-1,Run1,189057450665,3.1334152221679688,3.6070632934570312,0.0
2-3-1,Run1,189057467320,2.9676666259765625,3.5144500732421875,1.0
2-3-1,Run1,189057483975,3.130462646484375,3.570159912109375,1.0
2-3-1,Run1,189057500629,3.151229858398437,3.592514038085937,1.0
2-3-1,Run1,189057517283,3.1060333251953125,3.5885009765625,1.0
2-3-1,Run1,189057533938,3.0950469970703125,3.5659332275390625,1.0
2-3-1,Run1,189057550592,3.10736083984375,3.5747833251953125,1.0
2-3-1,Run1,189057567247,3.115386962890625,3.5703125,1.0
2-3-1,Run1,189057583902,3.11029052734375,3.556854248046875,1.0
2-3-1,Run1,189057600556,3.1016387939453125,3.5683746337890625,1.0
2-3-1,Run1,189057617211,3.09576416015625,3.564483642578125,1.0
2-3-1,Run1,189057633866,3.08367919921875,3.53607177734375,1.0
2-3-1,Run1,189057650520,3.09130859375,3.554168701171875,1.0
2-3-1,Run1,189057667176,3.074935913085937,3.6900634765625,1.0
2-3-1,Run1,189057683831,3.0636444091796875,3.692672729492188,1.0
2-3-1,Run1,189057700485,3.2398681640625,3.692672729492188,1.0
2-3-1,Run1,189057717140,3.140045166015625,3.5798492431640625,1.0
2-3-1,Run1,189057733795,3.002716064453125,3.467025756835937,1.0
2-3-1,Run1,189057750450,3.0209197998046875,3.529525756835937,1.0
2-3-1,Run1,189057767104,3.0181427001953125,3.537704467773437,1.0
2-3-1,Run1,189057783759,3.026123046875,3.542724609375,1.0
2-3-1,Run1,189057800414,3.0479888916015625,3.54931640625,1.0
2-3-1,Run1,189057817068,3.0444793701171875,3.519515991210937,1.0
2-3-1,Run1,189057833723,3.1903076171875,3.5688018798828125,1.0
2-3-1,Run1,189057850378,3.175521850585937,3.625213623046875,1.0
2-3-1,Run1,189057867032,3.175521850585937,3.625213623046875,1.0
2-3-1,Run1,189057883687,3.0462875366210938,3.55120849609375,0.0
2-3-1,Run1,189057900343,2.91705322265625,3.477203369140625,1.0
2-3-1,Run1,189057916997,3.0662841796875,3.53204345703125,1.0
2-3-1,Run1,189057933651,3.0249481201171875,3.521514892578125,1.0
2-3-1,Run1,189057950306,3.010406494140625,3.50714111328125,1.0
2-3-1,Run1,189057966960,3.0289459228515625,3.500091552734375,1.0
2-3-1,Run1,189057983615,3.0226593017578125,3.501617431640625,1.0
2-3-1,Run1,189058000270,3.187286376953125,3.59088134765625,1.0
2-3-1,Run1,189058016925,3.18255615234375,3.66729736328125,1.0
2-3-1,Run1,189058033579,3.18255615234375,3.66729736328125,1.0
2-3-1,Run1,189058050234,3.038726806640625,3.555877685546875,0.0
2-3-1,Run1,189058066889,2.8948974609375,3.4444580078125,1.0
2-3-1,Run1,189058083543,3.0262908935546875,3.491607666015625,1.0
2-3-1,Run1,189058100198,3.032318115234375,3.49700927734375,1.0
2-3-1,Run1,189058116853,3.021759033203125,3.5055084228515625,1.0
2-3-1,Run1,189058133507,2.99835205078125,3.4949188232421875,1.0
2-3-1,Run1,189058150163,3.0059356689453125,3.4952392578125,1.0
2-3-1,Run1,189058166818,3.037338256835937,3.487030029296875,1.0
2-3-1,Run1,189058183472,3.033294677734375,3.4759674072265625,1.0
2-3-1,Run1,189058200127,3.005966186523437,3.489532470703125,1.0
2-3-1,Run1,189058216782,3.00445556640625,3.49639892578125,1.0
2-3-1,Run1,189058233436,3.1661834716796875,3.5938720703125,1.0
2-3-1,Run1,189058250091,3.135238647460937,3.6263427734375,1.0
2-3-1,Run1,189058266746,2.997161865234375,3.456039428710937,1.0
2-3-1,Run1,189058283401,2.906356811523437,3.3591461181640625,1.0
2-3-1,Run1,189058300055,2.916115500710227,3.3629025545987217,0.0
2-3-1,Run1,189058316710,2.9258741898970166,3.366658991033381,0.0
2-3-1,Run1,189058333365,2.9356328790838067,3.3704154274680396,0.0
2-3-1,Run1,189058350018,2.9453915682705962,3.3741718639026987,0.0
2-3-1,Run1,189058366673,2.9551502574573862,3.377928300337358,0.0
2-3-1,Run1,189058383329,2.964908946644176,3.381684736772017,0.0
2-3-1,Run1,189058399983,2.974667635830966,3.3854411732066763,0.0
2-3-1,Run1,189058416638,2.9844263250177554,3.3891976096413354,0.0
2-3-1,Run1,189058433293,2.9941850142045454,3.392954046075994,0.0
2-3-1,Run1,189058449947,3.003943703391335,3.3967104825106533,0.0
2-3-1,Run1,189058466602,3.013702392578125,3.4004669189453125,1.0
2-3-1,Run1,189058483257,3.112884521484375,3.496307373046875,1.0
2-3-1,Run1,189058499911,3.137191772460937,3.5655670166015625,1.0
2-3-1,Run1,189058516566,3.1715545654296875,3.5953826904296875,1.0
2-3-1,Run1,189058533221,3.343597412109375,3.7674407958984375,1.0
2-3-1,Run1,189058549876,3.37408447265625,3.7264556884765625,1.0
2-3-1,Run1,189058566530,3.2038726806640625,3.61627197265625,1.0
2-3-1,Run1,189058583185,3.2151031494140625,3.6368560791015625,1.0
2-3-1,Run1,189058599840,3.244110107421875,3.6752777099609375,1.0
2-3-1,Run1,189058616494,3.254241943359375,3.683929443359375,1.0
2-3-1,Run1,189058633149,3.257537841796875,3.663009643554688,1.0
2-3-1,Run1,189058649804,3.1836700439453125,3.47442626953125,1.0
2-3-1,Run1,189058666459,3.268417358398437,3.17852783203125,1.0
2-3-1,Run1,189058683114,3.2501144409179683,3.1990966796875,0.0
2-3-1,Run1,189058699769,3.2318115234374996,3.21966552734375,0.0
2-3-1,Run1,189058716423,3.213508605957031,3.240234375,0.0
2-3-1,Run1,189058733078,3.195205688476562,3.26080322265625,0.0
2-3-1,Run1,189058749733,3.1769027709960933,3.2813720703125,0.0
2-3-1,Run1,189058766386,3.1585998535156246,3.30194091796875,0.0
2-3-1,Run1,189058783041,3.1402969360351562,3.322509765625,0.0
2-3-1,Run1,189058799696,3.1219940185546875,3.34307861328125,0.0
2-3-1,Run1,189058816351,3.1036911010742188,3.3636474609375,0.0
2-3-1,Run1,189058833005,3.08538818359375,3.38421630859375,0.0
2-3-1,Run1,189058864337,3.0670852661132812,3.40478515625,0.0
2-3-1,Run1,189058880992,3.0487823486328125,3.42535400390625,0.0
2-3-1,Run1,189058915030,3.0304794311523438,3.4459228515625,0.0
2-3-1,Run1,189058931685,3.012176513671875,3.46649169921875,1.0
2-3-1,Run1,189058948339,3.0874786376953125,3.5503387451171875,1.0
2-3-1,Run1,189058964994,3.11102294921875,3.5609588623046875,1.0
2-3-1,Run1,189058981649,3.14239501953125,3.561737060546875,1.0
2-3-1,Run1,189058998303,3.11328125,3.5559234619140625,1.0
2-3-1,Run1,189059014958,3.102996826171875,3.544464111328125,1.0
2-3-1,Run1,189059031613,3.121734619140625,3.57489013671875,1.0
2-3-1,Run1,189059048267,3.157806396484375,3.6043548583984375,1.0
2-3-1,Run1,189059064922,3.1265869140625,3.598861694335937,1.0
2-3-1,Run1,189059081577,3.10693359375,3.5970001220703125,1.0
2-3-1,Run1,189059098232,3.12530517578125,3.5865020751953125,1.0
2-3-1,Run1,189059114886,3.164306640625,3.587432861328125,1.0
2-3-1,Run1,189059131541,3.1449737548828125,3.58868408203125,1.0
2-3-1,Run1,189059148196,3.126083374023437,3.579925537109375,1.0
2-3-1,Run1,189059164850,3.125518798828125,3.565582275390625,1.0
2-3-1,Run1,189059181505,3.1869049072265625,3.5643768310546875,1.0
2-3-1,Run1,189059198160,3.188568115234375,3.578521728515625,1.0
2-3-1,Run1,189059214814,3.1332550048828125,3.585418701171875,1.0
2-3-1,Run1,189059231469,3.3046875,3.6959228515625,1.0
2-3-1,Run1,189059248124,3.2709503173828125,3.700408935546875,1.0
2-3-1,Run1,189059264778,3.105819702148437,3.5845184326171875,1.0
2-3-1,Run1,189059281433,3.078582763671875,3.553939819335937,1.0
2-3-1,Run1,189059298088,3.219573974609375,3.5272979736328125,1.0
2-3-1,Run1,189059314742,3.269760131835937,3.521484375,1.0
2-3-1,Run1,189059331398,3.0586090087890625,3.528228759765625,1.0
2-3-1,Run1,189059348052,3.0068817138671875,3.5312652587890625,1.0
2-3-1,Run1,189059364707,2.9959259033203125,3.507553100585937,1.0
2-3-1,Run1,189059381361,3.018295288085937,3.490875244140625,1.0
2-3-1,Run1,189059398016,3.0402984619140625,3.456634521484375,1.0
2-3-1,Run1,189059414671,3.006927490234375,3.4644927978515625,1.0
2-3-1,Run1,189059431325,3.1315460205078125,3.587860107421875,1.0
2-3-1,Run1,189059447981,3.1614227294921875,3.5839996337890625,1.0
2-3-1,Run1,189059464636,3.012115478515625,3.477996826171875,1.0
2-3-1,Run1,189059481290,3.0203094482421875,3.4813995361328125,1.0
2-3-1,Run1,189059497945,3.001068115234375,3.467559814453125,1.0
2-3-1,Run1,189059514600,2.98046875,3.4668121337890625,1.0
2-3-1,Run1,189059531254,2.9760894775390625,3.438095092773437,1.0
2-3-1,Run1,189059547909,2.9756317138671875,3.451416015625,1.0
2-3-1,Run1,189059564564,2.954452514648437,3.46044921875,1.0
2-3-1,Run1,189059581218,2.9382781982421875,3.4201202392578125,1.0
2-3-1,Run1,189059597873,2.9398651123046875,3.4205780029296875,1.0
2-3-1,Run1,189059614528,2.9363250732421875,3.4092254638671875,1.0
2-3-1,Run1,189059631183,2.9410552978515625,3.4007110595703125,1.0
2-3-1,Run1,189059647837,2.940582275390625,3.4346923828125,1.0
2-3-1,Run1,189059664492,2.936614990234375,3.434310913085937,1.0
2-3-1,Run1,189059681147,2.927108764648437,3.429656982421875,1.0
2-3-1,Run1,189059697801,2.924911499023437,3.4139862060546875,1.0
2-3-1,Run1,189059714456,2.9444122314453125,3.4022674560546875,1.0
2-3-1,Run1,189059731111,2.94586181640625,3.404647827148437,1.0
2-3-1,Run1,189059747765,2.938079833984375,3.420501708984375,1.0
2-3-1,Run1,189059764420,2.939971923828125,3.421615600585937,1.0
2-3-1,Run1,189059781075,2.96484375,3.371932983398437,1.0
2-3-1,Run1,189059797729,2.971588134765625,3.366180419921875,1.0
2-3-1,Run1,189059814384,2.966049194335937,3.4029693603515625,1.0
2-3-1,Run1,189059831039,3.138916015625,3.5404815673828125,1.0
2-3-1,Run1,189059847693,3.084991455078125,3.5397491455078125,1.0
2-3-1,Run1,189059864348,2.9348907470703125,3.4119110107421875,1.0
2-3-1,Run1,189059881003,2.9500732421875,3.40240478515625,1.0
2-3-1,Run1,189059897658,3.1183319091796875,3.507919311523437,1.0
2-3-1,Run1,189059914312,3.15771484375,3.4654541015625,1.0
2-3-1,Run1,189059930967,2.97705078125,3.386444091796875,1.0
2-3-1,Run1,189059947623,2.96875,3.4105224609375,1.0
2-3-1,Run1,189059964277,2.9794921875,3.409286499023437,1.0
2-3-1,Run1,189059980932,3.0006103515625,3.4272918701171875,1.0
2-3-1,Run1,189059997587,2.991851806640625,3.445159912109375,1.0
2-3-1,Run1,189060014240,2.9841461181640625,3.436981201171875,1.0
2-3-1,Run1,189060030895,3.020980834960937,3.5570526123046875,1.0
2-3-1,Run1,189060047551,3.017333984375,3.413299560546875,1.0
2-3-1,Run1,189060064205,3.00433349609375,3.416488647460937,1.0
2-3-1,Run1,189060080860,2.9858856201171875,3.439559936523437,1.0
2-3-1,Run1,189060097515,2.5345001220703125,2.951522827148437,1.0
2-3-1,Run1,189060114168,1.92889404296875,2.5406951904296875,1.0
2-3-1,Run1,189060130823,2.0005462646484373,2.600262451171875,0.0
2-3-1,Run1,189060147478,2.072198486328125,2.6598297119140626,0.0
2-3-1,Run1,189060164133,2.1438507080078124,2.71939697265625,0.0
2-3-1,Run1,189060180787,2.2155029296875,2.7789642333984377,0.0
2-3-1,Run1,189060197442,2.2871551513671875,2.838531494140625,0.0
2-3-1,Run1,189060214098,2.358807373046875,2.8980987548828123,0.0
2-3-1,Run1,189060230752,2.4304595947265626,2.957666015625,0.0
2-3-1,Run1,189060247407,2.50211181640625,3.0172332763671874,0.0
2-3-1,Run1,189060264062,2.5737640380859377,3.076800537109375,0.0
2-3-1,Run1,189060280716,2.645416259765625,3.1363677978515625,0.0
2-3-1,Run1,189060312332,2.7170684814453123,3.19593505859375,0.0
2-3-1,Run1,189060328987,2.788720703125,3.2555023193359376,0.0
2-3-1,Run1,189060345641,2.8603729248046874,3.315069580078125,0.0
2-3-1,Run1,189060379032,2.932025146484375,3.3746368408203127,0.0
2-3-1,Run1,189060395687,3.0036773681640625,3.4342041015625,1.0
2-3-1,Run1,189060412341,3.096771240234375,3.534698486328125,1.0
2-3-1,Run1,189060428996,3.0948638916015625,3.5477752685546875,1.0
2-3-1,Run1,189060445651,3.106674194335937,3.5168609619140625,1.0
2-3-1,Run1,189060462305,3.12213134765625,3.534393310546875,1.0
2-3-1,Run1,189060478960,3.134628295898437,3.5695037841796875,1.0
2-3-1,Run1,189060495615,3.115081787109375,3.57672119140625,1.0
2-3-1,Run1,189060512269,3.125640869140625,3.582061767578125,1.0
2-3-1,Run1,189060528924,3.1335906982421875,3.574935913085937,1.0
2-3-1,Run1,189060545579,3.116806030273437,3.5709228515625,1.0
2-3-1,Run1,189060562234,3.1378173828125,3.6018218994140625,1.0
2-3-1,Run1,189060578888,3.1243133544921875,3.602935791015625,1.0
2-3-1,Run1,189060595543,3.0766754150390625,3.586578369140625,1.0
2-3-1,Run1,189060612198,3.0531463623046875,3.5733184814453125,1.0
2-3-1,Run1,189060628852,3.1970367431640625,3.699295043945313,1.0
2-3-1,Run1,189060645507,3.2557525634765625,3.722503662109375,1.0
2-3-1,Run1,189060662162,3.087890625,3.562469482421875,1.0
2-3-1,Run1,189060678816,3.06591796875,3.55413818359375,1.0
2-3-1,Run1,189060695471,3.044219970703125,3.54669189453125,1.0
2-3-1,Run1,189060712126,3.04669189453125,3.52252197265625,1.0
2-3-1,Run1,189060728781,3.032379150390625,3.524688720703125,1.0
2-3-1,Run1,189060745436,3.008697509765625,3.514923095703125,1.0
2-3-1,Run1,189060762091,3.010528564453125,3.469635009765625,1.0
2-3-1,Run1,189060778745,3.021835327148437,3.4808502197265625,1.0
2-3-1,Run1,189060795400,3.004989624023437,3.4800262451171875,1.0
2-3-1,Run1,189060812055,2.9890289306640625,3.4445343017578125,1.0
2-3-1,Run1,189060828710,2.9762420654296875,3.426727294921875,1.0
2-3-1,Run1,189060845364,2.978057861328125,3.42767333984375,1.0
2-3-1,Run1,189060862019,3.00970458984375,3.430770874023437,1.0
2-3-1,Run1,189060878673,3.020248413085937,3.440170288085937,1.0
2-3-1,Run1,189060895327,2.98663330078125,3.458251953125,1.0
2-3-1,Run1,189060911982,2.9644012451171875,3.459945678710937,1.0
2-3-1,Run1,189060928637,2.97119140625,3.44842529296875,1.0
2-3-1,Run1,189060945291,2.9608306884765625,3.439666748046875,1.0
2-3-1,Run1,189060961946,2.9445037841796875,3.435150146484375,1.0
2-3-1,Run1,189060978602,2.9756622314453125,3.443466186523437,1.0
2-3-1,Run1,189060995256,2.977890014648437,3.428436279296875,1.0
2-3-1,Run1,189061011911,2.9731903076171875,3.442977905273437,1.0
2-3-1,Run1,189061028566,2.9812774658203125,3.599334716796875,1.0
2-3-1,Run1,189061045220,2.9440460205078125,3.5695953369140625,1.0
2-3-1,Run1,189061061875,3.0777587890625,3.455474853515625,1.0
2-3-1,Run1,189061078530,3.16619873046875,3.4486541748046875,1.0
2-3-1,Run1,189061095185,2.970703125,3.436630249023437,1.0
2-3-1,Run1,189061111839,2.94281005859375,3.4242401123046875,1.0
2-3-1,Run1,189061128494,2.9575958251953125,3.42266845703125,1.0
2-3-1,Run1,189061145149,2.9766387939453125,3.43646240234375,1.0
2-3-1,Run1,189061161803,3.005279541015625,3.433441162109375,1.0
2-3-1,Run1,189061178458,3.0141754150390625,3.441864013671875,1.0
2-3-1,Run1,189061195113,3.171661376953125,3.45001220703125,1.0
2-3-1,Run1,189061211767,3.1456298828125,3.44970703125,1.0
2-3-1,Run1,189061228423,3.0031280517578125,3.449203491210937,1.0
2-3-1,Run1,189061245078,3.018661499023437,3.432861328125,1.0
2-3-1,Run1,189061261732,3.177032470703125,3.52740478515625,1.0
2-3-1,Run1,189061278387,3.14398193359375,3.596160888671875,1.0
2-3-1,Run1,189061295042,3.0017242431640625,3.47625732421875,1.0
2-3-1,Run1,189061311696,2.9886627197265625,3.4646453857421875,1.0
2-3-1,Run1,189061328351,2.9830780029296875,3.5615692138671875,1.0
2-3-1,Run1,189061345006,3.004013061523437,3.628936767578125,1.0
2-3-1,Run1,189061361661,3.0069732666015625,3.4907379150390625,1.0
2-3-1,Run1,189061378315,3.0003204345703125,3.46441650390625,1.0
2-3-1,Run1,189061394970,2.98876953125,3.4672393798828125,1.0
2-3-1,Run1,189061411625,3.029159545898437,3.4789276123046875,1.0
2-3-1,Run1,189061428279,3.0558013916015625,3.492828369140625,1.0
2-3-1,Run1,189061444934,3.0369110107421875,3.5086822509765625,1.0
2-3-1,Run1,189061461589,3.048324584960937,3.516845703125,1.0
2-3-1,Run1,189061478243,3.0491485595703125,3.537567138671875,1.0
2-3-1,Run1,189061494899,3.0500030517578125,3.519149780273437,1.0
2-3-1,Run1,189061511554,2.9384765625,3.328964233398437,1.0
2-3-1,Run1,189061528208,2.9471380060369317,3.050811767578125,1.0
2-3-1,Run1,189061544863,2.9557994495738638,3.08056640625,0.0
2-3-1,Run1,189061561518,2.9644608931107954,3.110321044921875,0.0
2-3-1,Run1,189061578172,2.973122336647727,3.14007568359375,0.0
2-3-1,Run1,189061594827,2.981783780184659,3.169830322265625,0.0
2-3-1,Run1,189061611482,2.990445223721591,3.1995849609375,0.0
2-3-1,Run1,189061628137,2.999106667258523,3.229339599609375,0.0
2-3-1,Run1,189061644791,3.0077681107954546,3.25909423828125,0.0
2-3-1,Run1,189061661446,3.0164295543323862,3.288848876953125,0.0
2-3-1,Run1,189061678101,3.0250909978693183,3.318603515625,0.0
2-3-1,Run1,189061694755,3.03375244140625,3.348358154296875,1.0
2-3-1,Run1,189061711410,3.1290740966796875,3.398666381835937,1.0
2-3-1,Run1,189061728065,3.12939453125,3.4716796875,1.0
2-3-1,Run1,189061744720,3.1637115478515625,3.5570068359375,1.0
2-3-1,Run1,189061761375,3.1583251953125,3.592514038085937,1.0
2-3-1,Run1,189061778030,3.151580810546875,3.594207763671875,1.0
2-3-1,Run1,189061794684,3.325897216796875,3.725265502929688,1.0
2-3-1,Run1,189061811339,3.3345184326171875,3.789871215820313,1.0
2-3-1,Run1,189061827994,3.3345184326171875,3.789871215820313,1.0
2-3-1,Run1,189061844648,3.2137298583984375,3.691131591796875,0.0
2-3-1,Run1,189061861303,3.0929412841796875,3.592391967773437,1.0
2-3-1,Run1,189061877958,3.21026611328125,3.651580810546875,1.0
2-3-1,Run1,189061894613,3.1962127685546875,3.6234283447265625,1.0
2-3-1,Run1,189061911267,3.209564208984375,3.6150054931640634,1.0
2-3-1,Run1,189061927922,3.230255126953125,3.618087768554688,1.0
2-3-1,Run1,189061944577,3.2139434814453125,3.616607666015625,1.0
2-3-1,Run1,189061961231,3.2016143798828125,3.630340576171875,1.0
2-3-1,Run1,189061977886,3.19921875,3.636627197265625,1.0
2-3-1,Run1,189061994541,3.17974853515625,3.634109497070313,1.0
2-3-1,Run1,189062011196,3.1794891357421875,3.621337890625,1.0
2-3-1,Run1,189062027851,3.3534698486328125,3.716720581054688,1.0
2-3-1,Run1,189062044506,3.326629638671875,3.7033538818359375,1.0
2-3-1,Run1,189062061160,3.326629638671875,3.7033538818359375,1.0
2-3-1,Run1,189062077815,3.17510986328125,3.6219406127929688,0.0
2-3-1,Run1,189062094470,3.023590087890625,3.54052734375,1.0
2-3-1,Run1,189062111124,3.1408843994140625,3.5982208251953125,1.0
2-3-1,Run1,189062127779,3.291534423828125,3.69854736328125,1.0
2-3-1,Run1,189062144434,3.2716522216796875,3.734832763671875,1.0
2-3-1,Run1,189062161089,3.0994110107421875,3.613037109375,1.0
2-3-1,Run1,189062177743,3.0960845947265625,3.624710083007813,1.0
2-3-1,Run1,189062194398,3.09197998046875,3.6015777587890625,1.0
2-3-1,Run1,189062211053,3.066314697265625,3.428131103515625,1.0
2-3-1,Run1,189062227707,3.2149200439453125,3.204696655273437,1.0
2-3-1,Run1,189062244362,3.0700160435267856,3.1291778564453123,0.0
2-3-1,Run1,189062261018,2.925112043108259,3.053659057617187,0.0
2-3-1,Run1,189062277672,2.780208042689732,2.978140258789062,0.0
2-3-1,Run1,189062294327,2.6353040422712053,2.9026214599609372,0.0
2-3-1,Run1,189062310982,2.490400041852679,2.8271026611328125,0.0
2-3-1,Run1,189062327636,2.345496041434152,2.7515838623046873,0.0
2-3-1,Run1,189062344291,2.200592041015625,2.676065063476562,1.0
2-3-1,Run1,189062360946,2.200592041015625,2.6005462646484374,1.0
2-3-1,Run1,189062377600,2.776763916015625,2.5250274658203127,1.0
2-3-1,Run1,189062394255,2.8218231201171875,2.4495086669921875,1.0
2-3-1,Run1,189062410910,3.070343017578125,3.010360717773437,1.0
2-3-1,Run1,189062427565,3.095703125,3.1089630126953125,1.0
2-3-1,Run1,189062444219,3.071441650390625,2.935272216796875,1.0
2-3-1,Run1,189062460874,3.08331298828125,3.2714996337890625,1.0
2-3-1,Run1,189062477529,3.0929107666015625,3.4571533203125,1.0
2-3-1,Run1,189062494183,3.0973052978515625,3.5078277587890625,1.0
2-3-1,Run1,189062510839,3.133163452148437,3.5423126220703125,1.0
2-3-1,Run1,189062527494,3.1335601806640625,3.553131103515625,1.0
2-3-1,Run1,189062544148,3.11627197265625,3.560272216796875,1.0
2-3-1,Run1,189062560803,3.1175689697265625,3.5558013916015625,1.0
2-3-1,Run1,189062577458,3.109466552734375,3.5410919189453125,1.0
2-3-1,Run1,189062594112,3.084686279296875,3.567855834960937,1.0
2-3-1,Run1,189062610767,3.0808563232421875,3.584442138671875,1.0
2-3-1,Run1,189062627422,3.073822021484375,3.589599609375,1.0
2-3-1,Run1,189062644076,3.0772857666015625,3.568832397460937,1.0
2-3-1,Run1,189062660731,3.0776519775390625,3.576278686523437,1.0
2-3-1,Run1,189062677386,3.070175170898437,3.615310668945313,1.0
2-3-1,Run1,189062694041,3.0503387451171875,3.598052978515625,1.0
2-3-1,Run1,189062710695,3.044769287109375,3.549591064453125,1.0
2-3-1,Run1,189062727350,3.049774169921875,3.533721923828125,1.0
2-3-1,Run1,189062744005,3.043197631835937,3.531280517578125,1.0
2-3-1,Run1,189062760659,3.012435913085937,3.530059814453125,1.0
2-3-1,Run1,189062777315,2.998077392578125,3.5313262939453125,1.0
2-3-1,Run1,189062793970,3.1663360595703125,3.5003814697265625,1.0
2-3-1,Run1,189062810624,3.185775756835937,3.4718780517578125,1.0
2-3-1,Run1,189062827279,3.185775756835937,3.4496002197265625,1.0
2-3-1,Run1,189062843934,3.006622314453125,3.446685791015625,1.0
2-3-1,Run1,189062860588,2.8274688720703125,3.4714813232421875,1.0
2-3-1,Run1,189062877243,2.97576904296875,3.4689178466796875,1.0
2-3-1,Run1,189062893898,3.18328857421875,3.577377319335937,1.0
2-3-1,Run1,189062910552,3.1681671142578125,3.522079467773437,1.0
2-3-1,Run1,189062927207,2.9668426513671875,3.4177398681640625,1.0
2-3-1,Run1,189062943862,2.940521240234375,3.4380035400390625,1.0
2-3-1,Run1,189062960517,2.9092254638671875,3.418853759765625,1.0
2-3-1,Run1,189062977171,2.907989501953125,3.3917388916015625,1.0
2-3-1,Run1,189062993826,2.919952392578125,3.405609130859375,1.0
2-3-1,Run1,189063010481,2.9016571044921875,3.4077911376953125,1.0
2-3-1,Run1,189063027136,3.0618133544921875,3.4067535400390625,1.0
2-3-1,Run1,189063043791,3.074981689453125,3.403793334960937,1.0
2-3-1,Run1,189063060446,2.903671264648437,3.3937225341796875,1.0
2-3-1,Run1,189063077100,2.911727905273437,3.389251708984375,1.0
2-3-1,Run1,189063093755,2.900115966796875,3.371810913085937,1.0
2-3-1,Run1,189063110410,2.87579345703125,3.374252319335937,1.0
2-3-1,Run1,189063127064,2.852401733398437,3.3958892822265625,1.0
2-3-1,Run1,189063143719,2.888290405273437,3.408432006835937,1.0
2-3-1,Run1,189063160374,3.1147003173828125,3.5304107666015625,1.0
2-3-1,Run1,189063177028,3.0812530517578125,3.520904541015625,1.0
2-3-1,Run1,189063193683,2.890609741210937,3.380157470703125,1.0
2-3-1,Run1,189063210338,2.88433837890625,3.3809967041015625,1.0
2-3-1,Run1,189063226993,3.067291259765625,3.387176513671875,1.0
2-3-1,Run1,189063243647,3.0948944091796875,3.37249755859375,1.0
2-3-1,Run1,189063260302,2.8932647705078125,3.367889404296875,1.0
2-3-1,Run1,189063276957,2.916732788085937,3.37176513671875,1.0
2-3-1,Run1,189063293612,2.931259155273437,3.38592529296875,1.0
2-3-1,Run1,189063310267,2.9193267822265625,3.396026611328125,1.0
2-3-1,Run1,189063326922,2.928863525390625,3.383392333984375,1.0
2-3-1,Run1,189063343576,2.920623779296875,3.3849334716796875,1.0
2-3-1,Run1,189063360231,2.9352264404296875,3.391937255859375,1.0
2-3-1,Run1,189063376886,2.9319610595703125,3.398788452148437,1.0
2-3-1,Run1,189063393540,2.90447998046875,3.098724365234375,1.0
2-3-1,Run1,189063410195,2.7666015625,2.787628173828125,1.0
2-3-1,Run1,189063426850,2.6913579305013022,2.8384829434481533,0.0
2-3-1,Run1,189063443504,2.616114298502604,2.8893377130681817,0.0
2-3-1,Run1,189063460159,2.5408706665039062,2.94019248268821,0.0
2-3-1,Run1,189063476814,2.4656270345052085,2.9910472523082383,0.0
2-3-1,Run1,189063493469,2.3903834025065103,3.0419020219282666,0.0
2-3-1,Run1,189063510123,2.3151397705078125,3.092756791548295,1.0
2-3-1,Run1,189063526778,2.3151397705078125,3.1436115611683237,1.0
2-3-1,Run1,189063543434,3.090087890625,3.194466330788352,1.0
2-3-1,Run1,189063560088,3.090087890625,3.2453211004083804,1.0
2-3-1,Run1,189063576743,3.0074615478515625,3.2961758700284087,0.0
2-3-1,Run1,189063593398,2.924835205078125,3.347030639648437,1.0
2-3-1,Run1,189063610052,3.03826904296875,3.433578491210937,1.0
2-3-1,Run1,189063626707,3.01934814453125,3.469635009765625,1.0
2-3-1,Run1,189063643362,3.02593994140625,3.4924468994140625,1.0
2-3-1,Run1,189063660016,3.2138824462890625,3.65093994140625,1.0
2-3-1,Run1,189063676671,3.167327880859375,3.720748901367188,1.0
2-3-1,Run1,189063693326,2.5699920654296875,3.720748901367188,1.0
2-3-1,Run1,189063709980,1.9288787841796875,3.7156504313151046,1.0
2-3-1,Run1,189063726635,2.0042748084435096,3.7105519612630213,0.0
2-3-1,Run1,189063743290,2.0796708327073317,3.705453491210938,0.0
2-3-1,Run1,189063759945,2.1550668569711537,3.7003550211588543,0.0
2-3-1,Run1,189063776599,2.230462881234976,3.695256551106771,0.0
2-3-1,Run1,189063793255,2.305858905498798,3.6901580810546877,0.0
2-3-1,Run1,189063809910,2.38125492976262,3.6850596110026044,0.0
2-3-1,Run1,189063826564,2.4566509540264425,3.679961140950521,0.0
2-3-1,Run1,189063843219,2.532046978290264,3.6748626708984378,0.0
2-3-1,Run1,189063859874,2.6074430025540867,3.6697642008463545,0.0
2-3-1,Run1,189063890351,2.6828390268179083,3.664665730794271,0.0
2-3-1,Run1,189063907005,2.758235051081731,3.6595672607421874,0.0
2-3-1,Run1,189063941043,2.833631075345553,3.654468790690104,0.0
2-3-1,Run1,189063957698,2.909027099609375,3.649370320638021,1.0
2-3-1,Run1,189063974352,3.009384155273437,3.6442718505859375,1.0
2-3-1,Run1,189063991007,2.987167358398437,3.455078125,1.0
2-3-1,Run1,189064007662,2.9873809814453125,3.44744873046875,1.0
2-3-1,Run1,189064024316,2.9839630126953125,3.472030639648437,1.0
2-3-1,Run1,189064040971,2.97918701171875,3.4713134765625,1.0
2-3-1,Run1,189064057627,2.9773406982421875,3.493392944335937,1.0
2-3-1,Run1,189064074281,2.9978179931640625,3.4966583251953125,1.0
2-3-1,Run1,189064090936,2.994247436523437,3.4813232421875,1.0
2-3-1,Run1,189064107591,2.979736328125,3.416000366210937,1.0
2-3-1,Run1,189064124246,2.971893310546875,3.4138336181640625,1.0
2-3-1,Run1,189064140900,2.9812774658203125,3.48944091796875,1.0
2-3-1,Run1,189064157555,3.0033111572265625,3.5161285400390625,1.0
2-3-1,Run1,189064174210,3.029022216796875,3.4978485107421875,1.0
2-3-1,Run1,189064190864,3.2099609375,3.6065673828125,1.0
2-3-1,Run1,189064207519,3.133819580078125,3.600006103515625,1.0
2-3-1,Run1,189064224174,2.964141845703125,3.465850830078125,1.0
2-3-1,Run1,189064240828,2.949127197265625,3.4582672119140625,1.0
2-3-1,Run1,189064257483,2.93994140625,3.44671630859375,1.0
2-3-1,Run1,189064274138,2.9167633056640625,3.424911499023437,1.0
2-3-1,Run1,189064290792,3.0466766357421875,3.4263153076171875,1.0
2-3-1,Run1,189064307448,3.0743408203125,3.436737060546875,1.0
2-3-1,Run1,189064324103,2.8975830078125,3.428695678710937,1.0
2-3-1,Run1,189064340757,2.9110107421875,3.4187469482421875,1.0
2-3-1,Run1,189064357412,2.8966217041015625,3.3999481201171875,1.0
2-3-1,Run1,189064374067,2.906646728515625,3.401611328125,1.0
2-3-1,Run1,189064390722,3.1306304931640625,3.3926544189453125,1.0
2-3-1,Run1,189064407376,3.1014556884765625,3.384857177734375,1.0
2-3-1,Run1,189064424031,2.8843231201171875,3.37091064453125,1.0
2-3-1,Run1,189064440686,2.8646392822265625,3.361846923828125,1.0
2-3-1,Run1,189064457340,3.0468292236328125,3.3512725830078125,1.0
2-3-1,Run1,189064473995,3.0091705322265625,3.34490966796875,1.0
2-3-1,Run1,189064490650,2.8327178955078125,3.3220977783203125,1.0
2-3-1,Run1,189064507304,2.8425445556640625,3.3242645263671875,1.0
2-3-1,Run1,189064523959,2.858612060546875,3.33258056640625,1.0
2-3-1,Run1,189064540614,2.8454742431640625,3.342529296875,1.0
2-3-1,Run1,189064557268,3.002288818359375,3.3311004638671875,1.0
2-3-1,Run1,189064573924,3.028350830078125,3.3049774169921875,1.0
2-3-1,Run1,189064590579,2.8127593994140625,3.30535888671875,1.0
2-3-1,Run1,189064607233,2.7751617431640625,3.314697265625,1.0
2-3-1,Run1,189064623888,2.80029296875,3.4305572509765625,1.0
2-3-1,Run1,189064640543,2.8206939697265625,3.38427734375,1.0
2-3-1,Run1,189064657198,2.8090362548828125,3.2994537353515625,1.0
2-3-1,Run1,189064673852,2.8335723876953125,3.303451538085937,1.0
2-3-1,Run1,189064690507,2.8550262451171875,3.2874755859375,1.0
2-3-1,Run1,189064707162,2.8516998291015625,3.280548095703125,1.0
2-3-1,Run1,189064723816,2.8329620361328125,3.2941131591796875,1.0
2-3-1,Run1,189064740471,2.8142852783203125,3.323333740234375,1.0
2-3-1,Run1,189064757126,2.809356689453125,3.4574432373046875,1.0
2-3-1,Run1,189064773780,2.811614990234375,3.407928466796875,1.0
2-3-1,Run1,189064790435,2.800643920898437,3.309173583984375,1.0
2-3-1,Run1,189064807090,2.7900543212890625,3.3154449462890625,1.0
2-3-1,Run1,189064823745,2.973388671875,3.3054962158203125,1.0
2-3-1,Run1,189064840400,3.06317138671875,3.3147735595703125,1.0
2-3-1,Run1,189064857055,2.8725128173828125,3.341217041015625,1.0
2-3-1,Run1,189064873709,2.8741455078125,3.3365478515625,1.0
2-3-1,Run1,189064890364,2.872344970703125,3.3479766845703125,1.0
2-3-1,Run1,189064907019,2.8756103515625,3.355224609375,1.0
2-3-1,Run1,189064923674,2.894149780273437,3.3445587158203125,1.0
2-3-1,Run1,189064940328,2.880599975585937,3.3843994140625,1.0
2-3-1,Run1,189064956983,2.9062652587890625,3.398056030273437,1.0
2-3-1,Run1,189064973638,2.9200897216796875,3.37249755859375,1.0
2-3-1,Run1,189064990292,2.914581298828125,3.381927490234375,1.0
2-3-1,Run1,189065006947,2.956787109375,3.3925933837890625,1.0
2-3-1,Run1,189065023602,2.98138427734375,3.412261962890625,1.0
2-3-1,Run1,189065040256,2.970489501953125,3.418685913085937,1.0
2-3-1,Run1,189065056911,2.96783447265625,3.428314208984375,1.0
2-3-1,Run1,189065073567,2.96685791015625,3.4332275390625,1.0
2-3-1,Run1,189065090221,2.9593658447265625,3.4384002685546875,1.0
2-3-1,Run1,189065106876,2.9720001220703125,3.440216064453125,1.0
2-3-1,Run1,189065123531,3.0233154296875,3.3944091796875,1.0
2-3-1,Run1,189065140185,3.003280639648437,3.2923583984375,1.0
2-3-1,Run1,189065156840,3.149658203125,3.287436745383523,1.0
2-3-1,Run1,189065173495,3.1665562220982144,3.2825150923295454,0.0
2-3-1,Run1,189065190150,3.1834542410714284,3.2775934392755683,0.0
2-3-1,Run1,189065206804,3.200352260044643,3.272671786221591,0.0
2-3-1,Run1,189065223459,3.217250279017857,3.2677501331676138,0.0
2-3-1,Run1,189065240114,3.2341482979910716,3.2628284801136362,0.0
2-3-1,Run1,189065256768,3.2510463169642856,3.257906827059659,0.0
2-3-1,Run1,189065273423,3.2679443359375,3.2529851740056817,1.0
2-3-1,Run1,189065290078,3.055282592773437,3.2480635209517046,1.0
2-3-1,Run1,189065306732,3.0543670654296875,3.243141867897727,1.0
2-3-1,Run1,189065323387,3.093963623046875,3.23822021484375,1.0
2-3-1,Run1,189065340043,3.0811767578125,3.23822021484375,1.0
2-3-1,Run1,189065356697,3.091552734375,3.412841796875,1.0
2-3-1,Run1,189065373352,3.1197662353515625,3.3984527587890625,1.0
2-3-1,Run1,189065390007,3.1056365966796875,3.45306396484375,1.0
2-3-1,Run1,189065406661,3.133880615234375,3.563217163085937,1.0
2-3-1,Run1,189065423316,3.337310791015625,3.578353881835937,1.0
2-3-1,Run1,189065439971,3.347747802734375,3.604705810546875,1.0
2-3-1,Run1,189065456626,3.164215087890625,3.6233062744140634,1.0
2-3-1,Run1,189065473280,3.1489715576171875,3.640167236328125,1.0
2-3-1,Run1,189065489935,3.311859130859375,3.64923095703125,1.0
2-3-1,Run1,189065506590,3.3706207275390625,3.636199951171875,1.0
2-3-1,Run1,189065523244,3.3706207275390625,3.6639404296875,1.0
2-3-1,Run1,189065539899,3.2252426147460938,3.664016723632813,1.0
2-3-1,Run1,189065556554,3.079864501953125,3.670455932617188,1.0
2-3-1,Run1,189065573208,3.1864776611328125,3.6681060791015625,1.0
2-3-1,Run1,189065589864,3.1972198486328125,3.6690521240234375,1.0
2-3-1,Run1,189065606519,3.197128295898437,3.6563568115234375,1.0
2-3-1,Run1,189065623173,3.2087554931640625,3.66064453125,1.0
2-3-1,Run1,189065639828,3.241851806640625,3.684722900390625,1.0
2-3-1,Run1,189065656483,3.2476043701171875,3.705169677734375,1.0
2-3-1,Run1,189065673137,3.22467041015625,3.713943481445313,1.0
2-3-1,Run1,189065689792,3.199432373046875,3.70025634765625,1.0
2-3-1,Run1,189065706447,3.201141357421875,3.704910278320313,1.0
2-3-1,Run1,189065723102,3.202621459960937,3.728759765625,1.0
2-3-1,Run1,189065739756,3.2338409423828125,3.715057373046875,1.0
2-3-1,Run1,189065756411,3.421875,3.825927734375,1.0
2-3-1,Run1,189065773066,3.362213134765625,3.831100463867188,1.0
2-3-1,Run1,189065789720,3.218734741210937,3.725906372070313,1.0
2-3-1,Run1,189065806375,3.2296600341796875,3.71484375,1.0
2-3-1,Run1,189065823030,3.3797760009765625,3.801223754882813,1.0
2-3-1,Run1,189065839684,3.382476806640625,3.867141723632813,1.0
2-3-1,Run1,189065856340,3.240386962890625,3.742721557617188,1.0
2-3-1,Run1,189065872995,3.254608154296875,3.727813720703125,1.0
2-3-1,Run1,189065889649,3.411041259765625,3.7406158447265625,1.0
2-3-1,Run1,189065906304,3.399078369140625,3.74664306640625,1.0
2-3-1,Run1,189065922959,3.27008056640625,3.7553863525390634,1.0
2-3-1,Run1,189065939613,3.316680908203125,3.7622222900390634,1.0
2-3-1,Run1,189065956268,3.5239410400390625,3.861236572265625,1.0
2-3-1,Run1,189065972923,3.43804931640625,3.873458862304688,1.0
2-3-1,Run1,189065989578,3.43804931640625,3.7613525390625,1.0
2-3-1,Run1,189066006232,3.2880935668945312,3.758544921875,1.0
2-3-1,Run1,189066022887,3.1381378173828125,3.76885986328125,1.0
2-3-1,Run1,189066039542,3.244247436523437,3.7987060546875,1.0
2-3-1,Run1,189066056196,3.383941650390625,3.7729339599609375,1.0
2-3-1,Run1,189066072851,3.3856658935546875,3.739410400390625,1.0
2-3-1,Run1,189066089506,3.241317749023437,3.686111450195313,1.0
2-3-1,Run1,189066106161,3.2413330078125,3.586029052734375,1.0
2-3-1,Run1,189066122816,3.409530639648437,3.5975799560546875,1.0
2-3-1,Run1,189066139471,3.274313790457589,3.540582275390625,0.0
2-3-1,Run1,189066156125,3.139096941266741,3.4835845947265627,0.0
2-3-1,Run1,189066172780,3.003880092075893,3.4265869140625,0.0
2-3-1,Run1,189066189435,2.8686632428850443,3.3695892333984374,0.0
2-3-1,Run1,189066206089,2.733446393694196,3.312591552734375,0.0
2-3-1,Run1,189066222744,2.598229544503348,3.2555938720703126,0.0
2-3-1,Run1,189066239399,2.4630126953125,3.19859619140625,1.0
2-3-1,Run1,189066256054,2.4630126953125,3.1415985107421873,1.0
2-3-1,Run1,189066272708,3.52838134765625,3.084600830078125,1.0
2-3-1,Run1,189066289363,3.2665252685546875,3.0276031494140625,1.0
2-3-1,Run1,189066306018,3.1707916259765625,3.38385009765625,1.0
2-3-1,Run1,189066322672,3.184432983398437,3.579696655273437,1.0
2-3-1,Run1,189066339327,3.1865692138671875,3.612716674804688,1.0
2-3-1,Run1,189066355983,3.173324584960937,3.64874267578125,1.0
2-3-1,Run1,189066372637,3.1840362548828125,3.631622314453125,1.0
2-3-1,Run1,189066389292,3.18060302734375,3.65667724609375,1.0
2-3-1,Run1,189066405947,3.1636199951171875,3.667938232421875,1.0
2-3-1,Run1,189066422601,3.1783905029296875,3.67657470703125,1.0
2-3-1,Run1,189066439256,3.2046051025390625,3.66693115234375,1.0
2-3-1,Run1,189066455911,3.2146148681640625,3.6982269287109375,1.0
2-3-1,Run1,189066472565,3.214447021484375,3.73284912109375,1.0
2-3-1,Run1,189066489220,3.2196502685546875,3.74005126953125,1.0
2-3-1,Run1,189066505875,3.250091552734375,3.709930419921875,1.0
2-3-1,Run1,189066522530,3.2655181884765625,3.7055511474609375,1.0
2-3-1,Run1,189066539184,3.2378082275390625,3.72210693359375,1.0
2-3-1,Run1,189066555839,3.36920166015625,3.7257232666015625,1.0
2-3-1,Run1,189066572494,3.39129638671875,3.7290191650390634,1.0
2-3-1,Run1,189066589149,3.221405029296875,3.726150512695313,1.0
2-3-1,Run1,189066605804,3.203948974609375,3.692916870117188,1.0
2-3-1,Run1,189066622460,3.35040283203125,3.6916351318359375,1.0
2-3-1,Run1,189066639114,3.3709869384765625,3.687225341796875,1.0
2-3-1,Run1,189066655769,3.3709869384765625,3.800979614257813,1.0
2-3-1,Run1,189066672424,3.212066650390625,3.796600341796875,1.0
2-3-1,Run1,189066689078,3.0531463623046875,3.68792724609375,1.0
2-3-1,Run1,189066705733,3.175765991210937,3.667877197265625,1.0
2-3-1,Run1,189066722388,3.1599273681640625,3.73309326171875,1.0
2-3-1,Run1,189066739042,3.1576385498046875,3.756439208984375,1.0
2-3-1,Run1,189066755697,3.1527099609375,3.6506195068359375,1.0
2-3-1,Run1,189066772352,3.13177490234375,3.663131713867188,1.0
2-3-1,Run1,189066789007,3.132919311523437,3.623733520507813,1.0
2-3-1,Run1,189066805661,3.08160400390625,3.607254028320313,1.0
2-3-1,Run1,189066822316,3.176116943359375,3.75799560546875,1.0
2-3-1,Run1,189066838972,3.1035325792100696,3.721612294514974,0.0
2-3-1,Run1,189066855626,3.030948215060764,3.6852289835611978,0.0
2-3-1,Run1,189066872282,2.9583638509114585,3.648845672607422,0.0
2-3-1,Run1,189066888937,2.8857794867621527,3.6124623616536455,0.0
2-3-1,Run1,189066905591,2.8131951226128473,3.5760790506998696,0.0
2-3-1,Run1,189066922246,2.7406107584635415,3.5396957397460938,0.0
2-3-1,Run1,189066938901,2.668026394314236,3.5033124287923174,0.0
2-3-1,Run1,189066955555,2.5954420301649304,3.4669291178385415,0.0
2-3-1,Run1,189066972210,2.522857666015625,3.430545806884765,1.0
2-3-1,Run1,189066988865,2.522857666015625,3.3941624959309893,1.0
2-3-1,Run1,189067005519,2.7224273681640625,3.357779184977213,0.0
2-3-1,Run1,189067022174,2.9219970703125,3.321395874023437,1.0
2-3-1,Run1,189067038829,3.0171051025390625,3.51513671875,1.0
2-3-1,Run1,189067055484,3.0454864501953125,3.5624542236328125,1.0
2-3-1,Run1,189067072139,3.0677490234375,3.5499267578125,1.0
2-3-1,Run1,189067088794,3.04998779296875,3.5802001953125,1.0
2-3-1,Run1,189067105449,3.0669403076171875,3.608444213867188,1.0
2-3-1,Run1,189067122103,3.24700927734375,3.593414306640625,1.0
2-3-1,Run1,189067138759,3.2390289306640625,3.5848846435546875,1.0
2-3-1,Run1,189067155414,3.08111572265625,3.5940093994140625,1.0
2-3-1,Run1,189067172068,3.068206787109375,3.571044921875,1.0
2-3-1,Run1,189067188723,3.06829833984375,3.583221435546875,1.0
2-3-1,Run1,189067205378,3.0829315185546875,3.595489501953125,1.0
2-3-1,Run1,189067222032,3.0820465087890625,3.5882720947265625,1.0
2-3-1,Run1,189067238687,3.102401733398437,3.5800323486328125,1.0
2-3-1,Run1,189067255342,3.097885131835937,3.7267913818359375,1.0
2-3-1,Run1,189067271996,3.084823608398437,3.640945434570313,1.0
2-3-1,Run1,189067288651,3.251068115234375,3.640945434570313,1.0
2-3-1,Run1,189067305306,3.2422332763671875,3.5724105834960938,1.0
2-3-1,Run1,189067321962,3.07806396484375,3.503875732421875,1.0
2-3-1,Run1,189067338616,3.064178466796875,3.5841522216796875,1.0
2-3-1,Run1,189067355271,3.0599822998046875,3.570343017578125,1.0
2-3-1,Run1,189067371926,3.052032470703125,3.559555053710937,1.0
2-3-1,Run1,189067388581,3.0332489013671875,3.52587890625,1.0
2-3-1,Run1,189067405236,3.017333984375,3.489288330078125,1.0
2-3-1,Run1,189067421891,3.185760498046875,3.596771240234375,1.0
2-3-1,Run1,189067438545,3.15460205078125,3.504972978071733,0.0
2-3-1,Run1,189067455200,3.123443603515625,3.413174715909091,0.0
2-3-1,Run1,189067471855,3.09228515625,3.3213764537464487,0.0
2-3-1,Run1,189067488509,3.061126708984375,3.2295781915838067,0.0
2-3-1,Run1,189067505164,3.02996826171875,3.137779929421165,0.0
2-3-1,Run1,189067521819,2.998809814453125,3.0459816672585225,0.0
2-3-1,Run1,189067538473,2.9676513671875,2.954183405095881,0.0
2-3-1,Run1,189067555128,2.936492919921875,2.8623851429332388,0.0
2-3-1,Run1,189067571784,2.90533447265625,2.7705868807705967,0.0
2-3-1,Run1,189067588439,2.874176025390625,2.6787886186079546,0.0
2-3-1,Run1,189067605093,2.843017578125,2.5869903564453125,1.0
2-3-1,Run1,189067621748,2.811859130859375,3.0233306884765625,1.0
2-3-1,Run1,189067638404,2.9128570556640625,3.355377197265625,1.0
2-3-1,Run1,189067655058,2.9494781494140625,3.383544921875,1.0
2-3-1,Run1,189067671713,2.9781494140625,3.412841796875,1.0
2-3-1,Run1,189067688368,2.96002197265625,3.451889038085937,1.0
2-3-1,Run1,189067705022,2.969390869140625,3.464599609375,1.0
2-3-1,Run1,189067721677,2.965362548828125,3.4523162841796875,1.0
2-3-1,Run1,189067738332,2.964263916015625,3.4059600830078125,1.0
2-3-1,Run1,189067754986,2.967147827148437,3.440902709960937,1.0
2-3-1,Run1,189067771641,2.96563720703125,3.4824981689453125,1.0
2-3-1,Run1,189067788296,2.9640350341796875,3.4806365966796875,1.0
2-3-1,Run1,189067804950,2.9705963134765625,3.4501953125,1.0
2-3-1,Run1,189067821606,2.9460601806640625,3.44873046875,1.0
2-3-1,Run1,189067838261,2.959259033203125,3.3972625732421875,1.0
2-3-1,Run1,189067854916,2.976058959960937,3.4071197509765625,1.0
2-3-1,Run1,189067871570,2.973861694335937,3.47625732421875,1.0
2-3-1,Run1,189067888225,2.976959228515625,3.4835968017578125,1.0
2-3-1,Run1,189067904881,2.980926513671875,3.488616943359375,1.0
2-3-1,Run1,189067921535,2.9839324951171875,3.46331787109375,1.0
2-3-1,Run1,189067938190,2.982406616210937,3.459823608398437,1.0
2-3-1,Run1,189067954845,2.9624176025390625,3.491424560546875,1.0
2-3-1,Run1,189067971499,2.9587860107421875,3.4869537353515625,1.0
2-3-1,Run1,189067988154,2.9557647705078125,3.462753295898437,1.0
2-3-1,Run1,189068004809,2.9637451171875,3.465240478515625,1.0
2-3-1,Run1,189068021463,2.9798126220703125,3.4763336181640625,1.0
2-3-1,Run1,189068038118,2.9572906494140625,3.454345703125,1.0
2-3-1,Run1,189068054773,3.0995635986328125,3.44879150390625,1.0
2-3-1,Run1,189068071428,3.155029296875,3.4589996337890625,1.0
2-3-1,Run1,189068088083,2.9437713623046875,3.4627227783203125,1.0
2-3-1,Run1,189068104738,2.92706298828125,3.4513702392578125,1.0
2-3-1,Run1,189068121393,2.958099365234375,3.412689208984375,1.0
2-3-1,Run1,189068138047,2.9517059326171875,3.41363525390625,1.0
2-3-1,Run1,189068154702,2.9212646484375,3.412216186523437,1.0
2-3-1,Run1,189068171358,2.918441772460937,3.425201416015625,1.0
2-3-1,Run1,189068188012,2.9204559326171875,3.41802978515625,1.0
2-3-1,Run1,189068204667,2.9404449462890625,3.3789520263671875,1.0
2-3-1,Run1,189068221322,2.943222045898437,3.3706817626953125,1.0
2-3-1,Run1,189068237976,2.924560546875,3.40460205078125,1.0
2-3-1,Run1,189068254631,2.9167938232421875,3.3603057861328125,1.0
2-3-1,Run1,189068271286,2.8665924072265625,3.3603668212890625,1.0
2-3-1,Run1,189068287940,2.998764038085937,3.5491943359375,1.0
2-3-1,Run1,189068304595,2.040069580078125,3.5171941121419272,1.0
2-3-1,Run1,189068321251,2.040069580078125,3.485193888346354,1.0
2-3-1,Run1,189068337905,2.1339569091796875,3.4531936645507812,0.0
2-3-1,Run1,189068354560,2.22784423828125,3.4211934407552085,0.0
2-3-1,Run1,189068371215,2.3217315673828125,3.3891932169596353,0.0
2-3-1,Run1,189068387870,2.415618896484375,3.3571929931640625,0.0
2-3-1,Run1,189068404524,2.5095062255859375,3.3251927693684897,0.0
2-3-1,Run1,189068421180,2.6033935546875,3.2931925455729165,0.0
2-3-1,Run1,189068437835,2.6972808837890625,3.2611923217773438,0.0
2-3-1,Run1,189068454489,2.791168212890625,3.229192097981771,1.0
2-3-1,Run1,189068471144,3.10626220703125,3.1971918741861978,1.0
2-3-1,Run1,189068487799,3.1397705078125,3.165191650390625,1.0
2-3-1,Run1,189068504453,2.980712890625,3.360748291015625,1.0
2-3-1,Run1,189068521108,2.9818115234375,3.450469970703125,1.0
2-3-1,Run1,189068537763,3.001815795898437,3.429962158203125,1.0
2-3-1,Run1,189068554417,3.006011962890625,3.4408721923828125,1.0
2-3-1,Run1,189068571073,3.028228759765625,3.471527099609375,1.0
2-3-1,Run1,189068587728,3.1883544921875,3.49041748046875,1.0
2-3-1,Run1,189068604382,3.2098388671875,3.478179931640625,1.0
2-3-1,Run1,189068621037,3.2098388671875,3.53179931640625,1.0
2-3-1,Run1,189068637692,3.0594406127929688,3.534454345703125,1.0
2-3-1,Run1,189068654347,2.909042358398437,3.51177978515625,1.0
2-3-1,Run1,189068671001,3.051483154296875,3.5169830322265625,1.0
2-3-1,Run1,189068687657,3.0486602783203125,3.5373992919921875,1.0
2-3-1,Run1,189068704312,3.050811767578125,3.52392578125,1.0
2-3-1,Run1,189068720966,3.23388671875,3.624679565429688,1.0
2-3-1,Run1,189068737621,3.2249298095703125,3.614349365234375,1.0
2-3-1,Run1,189068754276,3.058578491210937,3.515731811523437,1.0
2-3-1,Run1,189068770930,3.05047607421875,3.5261993408203125,1.0
2-3-1,Run1,189068787585,3.05303955078125,3.5094451904296875,1.0
2-3-1,Run1,189068804240,3.055816650390625,3.505035400390625,1.0
2-3-1,Run1,189068820895,3.0496368408203125,3.515533447265625,1.0
2-3-1,Run1,189068837550,3.044052124023437,3.5008087158203125,1.0
2-3-1,Run1,189068854205,3.009307861328125,3.5872955322265625,1.0
2-3-1,Run1,189068870859,3.023529052734375,3.62158203125,1.0
2-3-1,Run1,189068887514,3.0319366455078125,3.48419189453125,1.0
2-3-1,Run1,189068904169,2.9998321533203125,3.4811248779296875,1.0
2-3-1,Run1,189068920824,2.985992431640625,3.477767944335937,1.0
2-3-1,Run1,189068937478,3.01568603515625,3.436676025390625,1.0
2-3-1,Run1,189068954134,3.008575439453125,3.43646240234375,1.0
2-3-1,Run1,189068970789,2.975982666015625,3.4593658447265625,1.0
2-3-1,Run1,189068987443,2.964996337890625,3.4302520751953125,1.0
2-3-1,Run1,189069004098,2.978179931640625,3.454254150390625,1.0
2-3-1,Run1,189069020753,2.957626342773437,3.459014892578125,1.0
2-3-1,Run1,189069037407,2.937362670898437,3.416717529296875,1.0
2-3-1,Run1,189069054062,2.942962646484375,3.406951904296875,1.0
2-3-1,Run1,189069070718,2.9232940673828125,3.412261962890625,1.0
2-3-1,Run1,189069087372,2.9181671142578125,3.4236602783203125,1.0
2-3-1,Run1,189069104027,2.96923828125,3.428253173828125,1.0
2-3-1,Run1,189069120682,2.9608306884765625,3.40380859375,1.0
2-3-1,Run1,189069137336,2.919921875,3.3921661376953125,1.0
2-3-1,Run1,189069153991,2.919784545898437,3.3954010009765625,1.0
2-3-1,Run1,189069170646,2.935775756835937,3.408843994140625,1.0
2-3-1,Run1,189069187301,2.931503295898437,3.40411376953125,1.0
2-3-1,Run1,189069203955,2.912139892578125,3.412322998046875,1.0
2-3-1,Run1,189069220611,2.90838623046875,3.426177978515625,1.0
2-3-1,Run1,189069237266,2.8993377685546875,3.426910400390625,1.0
2-3-1,Run1,189069253920,2.9105224609375,3.4099273681640625,1.0
2-3-1,Run1,189069270575,2.90423583984375,3.4156951904296875,1.0
2-3-1,Run1,189069287230,3.0564422607421875,3.4411773681640625,1.0
2-3-1,Run1,189069303884,3.1095733642578125,3.39447021484375,1.0
2-3-1,Run1,189069320540,3.1095733642578125,3.4466552734375,1.0
2-3-1,Run1,189069337195,2.9610595703125,3.529769897460937,1.0
2-3-1,Run1,189069353849,2.8125457763671875,3.4208984375,1.0
2-3-1,Run1,189069370504,2.948593139648437,3.396148681640625,1.0
2-3-1,Run1,189069387159,2.9541778564453125,3.398345947265625,1.0
2-3-1,Run1,189069403813,2.9470977783203125,3.451522827148437,1.0
2-3-1,Run1,189069420468,2.92840576171875,3.421417236328125,1.0
2-3-1,Run1,189069437123,2.919158935546875,3.39300537109375,1.0
2-3-1,Run1,189069453778,3.0977935791015625,3.516693115234375,1.0
2-3-1,Run1,189069470432,3.1287384033203125,3.609344482421875,1.0
2-3-1,Run1,189069487088,2.9666748046875,3.438446044921875,1.0
2-3-1,Run1,189069503743,2.982818603515625,3.412933349609375,1.0
2-3-1,Run1,189069520397,3.164413452148437,3.539764404296875,1.0
2-3-1,Run1,189069537052,3.13818359375,3.532379150390625,1.0
2-3-1,Run1,189069553707,2.9849090576171875,3.426910400390625,1.0
2-3-1,Run1,189069570362,2.9921417236328125,3.427490234375,1.0
2-3-1,Run1,189069587017,2.984619140625,3.431427001953125,1.0
2-3-1,Run1,189069603672,2.9855194091796875,3.4337158203125,1.0
2-3-1,Run1,189069620326,2.9727783203125,3.439697265625,1.0
2-3-1,Run1,189069636981,2.968246459960937,3.451766967773437,1.0
2-3-1,Run1,189069653636,3.0045166015625,3.446151733398437,1.0
2-3-1,Run1,189069670290,3.021713256835937,3.447265625,1.0
2-3-1,Run1,189069686945,3.00616455078125,3.481185913085937,1.0
2-3-1,Run1,189069703600,2.9967041015625,3.494476318359375,1.0
2-3-1,Run1,189069720255,2.980194091796875,3.4804229736328125,1.0
2-3-1,Run1,189069736910,2.995712280273437,3.48126220703125,1.0
2-3-1,Run1,189069753565,3.014144897460937,3.5089263916015625,1.0
2-3-1,Run1,189069770220,3.0244140625,3.492950439453125,1.0
2-3-1,Run1,189069786874,3.031829833984375,3.4681549072265625,1.0
2-3-1,Run1,189069803529,3.0121002197265625,3.46771240234375,1.0
2-3-1,Run1,189069820185,3.179229736328125,3.4829559326171875,1.0
2-3-1,Run1,189069836839,3.1370391845703125,3.4955291748046875,1.0
2-3-1,Run1,189069853494,3.005340576171875,3.5196685791015625,1.0
2-3-1,Run1,189069870149,3.01861572265625,3.52398681640625,1.0
2-3-1,Run1,189069886803,3.0204315185546875,3.500717163085937,1.0
2-3-1,Run1,189069903458,3.029022216796875,3.5391082763671875,1.0
2-3-1,Run1,189069920113,2.68408203125,3.4007720947265625,1.0
2-3-1,Run1,189069936767,2.182846069335937,3.16156005859375,1.0
2-3-1,Run1,189069953422,2.1570400661892357,3.1135683926669033,0.0
2-3-1,Run1,189069970077,2.1312340630425344,3.0655767267400567,0.0
2-3-1,Run1,189069986732,2.105428059895833,3.01758506081321,0.0
2-3-1,Run1,189070003387,2.0796220567491317,2.9695933948863633,0.0
2-3-1,Run1,189070020042,2.0538160536024304,2.9216017289595166,0.0
2-3-1,Run1,189070036697,2.028010050455729,2.87361006303267,0.0
2-3-1,Run1,189070053351,2.0022040473090277,2.8256183971058237,0.0
2-3-1,Run1,189070070007,1.9763980441623263,2.777626731178977,0.0
2-3-1,Run1,189070086662,1.950592041015625,2.7296350652521304,1.0
2-3-1,Run1,189070103316,2.665634155273437,2.6816433993252837,1.0
2-3-1,Run1,189070119971,3.0814971923828125,2.633651733398437,1.0
2-3-1,Run1,189070136626,3.04400634765625,3.0636138916015625,1.0
2-3-1,Run1,189070153280,3.103851318359375,3.47552490234375,1.0
2-3-1,Run1,189070169935,3.1327667236328125,3.5000457763671875,1.0
2-3-1,Run1,189070186590,3.1343231201171875,3.542449951171875,1.0
2-3-1,Run1,189070203244,3.152328491210937,3.515365600585937,1.0
2-3-1,Run1,189070219899,3.302001953125,3.674118041992188,1.0
2-3-1,Run1,189070236554,3.3247222900390625,3.677810668945313,1.0
2-3-1,Run1,189070253210,3.169586181640625,3.5706939697265625,1.0
2-3-1,Run1,189070269864,3.1605682373046875,3.624313354492188,1.0
2-3-1,Run1,189070286519,3.19183349609375,3.673583984375,1.0
2-3-1,Run1,189070303174,3.211029052734375,3.65142822265625,1.0
2-3-1,Run1,189070319829,3.3436431884765625,3.765090942382813,1.0
2-3-1,Run1,189070336484,3.328475952148437,3.76470947265625,1.0
2-3-1,Run1,189070353139,3.1804351806640625,3.654617309570313,1.0
2-3-1,Run1,189070369793,3.21923828125,3.658538818359375,1.0
2-3-1,Run1,189070386448,3.4178619384765625,3.773773193359375,1.0
2-3-1,Run1,189070403103,3.4359588623046875,3.690338134765625,1.0
2-3-1,Run1,189070419757,3.4359588623046875,3.690338134765625,1.0
2-3-1,Run1,189070436412,3.2358627319335938,3.6250686645507812,0.0
2-3-1,Run1,189070453067,3.0357666015625,3.559799194335937,1.0
2-3-1,Run1,189070469721,3.14959716796875,3.618972778320313,1.0
2-3-1,Run1,189070486377,3.139251708984375,3.724334716796875,1.0
2-3-1,Run1,189070503032,3.126678466796875,3.687774658203125,1.0
2-3-1,Run1,189070519687,3.1128387451171875,3.6018524169921875,1.0
2-3-1,Run1,189070536341,3.115951538085937,3.5846099853515625,1.0
2-3-1,Run1,189070552996,3.11578369140625,3.515487670898437,1.0
2-3-1,Run1,189070569652,2.993026733398437,3.44683837890625,1.0
2-3-1,Run1,189070586306,2.9833115797776437,3.3914018110795454,0.0
2-3-1,Run1,189070602961,2.9735964261568504,3.335965243252841,0.0
2-3-1,Run1,189070619616,2.9638812725360575,3.2805286754261362,0.0
2-3-1,Run1,189070636270,2.954166118915264,3.2250921075994317,0.0
2-3-1,Run1,189070652925,2.944450965294471,3.1696555397727275,0.0
2-3-1,Run1,189070669580,2.9347358116736775,3.1142189719460225,0.0
2-3-1,Run1,189070686234,2.9250206580528846,3.0587824041193183,0.0
2-3-1,Run1,189070702889,2.9153055044320912,3.0033458362926138,0.0
2-3-1,Run1,189070719544,2.905590350811298,2.947909268465909,0.0
2-3-1,Run1,189070736199,2.8958751971905046,2.8924727006392046,0.0
2-3-1,Run1,189070752854,2.8861600435697117,2.8370361328125,1.0
2-3-1,Run1,189070769509,2.8764448899489183,3.175445556640625,1.0
2-3-1,Run1,189070786164,2.866729736328125,3.400863647460937,1.0
2-3-1,Run1,189070802818,2.9951629638671875,3.41522216796875,1.0
2-3-1,Run1,189070819474,3.000457763671875,3.4425811767578125,1.0
2-3-1,Run1,189070836129,3.018096923828125,3.4665985107421875,1.0
2-3-1,Run1,189070852783,3.0188446044921875,3.50592041015625,1.0
2-3-1,Run1,189070869438,3.0379180908203125,3.46820068359375,1.0
2-3-1,Run1,189070886093,3.03399658203125,3.4453277587890625,1.0
2-3-1,Run1,189070902747,3.0210723876953125,3.471405029296875,1.0
2-3-1,Run1,189070919402,3.021881103515625,3.485595703125,1.0
2-3-1,Run1,189070936057,3.01434326171875,3.481903076171875,1.0
2-3-1,Run1,189070952711,3.0372314453125,3.492431640625,1.0
2-3-1,Run1,189070969366,3.067840576171875,3.520782470703125,1.0
2-3-1,Run1,189070986022,3.079925537109375,3.528793334960937,1.0
2-3-1,Run1,189071002676,3.068572998046875,3.517852783203125,1.0
2-3-1,Run1,189071019331,3.0534820556640625,3.517974853515625,1.0
2-3-1,Run1,189071035986,3.065277099609375,3.50238037109375,1.0
2-3-1,Run1,189071052641,3.23980712890625,3.499725341796875,1.0
2-3-1,Run1,189071069296,3.237457275390625,3.503524780273437,1.0
2-3-1,Run1,189071085951,3.0777130126953125,3.5197296142578125,1.0
2-3-1,Run1,189071102606,3.0631103515625,3.5366668701171875,1.0
2-3-1,Run1,189071119260,3.2080230712890625,3.6334075927734375,1.0
2-3-1,Run1,189071135915,3.219482421875,3.5806427001953125,1.0
2-3-1,Run1,189071152570,3.0499420166015625,3.4913330078125,1.0
2-3-1,Run1,189071169224,3.048553466796875,3.5089874267578125,1.0
2-3-1,Run1,189071185879,3.054794311523437,3.49945068359375,1.0
2-3-1,Run1,189071202534,3.0456085205078125,3.487045288085937,1.0
2-3-1,Run1,189071219189,3.011199951171875,3.49664306640625,1.0
2-3-1,Run1,189071235844,3.022201538085937,3.485580444335937,1.0
2-3-1,Run1,189071252499,3.0358123779296875,3.4682769775390625,1.0
2-3-1,Run1,189071269153,3.02655029296875,3.47454833984375,1.0
2-3-1,Run1,189071285808,2.9928436279296875,3.4532012939453125,1.0
2-3-1,Run1,189071302463,2.993133544921875,3.460800170898437,1.0
2-3-1,Run1,189071319119,3.1993865966796875,3.607208251953125,1.0
2-3-1,Run1,189071335773,3.138412475585937,3.5591583251953125,1.0
2-3-1,Run1,189071352428,2.9760284423828125,3.43035888671875,1.0
2-3-1,Run1,189071369083,2.985107421875,3.41387939453125,1.0
2-3-1,Run1,189071385737,2.98974609375,3.40484619140625,1.0
2-3-1,Run1,189071402392,2.97857666015625,3.406707763671875,1.0
2-3-1,Run1,189071419047,2.9666900634765625,3.413238525390625,1.0
2-3-1,Run1,189071435701,2.9582977294921875,3.4442901611328125,1.0
2-3-1,Run1,189071452356,2.939971923828125,3.438339233398437,1.0
2-3-1,Run1,189071469012,3.003082275390625,3.4095458984375,1.0
2-3-1,Run1,189071485666,2.992050170898437,3.41229248046875,1.0
2-3-1,Run1,189071502321,2.9324951171875,3.414031982421875,1.0
2-3-1,Run1,189071518976,2.9324188232421875,3.417266845703125,1.0
2-3-1,Run1,189071535630,2.9337921142578125,3.4558868408203125,1.0
2-3-1,Run1,189071552285,2.950302124023437,3.4589080810546875,1.0
2-3-1,Run1,189071568940,2.9424591064453125,3.41607666015625,1.0
2-3-1,Run1,189071585595,2.952056884765625,3.404327392578125,1.0
2-3-1,Run1,189071602249,2.9539031982421875,3.4123992919921875,1.0
2-3-1,Run1,189071618904,3.112457275390625,3.545806884765625,1.0
2-3-1,Run1,189071635559,3.13958740234375,3.4998779296875,1.0
2-3-1,Run1,189071652213,2.9498748779296875,3.4012908935546875,1.0
2-3-1,Run1,189071668868,2.97283935546875,3.4147186279296875,1.0
2-3-1,Run1,189071685523,2.9709625244140625,3.4220123291015625,1.0
2-3-1,Run1,189071702178,2.9689483642578125,3.4208984375,1.0
2-3-1,Run1,189071718833,2.9899444580078125,3.4379425048828125,1.0
2-3-1,Run1,189071735488,2.955352783203125,3.425872802734375,1.0
2-3-1,Run1,189071752142,2.96429443359375,3.3995819091796875,1.0
2-3-1,Run1,189071768797,3.008529663085937,3.4485321044921875,1.0
2-3-1,Run1,189071785452,3.2120819091796875,3.4572296142578125,1.0
2-3-1,Run1,189071802106,3.0559616088867188,3.426742553710937,1.0
2-3-1,Run1,189071818761,2.89984130859375,3.4329833984375,1.0
2-3-1,Run1,189071835416,3.0193634033203125,3.44537353515625,1.0
2-3-1,Run1,189071852071,3.039825439453125,3.482513427734375,1.0
2-3-1,Run1,189071868725,3.0557098388671875,3.501220703125,1.0
2-3-1,Run1,189071885380,3.044097900390625,3.475341796875,1.0
2-3-1,Run1,189071902035,3.0318145751953125,3.445281982421875,1.0
2-3-1,Run1,189071918689,3.1851806640625,3.4692840576171875,1.0
2-3-1,Run1,189071935344,3.203582763671875,3.5100250244140625,1.0
2-3-1,Run1,189071952000,3.0583038330078125,3.657272338867188,1.0
2-3-1,Run1,189071968654,3.0605621337890625,3.627166748046875,1.0
2-3-1,Run1,189071985309,3.062744140625,3.4884033203125,1.0
2-3-1,Run1,189072001964,3.0819854736328125,3.477569580078125,1.0
2-3-1,Run1,189072018618,3.09820556640625,3.4921417236328125,1.0
2-3-1,Run1,189072035273,3.096038818359375,3.501617431640625,1.0
2-3-1,Run1,189072051928,3.0978240966796875,3.49029541015625,1.0
2-3-1,Run1,189072068582,3.08056640625,3.4983367919921875,1.0
2-3-1,Run1,189072085237,3.0477294921875,3.50482177734375,1.0
2-3-1,Run1,189072101892,3.03839111328125,3.50177001953125,1.0
2-3-1,Run1,189072118547,3.1898193359375,3.6380615234375,1.0
2-3-1,Run1,189072135201,3.234619140625,3.636642456054688,1.0
2-3-1,Run1,189072151856,3.234619140625,3.4989776611328125,1.0
2-3-1,Run1,189072168511,3.1116714477539062,3.490707397460937,1.0
2-3-1,Run1,189072185165,2.9887237548828125,3.490585327148437,1.0
2-3-1,Run1,189072201821,3.10052490234375,3.4846954345703125,1.0
2-3-1,Run1,189072218476,3.2445831298828125,3.606964111328125,1.0
2-3-1,Run1,189072235130,2.73150634765625,3.3848419189453125,1.0
2-3-1,Run1,189072251785,2.73150634765625,3.3848419189453125,1.0
2-3-1,Run1,189072268440,2.7520095825195314,3.3506149291992187,0.0
2-3-1,Run1,189072285094,2.7725128173828124,3.316387939453125,0.0
2-3-1,Run1,189072301749,2.793016052246094,3.2821609497070314,0.0
2-3-1,Run1,189072318404,2.813519287109375,3.2479339599609376,0.0
2-3-1,Run1,189072335058,2.8340225219726562,3.2137069702148438,0.0
2-3-1,Run1,189072351713,2.8545257568359377,3.17947998046875,0.0
2-3-1,Run1,189072368368,2.8750289916992187,3.145252990722656,0.0
2-3-1,Run1,189072385023,2.8955322265625,3.1110260009765627,0.0
2-3-1,Run1,189072401677,2.916035461425781,3.076799011230469,0.0
2-3-1,Run1,189072418332,2.9365386962890625,3.042572021484375,1.0
2-3-1,Run1,189072434988,3.1097564697265625,3.3665771484375,1.0
2-3-1,Run1,189072451642,3.163192749023437,3.47698974609375,1.0
2-3-1,Run1,189072468297,3.174057006835937,3.4544219970703125,1.0
2-3-1,Run1,189072484952,3.1940460205078125,3.498260498046875,1.0
2-3-1,Run1,189072501606,3.195465087890625,3.544219970703125,1.0
2-3-1,Run1,189072518261,3.1742401123046875,3.595199584960937,1.0
2-3-1,Run1,189072534916,3.184921264648437,3.591339111328125,1.0
2-3-1,Run1,189072551570,3.1964569091796875,3.593246459960937,1.0
2-3-1,Run1,189072568225,3.2189483642578125,3.5735015869140625,1.0
2-3-1,Run1,189072584880,3.230575561523437,3.5915985107421875,1.0
2-3-1,Run1,189072601534,3.2109527587890625,3.586654663085937,1.0
2-3-1,Run1,189072618189,3.197967529296875,3.5735321044921875,1.0
2-3-1,Run1,189072634844,3.1968231201171875,3.57684326171875,1.0
2-3-1,Run1,189072651499,3.1927947998046875,3.5843658447265625,1.0
2-3-1,Run1,189072668153,3.182479858398437,3.587875366210937,1.0
2-3-1,Run1,189072684809,3.3304901123046875,3.679656982421875,1.0
2-3-1,Run1,189072701464,3.336166381835937,3.6803131103515625,1.0
2-3-1,Run1,189072718118,3.174835205078125,3.57415771484375,1.0
2-3-1,Run1,189072734773,3.167327880859375,3.5745849609375,1.0
2-3-1,Run1,189072751428,3.1493072509765625,3.5786285400390625,1.0
2-3-1,Run1,189072768082,3.1370086669921875,3.575469970703125,1.0
2-3-1,Run1,189072784737,3.1348876953125,3.55780029296875,1.0
2-3-1,Run1,189072801392,3.1190338134765625,3.5428924560546875,1.0
2-3-1,Run1,189072818046,3.2610321044921875,3.6279144287109375,1.0
2-3-1,Run1,189072834701,3.267547607421875,3.609619140625,1.0
2-3-1,Run1,189072851356,3.1004180908203125,3.518524169921875,1.0
2-3-1,Run1,189072868010,3.065338134765625,3.521331787109375,1.0
2-3-1,Run1,189072884665,3.0254058837890625,3.51165771484375,1.0
2-3-1,Run1,189072901320,2.9976348876953125,3.519439697265625,1.0
2-3-1,Run1,189072917975,2.9977264404296875,3.506454467773437,1.0
2-3-1,Run1,189072934630,3.0286102294921875,3.50146484375,1.0
2-3-1,Run1,189072951285,3.2002410888671875,3.627166748046875,1.0
2-3-1,Run1,189072967940,3.18359375,3.641143798828125,1.0
2-3-1,Run1,189072984594,3.0247802734375,3.47418212890625,1.0
2-3-1,Run1,189073001249,3.0028228759765625,3.4468994140625,1.0
2-3-1,Run1,189073017904,2.965362548828125,3.4356842041015625,1.0
2-3-1,Run1,189073034558,2.967071533203125,3.435577392578125,1.0
2-3-1,Run1,189073051213,3.137069702148437,3.43414306640625,1.0
2-3-1,Run1,189073067868,3.173446655273437,3.4183349609375,1.0
2-3-1,Run1,189073084522,2.9814453125,3.4172515869140625,1.0
2-3-1,Run1,189073101177,2.964630126953125,3.438507080078125,1.0
2-3-1,Run1,189073117832,2.957672119140625,3.442977905273437,1.0
2-3-1,Run1,189073134486,2.9626007080078125,3.4215545654296875,1.0
2-3-1,Run1,189073151141,2.978485107421875,3.3898468017578125,1.0
2-3-1,Run1,189073167797,2.853378295898437,3.316192626953125,1.0
2-3-1,Run1,189073184452,2.850719105113636,3.245780097113715,0.0
2-3-1,Run1,189073201106,2.848059914328835,3.1753675672743054,0.0
2-3-1,Run1,189073217761,2.8454007235440337,3.1049550374348955,0.0
2-3-1,Run1,189073234416,2.8427415327592325,3.0345425075954857,0.0
2-3-1,Run1,189073251070,2.8400823419744317,2.9641299777560763,0.0
2-3-1,Run1,189073267725,2.8374231511896304,2.8937174479166665,0.0
2-3-1,Run1,189073284380,2.8347639604048296,2.8233049180772567,0.0
2-3-1,Run1,189073301034,2.8321047696200283,2.752892388237847,0.0
2-3-1,Run1,189073317689,2.829445578835227,2.682479858398437,1.0
2-3-1,Run1,189073334344,2.8267863880504263,3.0213165283203125,1.0
2-3-1,Run1,189073350998,2.824127197265625,3.310943603515625,1.0
2-3-1,Run1,189073367653,3.024658203125,3.1603240966796875,1.0
2-3-1,Run1,189073384308,3.053192138671875,3.2119903564453125,1.0
2-3-1,Run1,189073400962,3.0131378173828125,3.362518310546875,1.0
2-3-1,Run1,189073417618,3.0038604736328125,3.395751953125,1.0
2-3-1,Run1,189073434273,2.9720916748046875,3.45416259765625,1.0
2-3-1,Run1,189073450928,2.978744506835937,3.472900390625,1.0
2-3-1,Run1,189073467582,3.009262084960937,3.4940338134765625,1.0
2-3-1,Run1,189073484237,3.0055084228515625,3.4701080322265625,1.0
2-3-1,Run1,189073500892,3.0298614501953125,3.4283447265625,1.0
2-3-1,Run1,189073517546,3.235382080078125,3.5283966064453125,1.0
2-3-1,Run1,189073534201,3.234481811523437,3.61492919921875,1.0
2-3-1,Run1,189073550856,3.0440826416015625,3.48333740234375,1.0
2-3-1,Run1,189073567510,3.059799194335937,3.465423583984375,1.0
2-3-1,Run1,189073584165,3.077606201171875,3.4865875244140625,1.0
2-3-1,Run1,189073600820,3.0930938720703125,3.5130767822265625,1.0
2-3-1,Run1,189073617474,3.0960693359375,3.4997100830078125,1.0
2-3-1,Run1,189073634129,3.05267333984375,3.4753570556640625,1.0
2-3-1,Run1,189073650784,3.062286376953125,3.4833984375,1.0
2-3-1,Run1,189073667439,3.0736083984375,3.5053253173828125,1.0
2-3-1,Run1,189073684094,3.232406616210937,3.5078887939453125,1.0
2-3-1,Run1,189073700749,3.2220611572265625,3.48455810546875,1.0
2-3-1,Run1,189073717404,3.072052001953125,3.479278564453125,1.0
2-3-1,Run1,189073734058,3.092025756835937,3.497589111328125,1.0
2-3-1,Run1,189073750713,3.2685699462890625,3.514251708984375,1.0
2-3-1,Run1,189073767368,3.236358642578125,3.5101776123046875,1.0
2-3-1,Run1,189073784022,3.236358642578125,3.501815795898437,1.0
2-3-1,Run1,189073800677,3.1214218139648438,3.5024871826171875,1.0
2-3-1,Run1,189073817332,3.0064849853515625,3.5215606689453125,1.0
2-3-1,Run1,189073833986,3.119293212890625,3.522705078125,1.0
2-3-1,Run1,189073850641,3.26300048828125,3.61297607421875,1.0
2-3-1,Run1,189073867296,3.3310546875,3.6347503662109375,1.0
2-3-1,Run1,189073883950,3.1502685546875,3.5345458984375,1.0
2-3-1,Run1,189073900606,3.1423492431640625,3.549896240234375,1.0
2-3-1,Run1,189073917261,3.319061279296875,3.5819244384765625,1.0
2-3-1,Run1,189073933915,3.3214874267578125,3.582794189453125,1.0
2-3-1,Run1,189073950570,3.1732330322265625,3.5624542236328125,1.0
2-3-1,Run1,189073967225,3.180145263671875,3.5500030517578125,1.0
2-3-1,Run1,189073983880,3.331893920898437,3.567291259765625,1.0
2-3-1,Run1,189074000534,3.3103790283203125,3.601715087890625,1.0
2-3-1,Run1,189074017189,3.17041015625,3.6064453125,1.0
2-3-1,Run1,189074033844,3.173095703125,3.5900421142578125,1.0
2-3-1,Run1,189074050498,3.1675262451171875,3.588607788085937,1.0
2-3-1,Run1,189074067153,3.172149658203125,3.5849151611328125,1.0
2-3-1,Run1,189074083808,3.176010131835937,3.591522216796875,1.0
2-3-1,Run1,189074100462,3.17266845703125,3.59906005859375,1.0
2-3-1,Run1,189074117117,3.3214111328125,3.699417114257813,1.0
2-3-1,Run1,189074133772,3.3079071044921875,3.7431793212890634,1.0
2-3-1,Run1,189074150427,3.1631317138671875,3.6102447509765625,1.0
2-3-1,Run1,189074167082,3.16387939453125,3.5936431884765625,1.0
2-3-1,Run1,189074183737,3.173431396484375,3.612594604492188,1.0
2-3-1,Run1,189074200391,3.14825439453125,3.634933471679688,1.0
2-3-1,Run1,189074217046,3.1189422607421875,3.5941619873046875,1.0
2-3-1,Run1,189074233701,3.008758544921875,3.490509033203125,1.0
2-3-1,Run1,189074250356,3.0034111870659723,3.4686237681995737,0.0
2-3-1,Run1,189074267010,2.9980638292100696,3.446738503196023,0.0
2-3-1,Run1,189074283665,2.9927164713541665,3.4248532381924717,0.0
2-3-1,Run1,189074300320,2.987369113498264,3.4029679731889204,0.0
2-3-1,Run1,189074316974,2.982021755642361,3.381082708185369,0.0
2-3-1,Run1,189074333629,2.9766743977864585,3.3591974431818183,0.0
2-3-1,Run1,189074350284,2.9713270399305554,3.337312178178267,0.0
2-3-1,Run1,189074366938,2.9659796820746527,3.315426913174716,0.0
2-3-1,Run1,189074383594,2.96063232421875,3.2935416481711646,1.0
2-3-1,Run1,189074400249,2.96063232421875,3.2716563831676138,1.0
2-3-1,Run1,189074416903,3.0293121337890625,3.2497711181640625,1.0
2-3-1,Run1,189074433558,3.141571044921875,3.411117553710937,1.0
2-3-1,Run1,189074450213,3.1377716064453125,3.4722900390625,1.0
2-3-1,Run1,189074466867,3.1533660888671875,3.5525360107421875,1.0
2-3-1,Run1,189074483522,3.139389038085937,3.5824127197265625,1.0
2-3-1,Run1,189074500177,3.1219940185546875,3.53167724609375,1.0
2-3-1,Run1,189074516832,3.126373291015625,3.561492919921875,1.0
2-3-1,Run1,189074533486,3.1313934326171875,3.6025848388671875,1.0
2-3-1,Run1,189074550141,3.2935333251953125,3.7923431396484375,1.0
2-3-1,Run1,189074566796,3.356536865234375,3.74884033203125,1.0
2-3-1,Run1,189074583450,3.356536865234375,3.74884033203125,1.0
2-3-1,Run1,189074600105,3.2074966430664062,3.6768798828125,0.0
2-3-1,Run1,189074616760,3.058456420898437,3.60491943359375,1.0
2-3-1,Run1,189074633415,3.164657592773437,3.65985107421875,1.0
2-3-1,Run1,189074650070,3.14923095703125,3.6319580078125,1.0
2-3-1,Run1,189074666725,3.1898651123046875,3.622467041015625,1.0
2-3-1,Run1,189074683379,3.4009246826171875,3.733932495117188,1.0
2-3-1,Run1,189074700034,3.328369140625,3.721878051757813,1.0
2-3-1,Run1,189074716689,3.328369140625,3.721878051757813,1.0
2-3-1,Run1,189074733343,3.1724624633789062,3.6429977416992188,0.0
2-3-1,Run1,189074749998,3.0165557861328125,3.564117431640625,1.0
2-3-1,Run1,189074766653,3.1343536376953125,3.619781494140625,1.0
2-3-1,Run1,189074783308,3.125274658203125,3.618804931640625,1.0
2-3-1,Run1,189074799962,3.1177215576171875,3.60052490234375,1.0
2-3-1,Run1,189074816617,3.10693359375,3.58990478515625,1.0
2-3-1,Run1,189074833272,3.09881591796875,3.5939483642578125,1.0
2-3-1,Run1,189074849926,3.0821075439453125,3.5696563720703125,1.0
2-3-1,Run1,189074866581,3.0888214111328125,3.5695953369140625,1.0
2-3-1,Run1,189074883237,3.090179443359375,3.58673095703125,1.0
2-3-1,Run1,189074899891,3.0518035888671875,3.616973876953125,1.0
2-3-1,Run1,189074916546,3.1681365966796875,3.746749877929688,1.0
2-3-1,Run1,189074933201,3.1186676025390625,3.712432861328125,1.0
2-3-1,Run1,189074949855,3.0419158935546875,3.712432861328125,1.0
2-3-1,Run1,189074966510,3.0756378173828125,3.685302734375,1.0
2-3-1,Run1,189074983165,3.0818328857421875,3.610061645507813,1.0
2-3-1,Run1,189074999819,3.0851287841796875,3.6255035400390634,1.0
2-3-1,Run1,189075016474,3.081878662109375,3.611770629882813,1.0
2-3-1,Run1,189075033129,3.08441162109375,3.599853515625,1.0
2-3-1,Run1,189075049784,3.078887939453125,3.604690551757813,1.0
2-3-1,Run1,189075066438,3.0707244873046875,3.61474609375,1.0
2-3-1,Run1,189075083093,3.0804901123046875,3.6177978515625,1.0
2-3-1,Run1,189075099748,3.0977325439453125,3.628448486328125,1.0
2-3-1,Run1,189075116403,3.10247802734375,3.651931762695313,1.0
2-3-1,Run1,189075133058,3.0918121337890625,3.653076171875,1.0
2-3-1,Run1,189075149713,3.08831787109375,3.649215698242188,1.0
2-3-1,Run1,189075166367,3.0930938720703125,3.657928466796875,1.0
2-3-1,Run1,189075183022,3.211166381835937,3.6373443603515625,1.0
2-3-1,Run1,189075199677,3.1902313232421875,3.64788818359375,1.0
2-3-1,Run1,189075216331,3.1902313232421875,3.649002075195313,1.0
2-3-1,Run1,189075232986,3.0754852294921875,3.625946044921875,1.0
2-3-1,Run1,189075249641,2.9607391357421875,3.7297210693359375,1.0
2-3-1,Run1,189075266295,3.0535888671875,3.72314453125,1.0
2-3-1,Run1,189075282950,3.0384521484375,3.594940185546875,1.0
2-3-1,Run1,189075299605,3.0239715576171875,3.599517822265625,1.0
2-3-1,Run1,189075316260,3.01312255859375,3.599517822265625,1.0
2-3-1,Run1,189075332914,2.99853515625,3.5860748291015625,1.0
2-3-1,Run1,189075349569,2.993316650390625,3.595184326171875,1.0
2-3-1,Run1,189075366225,2.9867095947265625,3.5783843994140625,1.0
2-3-1,Run1,189075382879,3.083953857421875,3.659469604492188,1.0
2-3-1,Run1,189075399534,2.951629638671875,3.5063400268554688,0.0
2-3-1,Run1,189075416189,2.819305419921875,3.35321044921875,1.0
2-3-1,Run1,189075432843,2.9465789794921875,3.433944702148437,1.0
2-3-1,Run1,189075449498,2.92462158203125,3.4326629638671875,1.0
2-3-1,Run1,189075466153,2.9232940673828125,3.439666748046875,1.0
2-3-1,Run1,189075482807,2.9368438720703125,3.442291259765625,1.0
2-3-1,Run1,189075499462,2.9061737060546875,3.427764892578125,1.0
2-3-1,Run1,189075516117,2.881988525390625,3.431427001953125,1.0
2-3-1,Run1,189075532771,2.9039459228515625,3.4219512939453125,1.0
2-3-1,Run1,189075549426,3.064453125,3.4054412841796875,1.0
2-3-1,Run1,189075566081,3.0113525390625,3.4097442626953125,1.0
2-3-1,Run1,189075582736,2.87457275390625,3.423690795898437,1.0
2-3-1,Run1,189075599390,2.876571655273437,3.421737670898437,1.0
2-3-1,Run1,189075616046,2.8741455078125,3.408111572265625,1.0
2-3-1,Run1,189075632701,2.88995361328125,3.3915557861328125,1.0
2-3-1,Run1,189075649355,2.9084930419921875,3.37103271484375,1.0
2-3-1,Run1,189075666010,2.917465209960937,3.388412475585937,1.0
2-3-1,Run1,189075682665,2.8936767578125,3.389923095703125,1.0
2-3-1,Run1,189075699319,2.905380249023437,3.385467529296875,1.0
2-3-1,Run1,189075715974,3.0980224609375,3.400390625,1.0
2-3-1,Run1,189075732629,3.04107666015625,3.4186248779296875,1.0
2-3-1,Run1,189075749283,3.04107666015625,3.4173126220703125,1.0
2-3-1,Run1,189075765938,3.081329345703125,3.39080810546875,1.0
2-3-1,Run1,189075782593,3.081329345703125,3.491241455078125,1.0
2-3-1,Run1,189075799247,3.1348114013671875,3.4915008544921875,1.0
2-3-1,Run1,189075815902,3.1348114013671875,3.34808349609375,1.0
2-3-1,Run1,189075832557,3.1212844848632812,3.260467529296875,1.0
2-3-1,Run1,189075849213,3.107757568359375,3.2602408272879466,0.0
2-3-1,Run1,189075865867,3.0942306518554688,3.260014125279018,0.0
2-3-1,Run1,189075882522,3.0807037353515625,3.2597874232700894,0.0
2-3-1,Run1,189075899177,3.067176818847656,3.2595607212611606,0.0
2-3-1,Run1,189075915831,3.0536499023437496,3.259334019252232,0.0
2-3-1,Run1,189075932486,3.0401229858398433,3.2591073172433034,0.0
2-3-1,Run1,189075949141,3.026596069335937,3.258880615234375,1.0
2-3-1,Run1,189075965795,3.123519897460937,3.4202423095703125,1.0
2-3-1,Run1,189075982450,3.1504669189453125,3.5662078857421875,1.0
2-3-1,Run1,189075999105,3.1563873291015625,3.602401733398437,1.0
2-3-1,Run1,189076015759,3.1593017578125,3.7421875,1.0
2-3-1,Run1,189076032414,3.152374267578125,3.737152099609375,1.0
2-3-1,Run1,189076049069,3.157867431640625,3.6490631103515625,1.0
2-3-1,Run1,189076065723,3.1737060546875,3.654830932617188,1.0
2-3-1,Run1,189076082378,3.18804931640625,3.65704345703125,1.0
2-3-1,Run1,189076099034,3.168075561523437,3.664306640625,1.0
2-3-1,Run1,189076115689,3.189056396484375,3.768798828125,1.0
2-3-1,Run1,189076132343,3.224151611328125,3.783035278320313,1.0
2-3-1,Run1,189076148998,3.202423095703125,3.693878173828125,1.0
2-3-1,Run1,189076165653,3.184326171875,3.703887939453125,1.0
2-3-1,Run1,189076182307,3.29278564453125,3.8096771240234375,1.0
2-3-1,Run1,189076198962,3.4272613525390625,3.6997451782226562,1.0
2-3-1,Run1,189076215617,3.2004852294921875,3.589813232421875,1.0
2-3-1,Run1,189076232271,3.1707916259765625,3.65576171875,1.0
2-3-1,Run1,189076248926,3.150970458984375,3.652908325195313,1.0
2-3-1,Run1,189076265581,3.13116455078125,3.636428833007813,1.0
2-3-1,Run1,189076282235,3.13031005859375,3.6226654052734375,1.0
2-3-1,Run1,189076298890,3.11669921875,3.623443603515625,1.0
2-3-1,Run1,189076315545,3.088119506835937,3.589385986328125,1.0
2-3-1,Run1,189076332199,3.068572998046875,3.585906982421875,1.0
2-3-1,Run1,189076348855,3.053695678710937,3.560638427734375,1.0
2-3-1,Run1,189076365510,3.0642547607421875,3.5420684814453125,1.0
2-3-1,Run1,189076382165,3.0450897216796875,3.551116943359375,1.0
2-3-1,Run1,189076398819,3.0276031494140625,3.5323028564453125,1.0
2-3-1,Run1,189076415474,3.012069702148437,3.528961181640625,1.0
2-3-1,Run1,189076432129,3.045501708984375,3.536712646484375,1.0
2-3-1,Run1,189076448783,3.033447265625,3.4949951171875,1.0
2-3-1,Run1,189076465438,2.8728790283203125,3.476593017578125,1.0
2-3-1,Run1,189076482094,2.830841064453125,3.377044677734375,1.0
2-3-1,Run1,189076498748,2.830841064453125,3.2484588623046875,1.0
2-3-1,Run1,189076515403,2.827116532759233,3.1789731112393467,0.0
2-3-1,Run1,189076532058,2.823392001065341,3.1094873601740054,0.0
2-3-1,Run1,189076548712,2.8196674693714487,3.0400016091086646,0.0
2-3-1,Run1,189076565368,2.8159429376775567,2.9705158580433237,0.0
2-3-1,Run1,189076582024,2.8122184059836646,2.901030106977983,0.0
2-3-1,Run1,189076598678,2.808493874289773,2.8315443559126416,0.0
2-3-1,Run1,189076615333,2.804769342595881,2.762058604847301,0.0
2-3-1,Run1,189076631988,2.8010448109019888,2.69257285378196,0.0
2-3-1,Run1,189076648643,2.7973202792080967,2.623087102716619,0.0
2-3-1,Run1,189076665298,2.7935957475142046,2.553601351651278,0.0
2-3-1,Run1,189076681953,2.7898712158203125,2.484115600585937,1.0
2-3-1,Run1,189076698608,3.08270263671875,2.9756011962890625,1.0
2-3-1,Run1,189076715262,3.149200439453125,3.33563232421875,1.0
2-3-1,Run1,189076731917,3.107147216796875,3.371246337890625,1.0
2-3-1,Run1,189076748572,3.1427459716796875,3.48004150390625,1.0
2-3-1,Run1,189076765227,3.1241912841796875,3.48162841796875,1.0
2-3-1,Run1,189076781882,3.2898101806640625,3.728515625,1.0
2-3-1,Run1,189076798537,3.303253173828125,3.749267578125,1.0
2-3-1,Run1,189076815191,3.303253173828125,3.749267578125,1.0
2-3-1,Run1,189076831847,3.2325439453125,3.6465377807617188,0.0
2-3-1,Run1,189076848502,3.161834716796875,3.543807983398437,1.0
2-3-1,Run1,189076865157,3.2318878173828125,3.640945434570313,1.0
2-3-1,Run1,189076881812,3.2169189453125,3.856170654296875,1.0
2-3-1,Run1,189076898467,3.229278564453125,3.806472778320313,1.0
2-3-1,Run1,189076915122,3.254364013671875,3.806472778320313,1.0
2-3-1,Run1,189076931776,3.0645294189453125,3.7675603230794277,1.0
2-3-1,Run1,189076948432,3.077737808227539,3.728647867838542,0.0
2-3-1,Run1,189076965087,3.0909461975097656,3.6897354125976567,0.0
2-3-1,Run1,189076981741,3.104154586791992,3.650822957356771,0.0
2-3-1,Run1,189076998396,3.1173629760742188,3.6119105021158857,0.0
2-3-1,Run1,189077015051,3.1305713653564453,3.572998046875,0.0
2-3-1,Run1,189077031705,3.143779754638672,3.5340855916341147,0.0
2-3-1,Run1,189077048361,3.1569881439208984,3.4951731363932295,0.0
2-3-1,Run1,189077065017,3.170196533203125,3.4562606811523438,1.0
2-3-1,Run1,189077081671,3.053741455078125,3.4173482259114585,1.0
2-3-1,Run1,189077098326,3.1435699462890625,3.3784357706705728,1.0
2-3-1,Run1,189077114981,3.1876983642578125,3.3395233154296875,1.0
2-3-1,Run1,189077131636,3.198486328125,3.45855712890625,1.0
2-3-1,Run1,189077148291,3.204330444335937,3.5247802734375,1.0
2-3-1,Run1,189077164946,3.1934814453125,3.609832763671875,1.0
2-3-1,Run1,189077181601,3.1739654541015625,3.6351318359375,1.0
2-3-1,Run1,189077198255,3.182373046875,3.6204986572265625,1.0
2-3-1,Run1,189077214910,3.18841552734375,3.6436767578125,1.0
2-3-1,Run1,189077231566,3.1904754638671875,3.6165924072265625,1.0
2-3-1,Run1,189077248220,3.354248046875,3.624191284179688,1.0
2-3-1,Run1,189077264875,3.336273193359375,3.634613037109375,1.0
2-3-1,Run1,189077281530,3.336273193359375,3.78387451171875,1.0
2-3-1,Run1,189077298184,3.2280044555664062,3.7394866943359375,1.0
2-3-1,Run1,189077314840,3.119735717773437,3.620162963867188,1.0
2-3-1,Run1,189077331496,3.2181854248046875,3.6114349365234375,1.0
2-3-1,Run1,189077348150,3.218246459960937,3.6202545166015625,1.0
2-3-1,Run1,189077364805,3.2204132080078125,3.6379241943359375,1.0
2-3-1,Run1,189077381460,3.212997436523437,3.652984619140625,1.0
2-3-1,Run1,189077398114,3.213623046875,3.647491455078125,1.0
2-3-1,Run1,189077414770,3.364974975585937,3.742523193359375,1.0
2-3-1,Run1,189077431425,3.315673828125,3.8399810791015625,1.0
2-3-1,Run1,189077448080,3.315673828125,3.8399810791015625,1.0
2-3-1,Run1,189077464734,3.3839111328125,3.810256958007813,1.0
2-3-1,Run1,189077481389,3.219940185546875,3.723907470703125,1.0
2-3-1,Run1,189077498044,3.209320068359375,3.74627685546875,1.0
2-3-1,Run1,189077514699,3.20477294921875,3.759567260742188,1.0
2-3-1,Run1,189077531354,3.197509765625,3.730712890625,1.0
2-3-1,Run1,189077548009,3.208343505859375,3.70361328125,1.0
2-3-1,Run1,189077564664,3.202178955078125,3.7033538818359375,1.0
2-3-1,Run1,189077581319,3.1798553466796875,3.685226440429688,1.0
2-3-1,Run1,189077597974,3.1919097900390625,3.672409057617188,1.0
2-3-1,Run1,189077614629,3.1848602294921875,3.643356323242188,1.0
2-3-1,Run1,189077631284,3.1554718017578125,3.6506500244140634,1.0
2-3-1,Run1,189077647939,3.12646484375,3.6710205078125,1.0
2-3-1,Run1,189077664593,3.02471923828125,3.609527587890625,1.0
2-3-1,Run1,189077681248,2.97979736328125,3.5887603759765625,1.0
2-3-1,Run1,189077697904,2.97979736328125,3.5887603759765625,1.0
2-3-1,Run1,189077714559,2.971979777018229,3.5681915283203125,0.0
2-3-1,Run1,189077731213,2.9641621907552085,3.5476226806640625,0.0
2-3-1,Run1,189077747868,2.9563446044921875,3.5270538330078125,1.0
2-3-1,Run1,189077764524,3.0587615966796875,3.57281494140625,1.0
2-3-1,Run1,189077781178,3.040252685546875,3.5730438232421875,1.0
2-3-1,Run1,189077797834,3.025863647460937,3.5734100341796875,1.0
2-3-1,Run1,189077814489,2.999496459960937,3.5465240478515625,1.0
2-3-1,Run1,189077831143,3.029937744140625,3.5335235595703125,1.0
2-3-1,Run1,189077847798,3.053924560546875,3.53802490234375,1.0
2-3-1,Run1,189077864453,3.04412841796875,3.531158447265625,1.0
2-3-1,Run1,189077881107,3.0140380859375,3.5153961181640625,1.0
2-3-1,Run1,189077897763,2.9703521728515625,3.511444091796875,1.0
2-3-1,Run1,189077914418,3.139984130859375,3.600341796875,1.0
2-3-1,Run1,189077931072,3.11951904296875,3.5376349555121527,0.0
2-3-1,Run1,189077947727,3.099053955078125,3.4749281141493054,0.0
2-3-1,Run1,189077964383,3.0785888671875,3.4122212727864585,0.0
2-3-1,Run1,189077981038,3.058123779296875,3.349514431423611,0.0
2-3-1,Run1,189077997692,3.03765869140625,3.286807590060764,0.0
2-3-1,Run1,189078014347,3.017193603515625,3.2241007486979165,0.0
2-3-1,Run1,189078031002,2.996728515625,3.1613939073350696,0.0
2-3-1,Run1,189078047657,2.976263427734375,3.0986870659722223,0.0
2-3-1,Run1,189078064312,2.95579833984375,3.035980224609375,1.0
2-3-1,Run1,189078080968,2.935333251953125,3.035980224609375,1.0
2-3-1,Run1,189078097622,3.0069732666015625,3.5720977783203125,1.0
2-3-1,Run1,189078114277,3.03192138671875,3.456527709960937,1.0
2-3-1,Run1,189078130932,3.068878173828125,3.48565673828125,1.0
2-3-1,Run1,189078147586,3.0664520263671875,3.545394897460937,1.0
2-3-1,Run1,189078164242,3.0691680908203125,3.559310913085937,1.0
2-3-1,Run1,189078180897,3.10675048828125,3.59893798828125,1.0
2-3-1,Run1,189078197551,3.12237548828125,3.6224365234375,1.0
2-3-1,Run1,189078214206,3.2509765625,3.7552337646484375,1.0
2-3-1,Run1,189078230862,3.250106811523437,3.78076171875,1.0
2-3-1,Run1,189078247517,3.250106811523437,3.78076171875,1.0
2-3-1,Run1,189078264171,3.31103515625,3.6676101684570312,1.0
2-3-1,Run1,189078280826,3.1272735595703125,3.5544586181640625,1.0
2-3-1,Run1,189078297482,3.1400909423828125,3.610427856445313,1.0
2-3-1,Run1,189078314136,3.35015869140625,3.733322143554688,1.0
2-3-1,Run1,189078330791,3.3253936767578125,3.649658203125,1.0
2-3-1,Run1,189078347446,3.3253936767578125,3.615280151367188,1.0
2-3-1,Run1,189078364101,3.273920694986979,3.6402740478515625,1.0
2-3-1,Run1,189078380756,3.222447713216146,3.726898193359375,1.0
2-3-1,Run1,189078397411,3.1709747314453125,3.725387573242188,1.0
2-3-1,Run1,189078414066,3.119501749674479,3.725387573242188,1.0
2-3-1,Run1,189078430721,3.068028767903646,3.6382522583007812,0.0
2-3-1,Run1,189078447376,3.0165557861328125,3.551116943359375,1.0
2-3-1,Run1,189078464030,3.1474151611328125,3.6121673583984375,1.0
2-3-1,Run1,189078480685,3.14813232421875,3.735382080078125,1.0
2-3-1,Run1,189078497340,3.1353759765625,3.696243286132813,1.0
2-3-1,Run1,189078513996,3.132171630859375,3.600250244140625,1.0
2-3-1,Run1,189078530650,3.122711181640625,3.607986450195313,1.0
2-3-1,Run1,189078547306,3.1031494140625,3.60321044921875,1.0
2-3-1,Run1,189078563961,3.1045684814453125,3.602630615234375,1.0
2-3-1,Run1,189078580615,3.1160888671875,3.58673095703125,1.0
2-3-1,Run1,189078597271,3.107391357421875,3.588836669921875,1.0
2-3-1,Run1,189078613926,3.11285400390625,3.5950469970703125,1.0
2-3-1,Run1,189078630580,3.1287841796875,3.5886383056640625,1.0
2-3-1,Run1,189078647235,3.130706787109375,3.587310791015625,1.0
2-3-1,Run1,189078663890,3.12554931640625,3.629684448242188,1.0
2-3-1,Run1,189078680544,3.2970733642578125,3.8353271484375,1.0
2-3-1,Run1,189078697200,3.259307861328125,3.7230072021484375,1.0
2-3-1,Run1,189078713855,3.1189117431640625,3.5932769775390625,1.0
2-3-1,Run1,189078730509,3.146484375,3.60516357421875,1.0
2-3-1,Run1,189078747164,3.128997802734375,3.7659759521484375,1.0
2-3-1,Run1,189078763819,3.002914428710937,2.0414581298828125,1.0
2-3-1,Run1,189078780475,3.006390658291903,2.0414581298828125,1.0
2-3-1,Run1,189078797130,3.009866887872869,2.208097185407366,0.0
2-3-1,Run1,189078813785,3.013343117453835,2.3747362409319197,0.0
2-3-1,Run1,189078830440,3.016819347034801,2.541375296456473,0.0
2-3-1,Run1,189078847094,3.0202955766157666,2.708014351981027,0.0
2-3-1,Run1,189078863749,3.023771806196733,2.8746534075055803,0.0
2-3-1,Run1,189078880405,3.0272480357776987,3.0412924630301337,0.0
2-3-1,Run1,189078897059,3.0307242653586646,3.2079315185546875,1.0
2-3-1,Run1,189078913714,3.0342004949396304,3.2079315185546875,1.0
2-3-1,Run1,189078930369,3.0376767245205967,4.0910186767578125,1.0
2-3-1,Run1,189078947023,3.0411529541015625,3.598129272460937,1.0
2-3-1,Run1,189078963678,3.146224975585937,3.527984619140625,1.0
2-3-1,Run1,189078980334,3.167724609375,3.5895538330078125,1.0
2-3-1,Run1,189078996988,3.163558959960937,3.561004638671875,1.0
2-3-1,Run1,189079013644,3.1759185791015625,3.63531494140625,1.0
2-3-1,Run1,189079030299,3.1792755126953125,3.6334381103515625,1.0
2-3-1,Run1,189079046954,3.1997833251953125,3.742431640625,1.0
2-3-1,Run1,189079063609,3.2337646484375,3.747283935546875,1.0
2-3-1,Run1,189079080264,3.2348175048828125,3.747283935546875,1.0
2-3-1,Run1,189079096919,3.2672119140625,3.6990280151367188,1.0
2-3-1,Run1,189079113573,3.46759033203125,3.6507720947265625,1.0
2-3-1,Run1,189079130228,3.340179443359375,3.7104644775390634,1.0
2-3-1,Run1,189079146883,3.340179443359375,3.7216644287109375,1.0
2-3-1,Run1,189079163538,3.348052978515625,3.738082885742188,1.0
2-3-1,Run1,189079180193,3.2548370361328125,3.765579223632813,1.0
2-3-1,Run1,189079196848,3.263641357421875,3.75994873046875,1.0
2-3-1,Run1,189079213502,3.267425537109375,3.773727416992188,1.0
2-3-1,Run1,189079230158,3.2710113525390625,3.77081298828125,1.0
2-3-1,Run1,189079246813,3.26739501953125,3.763107299804688,1.0
2-3-1,Run1,189079263468,3.27655029296875,3.7764892578125,1.0
2-3-1,Run1,189079280123,3.279205322265625,3.774612426757813,1.0
2-3-1,Run1,189079296778,3.257797241210937,3.785079956054688,1.0
2-3-1,Run1,189079313433,3.271835327148437,3.8200531005859375,1.0
2-3-1,Run1,189079330087,3.28399658203125,3.8118896484375,1.0
2-3-1,Run1,189079346743,3.263214111328125,3.79852294921875,1.0
2-3-1,Run1,189079363398,3.251739501953125,3.8194732666015625,1.0
2-3-1,Run1,189079380052,3.2482452392578125,3.826690673828125,1.0
2-3-1,Run1,189079396707,3.256698608398437,3.8372955322265625,1.0
2-3-1,Run1,189079413362,3.231292724609375,3.823928833007813,1.0
2-3-1,Run1,189079430017,3.1240234375,3.7417144775390634,1.0
2-3-1,Run1,189079446672,3.0913848876953125,3.696685791015625,1.0
2-3-1,Run1,189079463327,3.0913848876953125,3.731170654296875,1.0
2-3-1,Run1,189079479982,3.2536392211914062,3.711746215820313,1.0
2-3-1,Run1,189079496637,3.4158935546875,3.72235107421875,1.0
2-3-1,Run1,189079513292,3.4158935546875,3.813796997070313,1.0
2-3-1,Run1,189079529947,3.3153533935546875,3.843338012695313,1.0
2-3-1,Run1,189079546602,3.15911865234375,3.721267700195313,1.0
2-3-1,Run1,189079563257,3.1564178466796875,3.698440551757813,1.0
2-3-1,Run1,189079579912,3.156036376953125,3.716140747070313,1.0
2-3-1,Run1,189079596566,3.155181884765625,3.7325592041015625,1.0
2-3-1,Run1,189079613221,3.1510009765625,3.703094482421875,1.0
2-3-1,Run1,189079629877,3.15032958984375,3.692779541015625,1.0
2-3-1,Run1,189079646532,3.15576171875,3.67120361328125,1.0
2-3-1,Run1,189079663187,3.15179443359375,3.6784515380859375,1.0
2-3-1,Run1,189079679842,3.302352905273437,3.82415771484375,1.0
2-3-1,Run1,189079696496,3.308258056640625,3.7833251953125,1.0
2-3-1,Run1,189079713151,3.308258056640625,3.7833251953125,1.0
2-3-1,Run1,189079729806,3.183990478515625,3.6918716430664062,0.0
2-3-1,Run1,189079746461,3.059722900390625,3.6004180908203125,1.0
2-3-1,Run1,189079763116,3.1781005859375,3.658172607421875,1.0
2-3-1,Run1,189079779771,3.199798583984375,3.66851806640625,1.0
2-3-1,Run1,189079796425,3.206329345703125,3.675613403320313,1.0
2-3-1,Run1,189079813081,3.1913299560546875,3.679153442382813,1.0
2-3-1,Run1,189079829736,3.198837280273437,3.7094879150390634,1.0
2-3-1,Run1,189079846391,3.212387084960937,3.703414916992188,1.0
2-3-1,Run1,189079863046,3.1964111328125,3.673660278320313,1.0
2-3-1,Run1,189079879701,3.208465576171875,3.806976318359375,1.0
2-3-1,Run1,189079896356,3.1141357421875,3.773858642578125,1.0
2-3-1,Run1,189079913010,3.121210734049479,3.740740966796875,0.0
2-3-1,Run1,189079929666,3.1282857259114585,3.707623291015625,0.0
2-3-1,Run1,189079946321,3.1353607177734375,3.674505615234375,0.0
2-3-1,Run1,189079962975,3.1424357096354165,3.641387939453125,0.0
2-3-1,Run1,189079979630,3.149510701497396,3.608270263671875,0.0
2-3-1,Run1,189079996286,3.156585693359375,3.575152587890625,0.0
2-3-1,Run1,189080012940,3.163660685221354,3.542034912109375,0.0
2-3-1,Run1,189080029595,3.1707356770833335,3.508917236328125,0.0
2-3-1,Run1,189080046250,3.1778106689453125,3.475799560546875,1.0
2-3-1,Run1,189080062905,3.276397705078125,3.5696258544921875,1.0
2-3-1,Run1,189080079560,3.28076171875,3.6672515869140634,1.0
2-3-1,Run1,189080096215,3.280990600585937,3.732101440429688,1.0
2-3-1,Run1,189080112871,3.2889556884765625,3.7440185546875,1.0
2-3-1,Run1,189080129525,3.27642822265625,3.6927337646484375,1.0
2-3-1,Run1,189080146180,3.2533416748046875,3.653564453125,1.0
2-3-1,Run1,189080162835,3.26129150390625,3.598602294921875,1.0
2-3-1,Run1,189080179489,3.438568115234375,3.635914611816406,1.0
2-3-1,Run1,189080196145,3.3837367466517856,3.6732269287109376,0.0
2-3-1,Run1,189080212800,3.3289053780691966,3.710539245605469,0.0
2-3-1,Run1,189080229454,3.274074009486607,3.7478515625,0.0
2-3-1,Run1,189080246109,3.219242640904018,3.7851638793945312,0.0
2-3-1,Run1,189080262765,3.1644112723214284,3.8224761962890628,0.0
2-3-1,Run1,189080279419,3.1095799037388394,3.8597885131835943,0.0
2-3-1,Run1,189080296075,3.05474853515625,3.8971008300781254,1.0
2-3-1,Run1,189080312730,3.05474853515625,3.9344131469726564,1.0
2-3-1,Run1,189080329384,3.415313720703125,3.971725463867188,1.0
2-3-1,Run1,189080346039,3.415313720703125,3.971725463867188,1.0
2-3-1,Run1,189080362694,3.332855224609375,3.682708740234375,1.0
2-3-1,Run1,189080379350,3.250396728515625,3.608184814453125,1.0
2-3-1,Run1,189080396004,3.323028564453125,3.747482299804688,1.0
2-3-1,Run1,189080412659,3.319183349609375,3.814117431640625,1.0
2-3-1,Run1,189080429314,3.3187713623046875,3.780548095703125,1.0
2-3-1,Run1,189080445968,3.2977294921875,3.795806884765625,1.0
2-3-1,Run1,189080462623,3.315155029296875,3.761032104492188,1.0
2-3-1,Run1,189080479279,3.3223876953125,3.788375854492188,1.0
2-3-1,Run1,189080495934,3.3365020751953125,3.806930541992188,1.0
2-3-1,Run1,189080512589,3.511077880859375,3.8904876708984375,1.0
2-3-1,Run1,189080529244,3.4751434326171875,3.891937255859375,1.0
2-3-1,Run1,189080545898,3.324813842773437,3.783782958984375,1.0
2-3-1,Run1,189080562554,3.230682373046875,3.726409912109375,1.0
2-3-1,Run1,189080579209,3.2503204345703125,3.7708587646484375,1.0
2-3-1,Run1,189080595863,3.3435821533203125,3.833786010742188,1.0
2-3-1,Run1,189080612518,3.3489227294921875,3.830596923828125,1.0
2-3-1,Run1,189080629173,3.330551147460937,3.7900390625,1.0
2-3-1,Run1,189080645829,3.3159332275390625,3.7850494384765625,1.0
2-3-1,Run1,189080662483,3.320556640625,3.8221282958984375,1.0
2-3-1,Run1,189080679138,3.323959350585937,3.810089111328125,1.0
2-3-1,Run1,189080695794,3.3072509765625,3.809600830078125,1.0
2-3-1,Run1,189080712448,3.2779083251953125,3.80731201171875,1.0
2-3-1,Run1,189080729103,3.2657470703125,3.771896362304688,1.0
2-3-1,Run1,189080745759,3.26788330078125,3.7606048583984375,1.0
2-3-1,Run1,189080762413,3.287384033203125,3.7870941162109375,1.0
2-3-1,Run1,189080779068,3.4239501953125,3.912933349609375,1.0
2-3-1,Run1,189080795723,3.3054962158203125,3.872848510742188,1.0
2-3-1,Run1,189080812377,3.3054962158203125,3.872848510742188,1.0
2-3-1,Run1,189080829033,3.2173919677734375,3.8256988525390634,1.0
2-3-1,Run1,189080845688,3.1292877197265625,3.7374420166015625,1.0
2-3-1,Run1,189080862342,3.2129364013671875,3.732147216796875,1.0
2-3-1,Run1,189080878997,3.214706420898437,3.740478515625,1.0
2-3-1,Run1,189080895652,3.22198486328125,3.752685546875,1.0
2-3-1,Run1,189080912308,3.3390655517578125,3.837966918945313,1.0
2-3-1,Run1,189080928963,3.3162841796875,3.81036376953125,1.0
2-3-1,Run1,189080945618,3.20477294921875,3.72052001953125,1.0
2-3-1,Run1,189080962273,3.1877593994140625,3.715301513671875,1.0
2-3-1,Run1,189080978927,3.1812744140625,3.700851440429688,1.0
2-3-1,Run1,189080995582,3.173126220703125,3.705276489257813,1.0
2-3-1,Run1,189081012238,3.2593994140625,3.80902099609375,1.0
2-3-1,Run1,189081028892,3.1445770263671875,3.682220458984375,0.0
2-3-1,Run1,189081045547,3.029754638671875,3.555419921875,1.0
2-3-1,Run1,189081062202,3.11431884765625,3.623779296875,1.0
2-3-1,Run1,189081078856,3.087890625,3.623138427734375,1.0
2-3-1,Run1,189081095511,3.0772705078125,3.634521484375,1.0
2-3-1,Run1,189081112167,3.057968139648437,3.635055541992188,1.0
2-3-1,Run1,189081128822,3.046234130859375,3.631546020507813,1.0
2-3-1,Run1,189081145477,3.0648193359375,3.619873046875,1.0
2-3-1,Run1,189081162132,3.068634033203125,3.615020751953125,1.0
2-3-1,Run1,189081178787,3.030990600585937,3.614593505859375,1.0
2-3-1,Run1,189081195442,3.0327911376953125,3.6276702880859375,1.0
2-3-1,Run1,189081212097,3.047470092773437,3.6312103271484375,1.0
2-3-1,Run1,189081228752,3.0515289306640625,3.5925445556640625,1.0
2-3-1,Run1,189081245406,3.04888916015625,3.560699462890625,1.0
2-3-1,Run1,189081262061,3.0360107421875,3.567596435546875,1.0
2-3-1,Run1,189081278716,3.003997802734375,3.5650787353515625,1.0
2-3-1,Run1,189081295371,3.0195465087890625,3.584075927734375,1.0
2-3-1,Run1,189081312026,3.048980712890625,3.7269439697265625,1.0
2-3-1,Run1,189081328682,3.0430908203125,3.660400390625,1.0
2-3-1,Run1,189081345336,3.014404296875,3.5781402587890625,1.0
2-3-1,Run1,189081361991,3.0183258056640625,3.59881591796875,1.0
2-3-1,Run1,189081378647,3.067855834960937,3.596771240234375,1.0
2-3-1,Run1,189081395301,3.066162109375,3.575057983398437,1.0
2-3-1,Run1,189081411956,3.065765380859375,3.5856170654296875,1.0
2-3-1,Run1,189081428611,3.0953521728515625,3.574081420898437,1.0
2-3-1,Run1,189081445266,3.26165771484375,3.628250122070313,1.0
2-3-1,Run1,189081461920,3.21539306640625,3.65814208984375,1.0
2-3-1,Run1,189081478575,3.21539306640625,3.65814208984375,1.0
2-3-1,Run1,189081495230,3.1250686645507812,3.650787353515625,0.0
2-3-1,Run1,189081511884,3.0347442626953125,3.6434326171875,1.0
2-3-1,Run1,189081528539,3.1276092529296875,3.636077880859375,1.0
2-3-1,Run1,189081545195,3.1158599853515625,3.62872314453125,1.0
2-3-1,Run1,189081561849,3.115631103515625,3.621368408203125,1.0
2-3-1,Run1,189081578504,3.116424560546875,3.614013671875,1.0
2-3-1,Run1,189081595159,3.09222412109375,3.606658935546875,1.0
2-3-1,Run1,189081611813,3.1005096435546875,3.59930419921875,1.0
2-3-1,Run1,189081628468,3.100433349609375,3.635452270507813,1.0
2-3-1,Run1,189081645123,3.069198608398437,3.698898315429688,1.0
2-3-1,Run1,189081661777,3.0623931884765625,3.7621917724609375,1.0
2-3-1,Run1,189081678432,3.078369140625,3.5880126953125,1.0
2-3-1,Run1,189081695087,2.9959259033203125,3.484039306640625,1.0
2-3-1,Run1,189081711742,2.9952324761284723,3.479008992513021,0.0
2-3-1,Run1,189081728396,2.994539048936632,3.4739786783854165,0.0
2-3-1,Run1,189081745051,2.9938456217447915,3.4689483642578125,0.0
2-3-1,Run1,189081761707,2.9931521945529513,3.4639180501302085,0.0
2-3-1,Run1,189081778361,2.992458767361111,3.458887736002604,0.0
2-3-1,Run1,189081795016,2.991765340169271,3.453857421875,0.0
2-3-1,Run1,189081811671,2.9910719129774304,3.448827107747396,0.0
2-3-1,Run1,189081828325,2.99037848578559,3.4437967936197915,0.0
2-3-1,Run1,189081844980,2.98968505859375,3.4387664794921875,1.0
2-3-1,Run1,189081861635,3.065658569335937,3.54443359375,1.0
2-3-1,Run1,189081878289,3.0794219970703125,3.649948120117188,1.0
2-3-1,Run1,189081894944,3.0984344482421875,3.632659912109375,1.0
2-3-1,Run1,189081911599,3.079010009765625,3.616607666015625,1.0
2-3-1,Run1,189081928253,3.0664825439453125,3.642669677734375,1.0
2-3-1,Run1,189081944908,3.0827178955078125,3.651824951171875,1.0
2-3-1,Run1,189081961564,3.117340087890625,3.602264404296875,1.0
2-3-1,Run1,189081978219,3.13153076171875,3.57232666015625,1.0
2-3-1,Run1,189081994873,3.1340484619140625,3.588958740234375,1.0
2-3-1,Run1,189082011528,3.13006591796875,3.65655517578125,1.0
2-3-1,Run1,189082028183,3.117034912109375,3.838165283203125,1.0
2-3-1,Run1,189082044837,3.228973388671875,3.838165283203125,1.0
2-3-1,Run1,189082061492,3.2730712890625,3.7412185668945312,1.0
2-3-1,Run1,189082078147,3.1403045654296875,3.6442718505859375,1.0
2-3-1,Run1,189082094801,3.1458740234375,3.697906494140625,1.0
2-3-1,Run1,189082111456,3.162567138671875,3.70660400390625,1.0
2-3-1,Run1,189082128111,3.17657470703125,3.725662231445313,1.0
2-3-1,Run1,189082144765,3.316558837890625,3.8542327880859375,1.0
2-3-1,Run1,189082161420,3.2807769775390625,3.847579956054688,1.0
2-3-1,Run1,189082178076,3.1552734375,3.7193450927734375,1.0
2-3-1,Run1,189082194730,3.1412353515625,3.71734619140625,1.0
2-3-1,Run1,189082211385,3.12432861328125,3.695877075195313,1.0
2-3-1,Run1,189082228040,3.096649169921875,3.6949615478515625,1.0
2-3-1,Run1,189082244695,3.070526123046875,3.693206787109375,1.0
2-3-1,Run1,189082261349,3.0578765869140625,3.6716156005859375,1.0
2-3-1,Run1,189082278004,3.0454559326171875,3.7790679931640634,1.0
2-3-1,Run1,189082294659,3.0684356689453125,3.79534912109375,1.0
2-3-1,Run1,189082311313,3.064453125,3.639129638671875,1.0
2-3-1,Run1,189082327968,3.030487060546875,3.62371826171875,1.0
2-3-1,Run1,189082344623,3.0139617919921875,3.6336822509765625,1.0
2-3-1,Run1,189082361277,2.9644927978515625,3.409576416015625,1.0
2-3-1,Run1,189082377933,3.04510498046875,2.878265380859375,1.0
2-3-1,Run1,189082394588,3.051386515299479,2.9283935546875,0.0
2-3-1,Run1,189082411242,3.0576680501302085,2.978521728515625,0.0
2-3-1,Run1,189082427897,3.0639495849609375,3.02864990234375,0.0
2-3-1,Run1,189082444552,3.0702311197916665,3.078778076171875,0.0
2-3-1,Run1,189082461206,3.076512654622396,3.12890625,0.0
2-3-1,Run1,189082477861,3.082794189453125,3.179034423828125,0.0
2-3-1,Run1,189082494516,3.089075724283854,3.22916259765625,0.0
2-3-1,Run1,189082511171,3.0953572591145835,3.279290771484375,0.0
2-3-1,Run1,189082527825,3.1016387939453125,3.3294189453125,1.0
2-3-1,Run1,189082544480,2.952484130859375,3.379547119140625,1.0
2-3-1,Run1,189082561135,2.942535400390625,3.379547119140625,1.0
2-3-1,Run1,189082577789,2.961181640625,3.45538330078125,1.0
2-3-1,Run1,189082594445,2.9665679931640625,3.5284881591796875,1.0
2-3-1,Run1,189082611100,2.96209716796875,3.541656494140625,1.0
2-3-1,Run1,189082627754,2.9752349853515625,3.546722412109375,1.0
2-3-1,Run1,189082644409,2.96514892578125,3.534149169921875,1.0
2-3-1,Run1,189082661064,2.955429077148437,3.529998779296875,1.0
2-3-1,Run1,189082677718,2.9547576904296875,3.53143310546875,1.0
2-3-1,Run1,189082694373,2.9791259765625,3.52691650390625,1.0
2-3-1,Run1,189082711028,3.128997802734375,3.6387786865234375,1.0
2-3-1,Run1,189082727682,3.1825408935546875,3.756072998046875,1.0
2-3-1,Run1,189082744337,3.02947998046875,3.5743865966796875,1.0
2-3-1,Run1,189082760992,3.0062713623046875,3.55377197265625,1.0
2-3-1,Run1,189082777647,3.017913818359375,3.5653228759765625,1.0
2-3-1,Run1,189082794301,3.034454345703125,3.5590972900390625,1.0
2-3-1,Run1,189082810957,3.1709136962890625,3.67529296875,1.0
2-3-1,Run1,189082827612,3.166046142578125,3.7564544677734375,1.0
2-3-1,Run1,189082844266,3.027923583984375,3.6053466796875,1.0
2-3-1,Run1,189082860921,3.0307159423828125,3.591644287109375,1.0
2-3-1,Run1,189082877576,3.05218505859375,3.716751098632813,1.0
2-3-1,Run1,189082894230,3.0188446044921875,3.7448883056640634,1.0
2-3-1,Run1,189082910885,2.9617462158203125,3.5990753173828125,1.0
2-3-1,Run1,189082927540,2.9710845947265625,3.592132568359375,1.0
2-3-1,Run1,189082944194,2.980926513671875,3.579498291015625,1.0
2-3-1,Run1,189082960849,2.9687957763671875,3.566162109375,1.0
2-3-1,Run1,189082977504,2.9535675048828125,3.5723114013671875,1.0
2-3-1,Run1,189082994158,2.947616577148437,3.584381103515625,1.0
2-3-1,Run1,189083010814,2.9541473388671875,3.566757202148437,1.0
2-3-1,Run1,189083027469,2.928497314453125,3.5416717529296875,1.0
2-3-1,Run1,189083044124,3.0311279296875,3.540283203125,1.0
2-3-1,Run1,189083060778,2.9148406982421875,3.531402587890625,1.0
2-3-1,Run1,189083077433,2.798553466796875,3.625579833984375,1.0
2-3-1,Run1,189083094088,2.9335174560546875,3.6100006103515625,1.0
2-3-1,Run1,189083110742,2.95947265625,3.5944213867187496,1.0
2-3-1,Run1,189083127397,2.9363555908203125,3.578842163085937,1.0
2-3-1,Run1,189083144052,2.9111480712890625,3.51837158203125,1.0
2-3-1,Run1,189083160706,2.92742919921875,3.537582397460937,1.0
2-3-1,Run1,189083177361,2.9583282470703125,3.5076446533203125,1.0
2-3-1,Run1,189083194016,2.965545654296875,3.496826171875,1.0
2-3-1,Run1,189083210670,2.924591064453125,3.470001220703125,1.0
2-3-1,Run1,189083227326,2.9337921142578125,3.46685791015625,1.0
2-3-1,Run1,189083243981,2.9537506103515625,3.4988555908203125,1.0
2-3-1,Run1,189083260635,2.9544677734375,3.505767822265625,1.0
2-3-1,Run1,189083277290,2.9644317626953125,3.50848388671875,1.0
2-3-1,Run1,189083293945,2.936004638671875,3.476654052734375,1.0
2-3-1,Run1,189083310600,2.904037475585937,3.4032135009765625,1.0
2-3-1,Run1,189083327254,2.783538818359375,3.3083953857421875,1.0
2-3-1,Run1,189083343909,2.7909334622896633,3.317193838266226,0.0
2-3-1,Run1,189083360564,2.798328106219952,3.3259922907902646,0.0
2-3-1,Run1,189083377218,2.8057227501502404,3.334790743314303,0.0
2-3-1,Run1,189083393873,2.8131173940805287,3.3435891958383412,0.0
2-3-1,Run1,189083410528,2.8205120380108175,3.35238764836238,0.0
2-3-1,Run1,189083427182,2.827906681941106,3.3611861008864183,0.0
2-3-1,Run1,189083443838,2.835301325871394,3.3699845534104567,0.0
2-3-1,Run1,189083460493,2.8426959698016825,3.378783005934495,0.0
2-3-1,Run1,189083477147,2.8500906137319713,3.3875814584585338,0.0
2-3-1,Run1,189083493802,2.8574852576622596,3.396379910982572,0.0
2-3-1,Run1,189083510457,2.864879901592548,3.4051783635066104,0.0
2-3-1,Run1,189083527111,2.8722745455228367,3.413976816030649,0.0
2-3-1,Run1,189083543766,2.879669189453125,3.4227752685546875,1.0
2-3-1,Run1,189083560421,2.966827392578125,3.51397705078125,1.0
2-3-1,Run1,189083577076,2.9699859619140625,3.556640625,1.0
2-3-1,Run1,189083593730,2.9851531982421875,3.57568359375,1.0
2-3-1,Run1,189083610385,2.9810791015625,3.579132080078125,1.0
2-3-1,Run1,189083627040,3.0018768310546875,3.5669097900390625,1.0
2-3-1,Run1,189083643695,3.0213623046875,3.5933380126953125,1.0
2-3-1,Run1,189083660350,3.012557983398437,3.6290435791015625,1.0
2-3-1,Run1,189083677005,2.987274169921875,3.605392456054688,1.0
2-3-1,Run1,189083693659,2.9609527587890625,3.572357177734375,1.0
2-3-1,Run1,189083710314,2.964599609375,3.579742431640625,1.0
2-3-1,Run1,189083726969,2.9843902587890625,3.6007537841796875,1.0
2-3-1,Run1,189083743623,2.97808837890625,3.6171875,1.0
2-3-1,Run1,189083760278,2.99237060546875,3.62322998046875,1.0
2-3-1,Run1,189083776933,3.002105712890625,3.64996337890625,1.0
2-3-1,Run1,189083793587,2.9930877685546875,3.656768798828125,1.0
2-3-1,Run1,189083810242,3.0087127685546875,3.773147583007813,1.0
2-3-1,Run1,189083826897,3.012725830078125,3.8046875,1.0
2-3-1,Run1,189083843552,3.0100860595703125,3.8046875,1.0
2-3-1,Run1,189083860207,3.0030517578125,3.762195587158203,1.0
2-3-1,Run1,189083876862,3.003448486328125,3.7197036743164062,1.0
2-3-1,Run1,189083893517,3.02215576171875,3.67721176147461,1.0
2-3-1,Run1,189083910171,3.04071044921875,3.634719848632813,1.0
2-3-1,Run1,189083926826,3.0622100830078125,3.691848754882813,1.0
2-3-1,Run1,189083943481,3.209136962890625,3.675704956054688,1.0
2-3-1,Run1,189083960135,3.0873565673828125,3.603347778320313,1.0
2-3-1,Run1,189083976790,2.965576171875,3.61297607421875,1.0
2-3-1,Run1,189083993445,3.09124755859375,3.648590087890625,1.0
2-3-1,Run1,189084010099,3.10552978515625,3.6533050537109375,1.0
2-3-1,Run1,189084026754,3.097518920898437,3.657684326171875,1.0
2-3-1,Run1,189084043409,3.1065216064453125,3.6552886962890634,1.0
2-3-1,Run1,189084060063,3.132904052734375,3.6566162109375,1.0
2-3-1,Run1,189084076719,3.1229705810546875,3.6715240478515625,1.0
2-3-1,Run1,189084093374,3.12445068359375,3.6758880615234375,1.0
2-3-1,Run1,189084110029,3.16717529296875,3.691741943359375,1.0
2-3-1,Run1,189084126683,3.1656951904296875,3.718215942382813,1.0
2-3-1,Run1,189084143338,3.183746337890625,3.810638427734375,1.0
2-3-1,Run1,189084159993,3.178466796875,3.809417724609375,1.0
2-3-1,Run1,189084176647,3.1781005859375,3.809417724609375,1.0
2-3-1,Run1,189084193302,3.1923828125,3.7297210693359375,1.0
2-3-1,Run1,189084209957,3.202484130859375,3.6500244140625,1.0
2-3-1,Run1,189084226611,3.218170166015625,3.627731323242188,1.0
2-3-1,Run1,189084243266,3.35443115234375,3.5839996337890625,1.0
2-3-1,Run1,189084259921,3.339683024088542,3.588702392578125,0.0
2-3-1,Run1,189084276576,3.324934895833333,3.5934051513671874,0.0
2-3-1,Run1,189084293231,3.310186767578125,3.59810791015625,0.0
2-3-1,Run1,189084309886,3.2954386393229167,3.6028106689453123,0.0
2-3-1,Run1,189084326540,3.2806905110677085,3.607513427734375,0.0
2-3-1,Run1,189084343195,3.2659423828125,3.6122161865234377,0.0
2-3-1,Run1,189084359850,3.2511942545572916,3.6169189453125,0.0
2-3-1,Run1,189084376505,3.2364461263020834,3.6216217041015626,0.0
2-3-1,Run1,189084393159,3.221697998046875,3.626324462890625,0.0
2-3-1,Run1,189084409814,3.2069498697916665,3.6310272216796875,0.0
2-3-1,Run1,189084426469,3.1922017415364583,3.63572998046875,0.0
2-3-1,Run1,189084456512,3.17745361328125,3.6404327392578124,0.0
2-3-1,Run1,189084473167,3.162705485026042,3.645135498046875,0.0
2-3-1,Run1,189084507206,3.147957356770833,3.6498382568359373,0.0
2-3-1,Run1,189084523861,3.133209228515625,3.654541015625,1.0
2-3-1,Run1,189084540515,3.035003662109375,3.562484741210937,1.0
2-3-1,Run1,189084557170,3.03717041015625,3.53997802734375,1.0
2-3-1,Run1,189084573825,3.0151519775390625,3.541732788085937,1.0
2-3-1,Run1,189084590480,2.99737548828125,3.55145263671875,1.0
2-3-1,Run1,189084607134,2.9984588623046875,3.54559326171875,1.0
2-3-1,Run1,189084623789,3.0200653076171875,3.570785522460937,1.0
2-3-1,Run1,189084640444,3.036956787109375,3.549530029296875,1.0
2-3-1,Run1,189084657098,3.06671142578125,3.5693817138671875,1.0
2-3-1,Run1,189084673753,3.206024169921875,3.728546142578125,1.0
2-3-1,Run1,189084690408,3.1900634765625,3.7608795166015625,1.0
2-3-1,Run1,189084707063,3.0643768310546875,3.647979736328125,1.0
2-3-1,Run1,189084723718,3.0730438232421875,3.651947021484375,1.0
2-3-1,Run1,189084740373,3.2056884765625,3.768585205078125,1.0
2-3-1,Run1,189084757027,3.2121124267578125,3.81982421875,1.0
2-3-1,Run1,189084773682,3.090057373046875,3.670928955078125,1.0
2-3-1,Run1,189084790337,3.08685302734375,3.622390747070313,1.0
2-3-1,Run1,189084806991,3.09027099609375,3.691207885742188,1.0
2-3-1,Run1,189084823646,3.073760986328125,3.786331176757813,1.0
2-3-1,Run1,189084840301,3.040985107421875,3.623992919921875,1.0
2-3-1,Run1,189084856956,3.0406646728515625,3.6119537353515625,1.0
2-3-1,Run1,189084873610,3.04144287109375,3.604690551757813,1.0
2-3-1,Run1,189084890265,3.042633056640625,3.5918731689453125,1.0
2-3-1,Run1,189084906921,3.0247802734375,3.597076416015625,1.0
2-3-1,Run1,189084923575,3.0118865966796875,3.5798492431640625,1.0
2-3-1,Run1,189084940230,3.0140533447265625,3.567855834960937,1.0
2-3-1,Run1,189084956885,3.0256805419921875,3.557968139648437,1.0
2-3-1,Run1,189084973539,2.995086669921875,3.47552490234375,1.0
2-3-1,Run1,189084990194,2.8485870361328125,3.3593902587890625,1.0
2-3-1,Run1,189085006849,2.8552010276100854,3.3907470703125,0.0
2-3-1,Run1,189085023503,2.861815019087358,3.4221038818359375,0.0
2-3-1,Run1,189085040158,2.868429010564631,3.453460693359375,0.0
2-3-1,Run1,189085056813,2.8750430020419033,3.4848175048828125,0.0
2-3-1,Run1,189085073467,2.8816569935191763,3.51617431640625,0.0
2-3-1,Run1,189085090122,2.8882709849964487,3.5475311279296875,0.0
2-3-1,Run1,189085106777,2.8948849764737217,3.578887939453125,0.0
2-3-1,Run1,189085123433,2.901498967950994,3.6102447509765625,0.0
2-3-1,Run1,189085140087,2.908112959428267,3.6416015625,0.0
2-3-1,Run1,189085156742,2.9147269509055396,3.6729583740234375,1.0
2-3-1,Run1,189085173397,2.9213409423828125,3.535629272460937,1.0
2-3-1,Run1,189085190051,3.0260772705078125,3.52276611328125,1.0
2-3-1,Run1,189085206706,3.0391998291015625,3.54693603515625,1.0
2-3-1,Run1,189085223361,3.0353240966796875,3.5702362060546875,1.0
2-3-1,Run1,189085240015,3.034576416015625,3.5502471923828125,1.0
2-3-1,Run1,189085256670,3.04559326171875,3.557464599609375,1.0
2-3-1,Run1,189085273325,3.05316162109375,3.594573974609375,1.0
2-3-1,Run1,189085289979,3.03985595703125,3.585311889648437,1.0
2-3-1,Run1,189085306634,3.0409698486328125,3.5786895751953125,1.0
2-3-1,Run1,189085323289,3.0794219970703125,3.62591552734375,1.0
2-3-1,Run1,189085339944,3.09088134765625,3.6500244140625,1.0
2-3-1,Run1,189085356599,3.087005615234375,3.592391967773437,1.0
2-3-1,Run1,189085373254,3.217041015625,3.5581207275390625,1.0
2-3-1,Run1,189085389909,3.2404022216796875,3.5837554931640625,1.0
2-3-1,Run1,189085406563,3.112945556640625,3.604446411132813,1.0
2-3-1,Run1,189085423218,3.1250152587890625,3.5990142822265625,1.0
2-3-1,Run1,189085439873,3.2678680419921875,3.5984039306640625,1.0
2-3-1,Run1,189085456527,3.2313995361328125,3.603561401367188,1.0
2-3-1,Run1,189085473182,3.1491241455078125,3.6131439208984375,1.0
2-3-1,Run1,189085489837,3.178741455078125,3.602325439453125,1.0
2-3-1,Run1,189085506491,3.300399780273437,3.688201904296875,1.0
2-3-1,Run1,189085523146,3.287841796875,3.833343505859375,1.0
2-3-1,Run1,189085539802,3.287841796875,3.6894378662109375,1.0
2-3-1,Run1,189085556456,3.18487548828125,3.6750640869140634,1.0
2-3-1,Run1,189085573111,3.0819091796875,3.668045043945313,1.0
2-3-1,Run1,189085589766,3.17730712890625,3.662399291992188,1.0
2-3-1,Run1,189085606420,3.308990478515625,3.7733001708984375,1.0
2-3-1,Run1,189085623075,3.2958984375,3.797760009765625,1.0
2-3-1,Run1,189085639730,3.2958984375,3.797760009765625,1.0
2-3-1,Run1,189085656385,3.2444000244140625,3.7734476725260415,0.0
2-3-1,Run1,189085673039,3.192901611328125,3.7491353352864585,0.0
2-3-1,Run1,189085689694,3.1414031982421875,3.724822998046875,0.0
2-3-1,Run1,189085706349,3.08990478515625,3.7005106608072915,1.0
2-3-1,Run1,189085723003,3.1856231689453125,3.6761983235677085,1.0
2-3-1,Run1,189085739658,3.16180419921875,3.651885986328125,1.0
2-3-1,Run1,189085756314,3.151580810546875,3.729278564453125,1.0
2-3-1,Run1,189085772968,3.136016845703125,3.7136077880859375,1.0
2-3-1,Run1,189085789623,3.010284423828125,3.620452880859375,1.0
2-3-1,Run1,189085806278,2.989715576171875,3.590118408203125,1.0
2-3-1,Run1,189085822932,3.092803955078125,3.63763427734375,1.0
2-3-1,Run1,189085839587,3.0980987548828125,3.6396484375,1.0
2-3-1,Run1,189085856242,3.1192626953125,3.639556884765625,1.0
2-3-1,Run1,189085872896,3.1105194091796875,3.626663208007813,1.0
2-3-1,Run1,189085889551,3.086166381835937,3.627029418945313,1.0
2-3-1,Run1,189085906206,3.0787506103515625,3.645660400390625,1.0
2-3-1,Run1,189085922861,3.0479888916015625,3.6279296875,1.0
2-3-1,Run1,189085939515,3.0316162109375,3.610870361328125,1.0
2-3-1,Run1,189085956170,3.0588836669921875,3.638259887695313,1.0
2-3-1,Run1,189085972826,3.068344116210937,3.646759033203125,1.0
2-3-1,Run1,189085989480,3.04449462890625,3.613983154296875,1.0
2-3-1,Run1,189086006135,3.04693603515625,3.6737060546875,1.0
2-3-1,Run1,189086022790,3.0549774169921875,3.7304840087890634,1.0
2-3-1,Run1,189086039444,3.1026763916015625,3.7304840087890634,1.0
2-3-1,Run1,189086056099,3.005218505859375,3.6498291015625006,1.0
2-3-1,Run1,189086072754,3.0331802368164062,3.569174194335938,0.0
2-3-1,Run1,189086089408,3.0611419677734375,3.4885192871093755,0.0
2-3-1,Run1,189086106063,3.0891036987304688,3.4078643798828128,0.0
2-3-1,Run1,189086122718,3.1170654296875,3.32720947265625,1.0
2-3-1,Run1,189086139372,3.1450271606445312,3.32720947265625,1.0
2-3-1,Run1,189086156027,3.1729888916015625,3.3072891235351562,1.0
2-3-1,Run1,189086172683,3.059814453125,3.2873687744140625,1.0
2-3-1,Run1,189086189338,3.0508575439453125,3.44732666015625,1.0
2-3-1,Run1,189086205992,3.025985717773437,3.6959381103515625,1.0
2-3-1,Run1,189086222647,3.0310211181640625,3.77099609375,1.0
2-3-1,Run1,189086239302,3.152496337890625,3.617111206054688,1.0
2-3-1,Run1,189086255956,3.134735107421875,3.5889892578125,1.0
2-3-1,Run1,189086272611,3.0172119140625,3.5785675048828125,1.0
2-3-1,Run1,189086289266,3.0314178466796875,3.58642578125,1.0
2-3-1,Run1,189086305920,3.0094146728515625,3.585189819335937,1.0
2-3-1,Run1,189086322575,2.993026733398437,3.564453125,1.0
2-3-1,Run1,189086339230,2.991439819335937,3.584075927734375,1.0
2-3-1,Run1,189086355884,2.991424560546875,3.590194702148437,1.0
2-3-1,Run1,189086372539,2.999237060546875,3.670440673828125,1.0
2-3-1,Run1,189086389195,3.01153564453125,3.725982666015625,1.0
2-3-1,Run1,189086405849,3.150497436523437,3.606277465820313,1.0
2-3-1,Run1,189086422504,3.124008178710937,3.6085205078125,1.0
2-3-1,Run1,189086439159,2.99560546875,3.607009887695313,1.0
2-3-1,Run1,189086455814,3.0003662109375,3.6029205322265625,1.0
2-3-1,Run1,189086472468,3.008453369140625,3.60723876953125,1.0
2-3-1,Run1,189086489123,3.004058837890625,3.6259918212890634,1.0
2-3-1,Run1,189086505778,3.1273956298828125,3.615524291992188,1.0
2-3-1,Run1,189086522432,3.114044189453125,3.5985260009765625,1.0
2-3-1,Run1,189086539088,3.0017242431640625,3.61676025390625,1.0
2-3-1,Run1,189086555743,3.009765625,3.5984649658203125,1.0
2-3-1,Run1,189086572397,3.1322174072265625,3.6716461181640634,1.0
2-3-1,Run1,189086589052,3.1094746309168197,3.585271199544272,0.0
2-3-1,Run1,189086605708,3.086731854607077,3.49889628092448,0.0
2-3-1,Run1,189086622362,3.0639890782973347,3.4125213623046884,0.0
2-3-1,Run1,189086639017,3.041246301987592,3.3261464436848964,0.0
2-3-1,Run1,189086655673,3.018503525677849,3.239771525065105,0.0
2-3-1,Run1,189086672327,2.9957607493681064,3.1533966064453134,0.0
2-3-1,Run1,189086688982,2.9730179730583637,3.0670216878255214,0.0
2-3-1,Run1,189086705637,2.950275196748621,2.9806467692057295,0.0
2-3-1,Run1,189086722292,2.9275324204388786,2.894271850585938,0.0
2-3-1,Run1,189086738946,2.904789644129136,2.8078969319661464,0.0
2-3-1,Run1,189086755602,2.882046867819393,2.7215220133463545,0.0
2-3-1,Run1,189086772257,2.8593040915096504,2.635147094726563,0.0
2-3-1,Run1,189086788911,2.8365613151999076,2.5487721761067714,0.0
2-3-1,Run1,189086805567,2.813818538890165,2.4623972574869795,0.0
2-3-1,Run1,189086822222,2.7910757625804226,2.3760223388671875,0.0
2-3-1,Run1,189086838876,2.76833298627068,2.289647420247396,0.0
2-3-1,Run1,189086855531,2.745590209960937,2.2032725016276045,1.0
2-3-1,Run1,189086872187,2.83807373046875,2.1168975830078125,1.0
2-3-1,Run1,189086888841,2.9018096923828125,2.9012603759765625,1.0
2-3-1,Run1,189086905496,2.98370361328125,3.453125,1.0
2-3-1,Run1,189086922151,3.0717010498046875,3.576446533203125,1.0
2-3-1,Run1,189086938805,3.0729522705078125,3.4775848388671875,1.0
2-3-1,Run1,189086955460,3.0697479248046875,3.374847412109375,1.0
2-3-1,Run1,189086972116,3.062118530273437,3.3877105712890625,1.0
2-3-1,Run1,189086988771,3.070159912109375,3.46307373046875,1.0
2-3-1,Run1,189087005425,3.0686798095703125,3.5059967041015625,1.0
2-3-1,Run1,189087022081,3.081268310546875,3.488555908203125,1.0
2-3-1,Run1,189087038736,3.0788116455078125,3.5031280517578125,1.0
2-3-1,Run1,189087055390,3.080230712890625,3.5741424560546875,1.0
2-3-1,Run1,189087072045,3.08782958984375,3.5291900634765625,1.0
2-3-1,Run1,189087088701,3.076995849609375,3.5258026123046875,1.0
2-3-1,Run1,189087105355,3.063446044921875,3.576644897460937,1.0
2-3-1,Run1,189087122010,3.073760986328125,3.5744171142578125,1.0
2-3-1,Run1,189087138665,3.0684051513671875,3.5324249267578125,1.0
2-3-1,Run1,189087155319,3.05279541015625,3.545379638671875,1.0
2-3-1,Run1,189087171974,3.057723999023437,3.559051513671875,1.0
2-3-1,Run1,189087188630,3.0555877685546875,3.5375518798828125,1.0
2-3-1,Run1,189087205284,3.0286407470703125,3.540267944335937,1.0
2-3-1,Run1,189087221939,3.0059051513671875,3.5424957275390625,1.0
2-3-1,Run1,189087238595,3.004791259765625,3.508026123046875,1.0
2-3-1,Run1,189087255250,2.995697021484375,3.501617431640625,1.0
2-3-1,Run1,189087271904,2.981658935546875,3.51873779296875,1.0
2-3-1,Run1,189087288559,2.9886016845703125,3.461639404296875,1.0
2-3-1,Run1,189087305215,2.962875366210937,3.4302978515625,1.0
2-3-1,Run1,189087321869,2.909454345703125,3.41595458984375,1.0
2-3-1,Run1,189087338524,3.0188140869140625,3.324354553222656,1.0
2-3-1,Run1,189087355179,2.9922393798828124,3.2327545166015623,0.0
2-3-1,Run1,189087371833,2.9656646728515623,3.141154479980469,0.0
2-3-1,Run1,189087388489,2.9390899658203127,3.049554443359375,0.0
2-3-1,Run1,189087405144,2.9125152587890626,2.9579544067382812,0.0
2-3-1,Run1,189087421798,2.8859405517578125,2.8663543701171874,0.0
2-3-1,Run1,189087438454,2.8593658447265624,2.7747543334960936,0.0
2-3-1,Run1,189087455109,2.8327911376953123,2.683154296875,0.0
2-3-1,Run1,189087471763,2.8062164306640627,2.5915542602539063,0.0
2-3-1,Run1,189087488418,2.7796417236328126,2.4999542236328125,1.0
2-3-1,Run1,189087505073,2.7530670166015625,2.51019287109375,1.0
2-3-1,Run1,189087521729,2.8371124267578125,2.9016876220703125,1.0
2-3-1,Run1,189087538383,2.833358764648437,3.3338775634765625,1.0
2-3-1,Run1,189087555038,2.868408203125,3.21136474609375,1.0
2-3-1,Run1,189087571693,2.845306396484375,3.2342529296875,1.0
2-3-1,Run1,189087588347,2.843368530273437,3.3219757080078125,1.0
2-3-1,Run1,189087605003,2.864837646484375,3.322021484375,1.0
2-3-1,Run1,189087621658,2.848617553710937,3.374053955078125,1.0
2-3-1,Run1,189087638312,2.8502197265625,3.35662841796875,1.0
2-3-1,Run1,189087654968,2.876739501953125,3.343658447265625,1.0
2-3-1,Run1,189087671623,2.870086669921875,3.353256225585937,1.0
2-3-1,Run1,189087688277,2.837371826171875,3.3270263671875,1.0
2-3-1,Run1,189087704933,2.82940673828125,3.28839111328125,1.0
2-3-1,Run1,189087721588,2.838851928710937,3.3107452392578125,1.0
2-3-1,Run1,189087738242,2.831405639648437,3.34271240234375,1.0
2-3-1,Run1,189087754897,2.8482666015625,3.353378295898437,1.0
2-3-1,Run1,189087771552,2.8632049560546875,3.350860595703125,1.0
2-3-1,Run1,189087788207,2.8633270263671875,3.3552703857421875,1.0
2-3-1,Run1,189087804861,2.8475799560546875,3.3502960205078125,1.0
2-3-1,Run1,189087821517,2.80816650390625,3.35308837890625,1.0
2-3-1,Run1,189087838172,2.81640625,3.338104248046875,1.0
2-3-1,Run1,189087854826,2.8209228515625,3.33843994140625,1.0
2-3-1,Run1,189087871482,2.792510986328125,3.3453369140625,1.0
2-3-1,Run1,189087888137,2.798675537109375,3.381454467773437,1.0
2-3-1,Run1,189087904791,2.8094482421875,3.3676910400390625,1.0
2-3-1,Run1,189087921447,2.83184814453125,3.3243408203125,1.0
2-3-1,Run1,189087938102,2.811126708984375,3.330657958984375,1.0
2-3-1,Run1,189087954756,2.7968902587890625,3.303573608398437,1.0
2-3-1,Run1,189087971411,2.806625366210937,3.292938232421875,1.0
2-3-1,Run1,189087988066,2.757064819335937,3.2993927001953125,1.0
2-3-1,Run1,189088004720,2.7387237548828125,3.314697265625,1.0
2-3-1,Run1,189088021376,2.7644500732421875,3.3106231689453125,1.0
2-3-1,Run1,189088038031,2.79156494140625,3.2557525634765625,1.0
2-3-1,Run1,189088054686,2.7527618408203125,3.247100830078125,1.0
2-3-1,Run1,189088071341,2.679779052734375,3.2368927001953125,1.0
2-3-1,Run1,189088087996,2.7181396484375,3.2598876953125,1.0
2-3-1,Run1,189088104651,2.752182006835937,3.249984741210937,1.0
2-3-1,Run1,189088121305,2.732574462890625,3.2114410400390625,1.0
2-3-1,Run1,189088137961,2.715576171875,3.193588256835937,1.0
2-3-1,Run1,189088154616,2.7326812744140625,3.186508178710937,1.0
2-3-1,Run1,189088171270,2.746673583984375,3.169784545898437,1.0
2-3-1,Run1,189088187925,2.753021240234375,3.1627960205078125,1.0
2-3-1,Run1,189088204581,2.7294921875,3.197128295898437,1.0
2-3-1,Run1,189088221235,2.6975860595703125,3.171417236328125,1.0
2-3-1,Run1,189088237890,2.69256591796875,3.156845092773437,1.0
2-3-1,Run1,189088254545,2.6978302001953125,3.1889190673828125,1.0
2-3-1,Run1,189088271199,2.707061767578125,3.186248779296875,1.0
2-3-1,Run1,189088287855,2.7047882080078125,3.163970947265625,1.0
2-3-1,Run1,189088304510,2.703964233398437,3.160873413085937,1.0
2-3-1,Run1,189088321165,2.729644775390625,3.1855010986328125,1.0
2-3-1,Run1,189088337820,2.734771728515625,3.218734741210937,1.0
2-3-1,Run1,189088354475,2.72314453125,3.200164794921875,1.0
2-3-1,Run1,189088371130,2.669540405273437,3.268585205078125,1.0
2-3-1,Run1,189088387784,2.438446044921875,3.194782257080078,1.0
2-3-1,Run1,189088404440,2.4653102329799106,3.1209793090820312,0.0
2-3-1,Run1,189088421095,2.4921744210379466,3.0471763610839844,0.0
2-3-1,Run1,189088437749,2.519038609095982,2.9733734130859375,0.0
2-3-1,Run1,189088454404,2.545902797154018,2.8995704650878906,0.0
2-3-1,Run1,189088471059,2.5727669852120534,2.8257675170898438,0.0
2-3-1,Run1,189088487713,2.5996311732700894,2.751964569091797,0.0
2-3-1,Run1,189088504369,2.626495361328125,2.67816162109375,1.0
2-3-1,Run1,189088521025,2.626495361328125,3.0418701171875,1.0
2-3-1,Run1,189088537679,2.705963134765625,3.193695068359375,1.0
2-3-1,Run1,189088554334,2.81463623046875,3.077789306640625,1.0
2-3-1,Run1,189088570989,2.8157501220703125,3.2265625,1.0
2-3-1,Run1,189088587644,2.8534393310546875,3.2736053466796875,1.0
2-3-1,Run1,189088604298,2.8587646484375,3.2935028076171875,1.0
2-3-1,Run1,189088620954,2.869598388671875,3.331329345703125,1.0
2-3-1,Run1,189088637609,2.8882598876953125,3.34881591796875,1.0
2-3-1,Run1,189088654263,2.8819580078125,3.3507537841796875,1.0
2-3-1,Run1,189088670918,2.9054412841796875,3.3704071044921875,1.0
2-3-1,Run1,189088687574,2.920639038085937,3.365753173828125,1.0
2-3-1,Run1,189088704228,2.9368438720703125,3.3651275634765625,1.0
2-3-1,Run1,189088720884,2.9440460205078125,3.386627197265625,1.0
2-3-1,Run1,189088737539,2.9444732666015625,3.3970947265625,1.0
2-3-1,Run1,189088754193,2.9552764892578125,3.386383056640625,1.0
2-3-1,Run1,189088770848,2.945053100585937,3.40008544921875,1.0
2-3-1,Run1,189088787503,2.9322052001953125,3.3943634033203125,1.0
2-3-1,Run1,189088804157,2.9381866455078125,3.392196655273437,1.0
2-3-1,Run1,189088820813,2.9501495361328125,3.4056549072265625,1.0
2-3-1,Run1,189088837468,2.931121826171875,3.393280029296875,1.0
2-3-1,Run1,189088854123,2.911041259765625,3.3623504638671875,1.0
2-3-1,Run1,189088870777,2.876953125,3.3396148681640625,1.0
2-3-1,Run1,189088887433,2.85015869140625,3.399642944335937,1.0
2-3-1,Run1,189088904088,2.852752685546875,3.3695831298828125,1.0
2-3-1,Run1,189088920742,2.8604736328125,3.316558837890625,1.0
2-3-1,Run1,189088937398,2.815643310546875,3.3141326904296875,1.0
2-3-1,Run1,189088954053,2.7910614013671875,3.3009490966796875,1.0
2-3-1,Run1,189088970707,2.805816650390625,3.2859649658203125,1.0
2-3-1,Run1,189088987362,2.80322265625,3.2638702392578125,1.0
2-3-1,Run1,189089004017,2.817123413085937,3.263946533203125,1.0
2-3-1,Run1,189089020672,2.827789306640625,3.3007965087890625,1.0
2-3-1,Run1,189089037327,2.807037353515625,3.319122314453125,1.0
2-3-1,Run1,189089053982,2.790863037109375,3.2921142578125,1.0
2-3-1,Run1,189089070636,2.782943725585937,3.2784423828125,1.0
2-3-1,Run1,189089087292,2.771102905273437,3.2743682861328125,1.0
2-3-1,Run1,189089103947,2.909942626953125,3.3661041259765625,1.0
2-3-1,Run1,189089120602,2.8738052368164064,3.328291575113932,0.0
2-3-1,Run1,189089137257,2.8376678466796874,3.2904790242513022,0.0
2-3-1,Run1,189089153912,2.8015304565429684,3.252666473388672,0.0
2-3-1,Run1,189089170567,2.76539306640625,3.2148539225260415,0.0
2-3-1,Run1,189089187222,2.7292556762695312,3.1770413716634116,0.0
2-3-1,Run1,189089203877,2.6931182861328122,3.1392288208007812,0.0
2-3-1,Run1,189089220532,2.656980895996093,3.101416269938151,0.0
2-3-1,Run1,189089237186,2.6208435058593746,3.063603719075521,0.0
2-3-1,Run1,189089253841,2.584706115722656,3.0257911682128906,0.0
2-3-1,Run1,189089270496,2.548568725585937,2.9879786173502603,1.0
2-3-1,Run1,189089287151,2.548568725585937,2.9501660664876304,1.0
2-3-1,Run1,189089303806,2.627960205078125,2.912353515625,1.0
2-3-1,Run1,189089320461,2.72686767578125,3.108551025390625,1.0
2-3-1,Run1,189089337115,2.740692138671875,3.2186279296875,1.0
2-3-1,Run1,189089353771,2.749984741210937,3.2074737548828125,1.0
2-3-1,Run1,189089370426,2.7277069091796875,3.2113494873046875,1.0
2-3-1,Run1,189089387082,2.758941650390625,3.232284545898437,1.0
2-3-1,Run1,189089403736,2.74688720703125,3.24444580078125,1.0
2-3-1,Run1,189089420391,2.73736572265625,3.246322631835937,1.0
2-3-1,Run1,189089437046,2.7600860595703125,3.224365234375,1.0
2-3-1,Run1,189089453700,2.750335693359375,3.2215728759765625,1.0
2-3-1,Run1,189089470355,2.76007080078125,3.22802734375,1.0
2-3-1,Run1,189089487011,2.7611541748046875,3.237548828125,1.0
2-3-1,Run1,189089503665,2.774932861328125,3.256332397460937,1.0
2-3-1,Run1,189089520320,2.8150634765625,3.267303466796875,1.0
2-3-1,Run1,189089536976,2.818511962890625,3.2578277587890625,1.0
2-3-1,Run1,189089553630,2.82879638671875,3.259506225585937,1.0
2-3-1,Run1,189089570285,2.8291473388671875,3.263580322265625,1.0
2-3-1,Run1,189089586941,2.816650390625,3.2576446533203125,1.0
2-3-1,Run1,189089603595,2.7959442138671875,3.284774780273437,1.0
2-3-1,Run1,189089620250,2.7831573486328125,3.2795867919921875,1.0
2-3-1,Run1,189089636905,2.795623779296875,3.264495849609375,1.0
2-3-1,Run1,189089653560,2.796875,3.234970092773437,1.0
2-3-1,Run1,189089670214,2.791961669921875,3.25091552734375,1.0
2-3-1,Run1,189089686870,2.795883178710937,3.2979278564453125,1.0
2-3-1,Run1,189089703525,2.8009185791015625,3.277252197265625,1.0
2-3-1,Run1,189089720179,2.7776641845703125,3.2493438720703125,1.0
2-3-1,Run1,189089736835,2.772933959960937,3.24127197265625,1.0
2-3-1,Run1,189089753490,2.7894439697265625,3.2339019775390625,1.0
2-3-1,Run1,189089770144,2.785675048828125,3.237167358398437,1.0
2-3-1,Run1,189089786799,2.797103881835937,3.259857177734375,1.0
2-3-1,Run1,189089803455,2.7789306640625,3.219711303710937,1.0
2-3-1,Run1,189089820109,2.7633819580078125,3.1827392578125,1.0
2-3-1,Run1,189089836764,2.75927734375,3.187606811523437,1.0
2-3-1,Run1,189089853420,2.755126953125,3.2099151611328125,1.0
2-3-1,Run1,189089870074,2.759384155273437,3.2244415283203125,1.0
2-3-1,Run1,189089886729,2.7442779541015625,3.226303100585937,1.0
2-3-1,Run1,189089903384,2.7296142578125,3.2406158447265625,1.0
2-3-1,Run1,189089920039,2.73284912109375,3.212615966796875,1.0
2-3-1,Run1,189089936694,2.758529663085937,3.185089111328125,1.0
2-3-1,Run1,189089953349,2.7580718994140625,3.2047576904296875,1.0
2-3-1,Run1,189089970004,2.730194091796875,3.192962646484375,1.0
2-3-1,Run1,189089986658,2.792144775390625,3.204010009765625,1.0
2-3-1,Run1,189090003314,2.7430572509765625,3.204376220703125,1.0
2-3-1,Run1,189090019969,2.6997222900390625,3.187347412109375,1.0
2-3-1,Run1,189090036624,2.9298095703125,3.16796875,1.0
2-3-1,Run1,189090053279,2.907943725585937,3.1808013916015625,1.0
2-3-1,Run1,189090069934,2.74688720703125,3.1947021484375,1.0
2-3-1,Run1,189090086588,2.763824462890625,3.20379638671875,1.0
2-3-1,Run1,189090103243,2.7327423095703125,3.202117919921875,1.0
2-3-1,Run1,189090119898,2.763092041015625,3.2310028076171875,1.0
2-3-1,Run1,189090136553,2.766845703125,3.2427978515625,1.0
2-3-1,Run1,189090153208,2.751129150390625,3.233749389648437,1.0
2-3-1,Run1,189090169863,2.774887084960937,3.257537841796875,1.0
2-3-1,Run1,189090186519,2.7842559814453125,3.2591552734375,1.0
2-3-1,Run1,189090203173,2.8027496337890625,3.2666168212890625,1.0
2-3-1,Run1,189090219828,2.8052978515625,3.22857666015625,1.0
2-3-1,Run1,189090236484,2.815032958984375,3.219970703125,1.0
2-3-1,Run1,189090253138,2.806427001953125,3.2221221923828125,1.0
2-3-1,Run1,189090269793,2.81756591796875,3.229095458984375,1.0
2-3-1,Run1,189090286448,2.8358154296875,3.2573699951171875,1.0
2-3-1,Run1,189090303102,2.8411407470703125,3.287750244140625,1.0
2-3-1,Run1,189090319757,2.823272705078125,3.265045166015625,1.0
2-3-1,Run1,189090336413,2.8510894775390625,3.2979278564453125,1.0
2-3-1,Run1,189090353068,2.886016845703125,3.329376220703125,1.0
2-3-1,Run1,189090369723,2.887481689453125,3.3099822998046875,1.0
2-3-1,Run1,189090386378,2.878753662109375,3.316070556640625,1.0
2-3-1,Run1,189090403032,2.872299194335937,3.319091796875,1.0
2-3-1,Run1,189090419687,2.8967437744140625,3.31353759765625,1.0
2-3-1,Run1,189090436343,2.94427490234375,3.3288116455078125,1.0
2-3-1,Run1,189090452998,2.9518280029296875,3.338729858398437,1.0
2-3-1,Run1,189090469652,2.9507293701171875,3.3510284423828125,1.0
2-3-1,Run1,189090486307,2.948226928710937,3.35455322265625,1.0
2-3-1,Run1,189090502962,2.963165283203125,3.361724853515625,1.0
2-3-1,Run1,189090519617,3.0009765625,3.3922882080078125,1.0
2-3-1,Run1,189090536272,2.9939727783203125,3.420379638671875,1.0
2-3-1,Run1,189090552928,2.995025634765625,3.4177398681640625,1.0
2-3-1,Run1,189090569582,3.032989501953125,3.5433349609375,1.0
2-3-1,Run1,189090586237,3.0283203125,3.601165771484375,1.0
2-3-1,Run1,189090602892,3.0518035888671875,3.4574737548828125,1.0
2-3-1,Run1,189090619546,3.0699005126953125,3.4618377685546875,1.0
2-3-1,Run1,189090636202,3.0896453857421875,3.510284423828125,1.0
2-3-1,Run1,189090652857,3.099594116210937,3.49810791015625,1.0
2-3-1,Run1,189090669511,3.104278564453125,3.4751434326171875,1.0
2-3-1,Run1,189090686167,3.123764038085937,3.4751129150390625,1.0
2-3-1,Run1,189090702822,3.128662109375,3.48193359375,1.0
2-3-1,Run1,189090719477,3.12371826171875,3.489501953125,1.0
2-3-1,Run1,189090736131,3.3211212158203125,3.6020965576171875,1.0
2-3-1,Run1,189090752787,3.2791748046875,3.664154052734375,1.0
2-3-1,Run1,189090769442,3.2791748046875,3.664154052734375,1.0
2-3-1,Run1,189090786096,3.1207962036132812,3.567779541015625,0.0
2-3-1,Run1,189090802751,2.9624176025390625,3.471405029296875,1.0
2-3-1,Run1,189090819406,3.112533569335937,3.5562896728515625,1.0
2-3-1,Run1,189090836061,3.13262939453125,3.559173583984375,1.0
2-3-1,Run1,189090852717,3.1265106201171875,3.556625366210937,1.0
2-3-1,Run1,189090869372,3.319076538085937,3.56024169921875,1.0
2-3-1,Run1,189090886026,3.252685546875,3.552154541015625,1.0
2-3-1,Run1,189090902681,3.105575561523437,3.56414794921875,1.0
2-3-1,Run1,189090919336,3.11920166015625,3.580474853515625,1.0
2-3-1,Run1,189090935991,3.2910308837890625,3.7193450927734375,1.0
2-3-1,Run1,189090952646,3.3266754150390625,3.730499267578125,1.0
2-3-1,Run1,189090969301,3.137680053710937,3.601715087890625,1.0
2-3-1,Run1,189090985956,3.110443115234375,3.593124389648437,1.0
2-3-1,Run1,189091002610,3.1109771728515625,3.58251953125,1.0
2-3-1,Run1,189091019266,3.140243530273437,3.5901031494140625,1.0
2-3-1,Run1,189091035922,3.152252197265625,3.62847900390625,1.0
2-3-1,Run1,189091052576,3.147552490234375,3.623260498046875,1.0
2-3-1,Run1,189091069231,3.1648712158203125,3.6245269775390634,1.0
2-3-1,Run1,189091085886,3.182968139648437,3.644866943359375,1.0
2-3-1,Run1,189091102540,3.367034912109375,3.77032470703125,1.0
2-3-1,Run1,189091119195,3.3413848876953125,3.772796630859375,1.0
2-3-1,Run1,189091135851,3.185272216796875,3.772796630859375,1.0
2-3-1,Run1,189091152505,3.201416015625,3.704399108886719,1.0
2-3-1,Run1,189091169161,3.2234649658203125,3.6360015869140634,1.0
2-3-1,Run1,189091185816,3.2078857421875,3.70330810546875,1.0
2-3-1,Run1,189091202470,3.3474884033203125,3.8287353515625,1.0
2-3-1,Run1,189091219125,3.409042358398437,3.815216064453125,1.0
2-3-1,Run1,189091235781,3.2638397216796875,3.7022705078125,1.0
2-3-1,Run1,189091252436,3.2648162841796875,3.719924926757813,1.0
2-3-1,Run1,189091269090,3.2589111328125,3.868453979492188,1.0
2-3-1,Run1,189091285745,3.2900848388671875,3.813507080078125,1.0
2-3-1,Run1,189091302400,3.4823150634765625,3.813507080078125,1.0
2-3-1,Run1,189091319054,3.4129638671875,3.8948822021484375,1.0
2-3-1,Run1,189091335711,3.27984619140625,3.777389526367188,1.0
2-3-1,Run1,189091352366,3.290390014648437,3.768402099609375,1.0
2-3-1,Run1,189091369020,3.4424591064453125,3.864654541015625,1.0
2-3-1,Run1,189091385675,3.4705810546875,3.86639404296875,1.0
2-3-1,Run1,189091402330,3.316680908203125,3.768753051757813,1.0
2-3-1,Run1,189091418984,3.3309783935546875,3.78033447265625,1.0
2-3-1,Run1,189091435640,3.33050537109375,3.8101806640625,1.0
2-3-1,Run1,189091452295,3.331573486328125,3.800979614257813,1.0
2-3-1,Run1,189091468949,3.35833740234375,3.79486083984375,1.0
2-3-1,Run1,189091485604,3.345123291015625,3.817825317382813,1.0
2-3-1,Run1,189091502260,3.347747802734375,3.924530029296875,1.0
2-3-1,Run1,189091518915,3.3457794189453125,3.8569488525390634,1.0
2-3-1,Run1,189091535569,3.3392791748046875,3.789962768554688,1.0
2-3-1,Run1,189091552224,3.3372802734375,3.8155517578125,1.0
2-3-1,Run1,189091568879,3.3397979736328125,3.842453002929688,1.0
2-3-1,Run1,189091585533,3.3524932861328125,3.840652465820313,1.0
2-3-1,Run1,189091602188,3.3503570556640625,3.921661376953125,1.0
2-3-1,Run1,189091618843,3.358505249023437,3.9160003662109375,1.0
2-3-1,Run1,189091635497,3.3538818359375,3.823516845703125,1.0
2-3-1,Run1,189091652152,3.345611572265625,3.82891845703125,1.0
2-3-1,Run1,189091668808,3.3604736328125,3.787567138671875,1.0
2-3-1,Run1,189091685462,3.211410522460937,3.700225830078125,1.0
2-3-1,Run1,189091702117,3.060760498046875,3.7074712117513022,1.0
2-3-1,Run1,189091718772,3.0869572957356772,3.7147165934244795,0.0
2-3-1,Run1,189091735426,3.113154093424479,3.7219619750976562,0.0
2-3-1,Run1,189091752081,3.1393508911132812,3.7292073567708335,0.0
2-3-1,Run1,189091768736,3.1655476888020835,3.7364527384440107,0.0
2-3-1,Run1,189091785391,3.1917444864908853,3.743698120117188,1.0
2-3-1,Run1,189091802045,3.2179412841796875,3.743698120117188,1.0
2-3-1,Run1,189091818700,3.320297241210937,4.093231201171875,1.0
2-3-1,Run1,189091835356,3.34759521484375,4.093231201171875,1.0
2-3-1,Run1,189091852010,3.362045288085937,3.900177001953125,1.0
2-3-1,Run1,189091868665,3.3797149658203125,3.800750732421875,1.0
2-3-1,Run1,189091885320,3.384918212890625,3.818817138671875,1.0
2-3-1,Run1,189091901974,3.379730224609375,3.838790893554688,1.0
2-3-1,Run1,189091918629,3.3784637451171875,3.869659423828125,1.0
2-3-1,Run1,189091935284,3.532989501953125,3.8801116943359375,1.0
2-3-1,Run1,189091951938,3.559432983398437,3.8633880615234375,1.0
2-3-1,Run1,189091968593,3.3924713134765625,3.873565673828125,1.0
2-3-1,Run1,189091985248,3.3888092041015625,3.873580932617188,1.0
2-3-1,Run1,189092001903,3.4062042236328125,3.888397216796875,1.0
2-3-1,Run1,189092018558,3.408111572265625,3.881271362304688,1.0
2-3-1,Run1,189092035213,3.5578155517578125,3.979766845703125,1.0
2-3-1,Run1,189092051868,3.532470703125,3.95965576171875,1.0
2-3-1,Run1,189092068522,3.4084014892578125,3.885284423828125,1.0
2-3-1,Run1,189092085177,3.41876220703125,3.887649536132813,1.0
2-3-1,Run1,189092101832,3.5592803955078125,3.96612548828125,1.0
2-3-1,Run1,189092118486,3.5649871826171875,3.9933929443359375,1.0
2-3-1,Run1,189092135141,3.42498779296875,3.898223876953125,1.0
2-3-1,Run1,189092151796,3.418670654296875,3.8943939208984375,1.0
2-3-1,Run1,189092168451,3.4040679931640625,3.90386962890625,1.0
2-3-1,Run1,189092185106,3.3972625732421875,3.903854370117188,1.0
2-3-1,Run1,189092201761,3.3860626220703125,3.8893890380859375,1.0
2-3-1,Run1,189092218415,3.3739776611328125,3.883956909179688,1.0
2-3-1,Run1,189092235070,3.3726348876953125,3.8591156005859375,1.0
2-3-1,Run1,189092251725,3.38140869140625,3.814041137695313,1.0
2-3-1,Run1,189092268379,3.3739776611328125,3.834716796875,1.0
2-3-1,Run1,189092285034,3.359344482421875,3.8698883056640634,1.0
2-3-1,Run1,189092301689,3.338531494140625,3.8469390869140634,1.0
2-3-1,Run1,189092318344,3.336898803710937,3.8477630615234375,1.0
2-3-1,Run1,189092334999,3.344482421875,3.8447265625,1.0
2-3-1,Run1,189092351654,3.3334197998046875,3.837203979492188,1.0
2-3-1,Run1,189092368309,3.332122802734375,3.8293609619140634,1.0
2-3-1,Run1,189092384963,3.3212890625,3.822189331054688,1.0
2-3-1,Run1,189092401618,3.3141021728515625,3.8262939453125,1.0
2-3-1,Run1,189092418273,3.322494506835937,3.836990356445313,1.0
2-3-1,Run1,189092434927,3.318710327148437,3.837600708007813,1.0
2-3-1,Run1,189092451582,3.3111572265625,3.8187255859375,1.0
2-3-1,Run1,189092468237,3.3056793212890625,3.7934417724609375,1.0
2-3-1,Run1,189092484891,3.3002166748046875,3.806594848632813,1.0
2-3-1,Run1,189092501547,3.287460327148437,3.812057495117188,1.0
2-3-1,Run1,189092518202,3.3002166748046875,3.80609130859375,1.0
2-3-1,Run1,189092534856,3.4550323486328125,3.812103271484375,1.0
2-3-1,Run1,189092551511,3.4497833251953125,3.8209228515625,1.0
2-3-1,Run1,189092568166,3.32244873046875,3.9241943359375,1.0
2-3-1,Run1,189092584821,3.324676513671875,3.96331787109375,1.0
2-3-1,Run1,189092601475,3.44512939453125,3.96331787109375,1.0
2-3-1,Run1,189092618130,3.473114013671875,3.998870849609375,1.0
2-3-1,Run1,189092634785,3.389739990234375,3.9061431884765625,1.0
2-3-1,Run1,189092651439,3.392181396484375,3.89105224609375,1.0
2-3-1,Run1,189092668095,3.383056640625,3.9520416259765625,1.0
2-3-1,Run1,189092684750,3.3943328857421875,3.992141723632813,1.0
2-3-1,Run1,189092701404,3.4073638916015625,3.992141723632813,1.0
2-3-1,Run1,189092718059,3.393539428710937,3.979258219401042,1.0
2-3-1,Run1,189092734714,3.393096923828125,3.9663747151692714,1.0
2-3-1,Run1,189092751368,3.4207305908203125,3.9534912109375004,1.0
2-3-1,Run1,189092768023,3.5363922119140625,3.9406077067057295,1.0
2-3-1,Run1,189092784678,3.4756317138671875,3.927724202473959,1.0
2-3-1,Run1,189092801332,3.375961303710937,3.914840698242188,1.0
2-3-1,Run1,189092817987,3.3803863525390625,3.95452880859375,1.0
2-3-1,Run1,189092834643,3.3875885009765625,3.948928833007813,1.0
2-3-1,Run1,189092851298,3.3778228759765625,3.968673706054688,1.0
2-3-1,Run1,189092867952,3.37939453125,3.979217529296875,1.0
2-3-1,Run1,189092884607,3.389511108398437,3.975906372070313,1.0
2-3-1,Run1,189092901262,3.37603759765625,3.9775543212890634,1.0
2-3-1,Run1,189092917916,3.3905029296875,3.96148681640625,1.0
2-3-1,Run1,189092934571,3.397979736328125,3.9708251953125,1.0
2-3-1,Run1,189092951226,3.3682403564453125,3.9846343994140634,1.0
2-3-1,Run1,189092967880,3.2979736328125,4.0570220947265625,1.0
2-3-1,Run1,189092984535,3.1659088134765625,3.906167984008789,1.0
2-3-1,Run1,189093001191,3.1310642787388394,3.7553138732910156,0.0
2-3-1,Run1,189093017845,3.096219744001116,3.604459762573242,0.0
2-3-1,Run1,189093034500,3.061375209263393,3.4536056518554688,0.0
2-3-1,Run1,189093051155,3.0265306745256697,3.3027515411376953,0.0
2-3-1,Run1,189093067809,2.9916861397879466,3.151897430419922,0.0
2-3-1,Run1,189093084464,2.956841605050223,3.0010433197021484,0.0
2-3-1,Run1,189093101119,2.9219970703125,2.850189208984375,1.0
2-3-1,Run1,189093117774,3.079071044921875,3.3823699951171875,1.0
2-3-1,Run1,189093134428,3.1873016357421875,3.7479095458984375,1.0
2-3-1,Run1,189093151083,3.23699951171875,3.69598388671875,1.0
2-3-1,Run1,189093167739,3.2234649658203125,3.715744018554688,1.0
2-3-1,Run1,189093184393,3.2403106689453125,3.769454956054688,1.0
2-3-1,Run1,189093201048,3.254791259765625,3.744049072265625,1.0
2-3-1,Run1,189093217703,3.24700927734375,3.601181030273437,1.0
2-3-1,Run1,189093234357,3.387054443359375,1.635833740234375,1.0
2-3-1,Run1,189093251012,3.3841334751674106,1.635833740234375,1.0
2-3-1,Run1,189093267667,3.3812125069754466,1.7821075439453125,0.0
2-3-1,Run1,189093284321,3.378291538783482,1.92838134765625,0.0
2-3-1,Run1,189093300976,3.375370570591518,2.0746551513671876,0.0
2-3-1,Run1,189093317631,3.3724496023995534,2.220928955078125,0.0
2-3-1,Run1,189093334286,3.3695286342075894,2.3672027587890625,0.0
2-3-1,Run1,189093350941,3.366607666015625,2.5134765625,0.0
2-3-1,Run1,189093367596,3.3636866978236606,2.659750366210938,0.0
2-3-1,Run1,189093384251,3.3607657296316966,2.806024169921875,0.0
2-3-1,Run1,189093400905,3.357844761439732,2.9522979736328123,0.0
2-3-1,Run1,189093417560,3.354923793247768,3.09857177734375,0.0
2-3-1,Run1,189093434215,3.3520028250558034,3.2448455810546877,0.0
2-3-1,Run1,189093450869,3.3490818568638394,3.3911193847656254,0.0
2-3-1,Run1,189093467524,3.346160888671875,3.5373931884765626,1.0
2-3-1,Run1,189093484179,3.4101104736328125,3.6836669921875003,1.0
2-3-1,Run1,189093500834,3.4216766357421875,3.8299407958984375,1.0
2-3-1,Run1,189093517489,3.436676025390625,3.941986083984375,1.0
2-3-1,Run1,189093534144,3.4403228759765625,3.971160888671875,1.0
2-3-1,Run1,189093550798,3.4639892578125,3.9295806884765625,1.0
2-3-1,Run1,189093567453,3.4972381591796875,3.939743041992188,1.0
2-3-1,Run1,189093584108,3.5023956298828125,3.9668121337890634,1.0
2-3-1,Run1,189093600762,3.50518798828125,3.9755859375,1.0
2-3-1,Run1,189093617417,3.5063629150390625,3.9540863037109375,1.0
2-3-1,Run1,189093634072,3.5216217041015625,3.949386596679688,1.0
2-3-1,Run1,189093650727,3.52655029296875,3.9614105224609375,1.0
2-3-1,Run1,189093667382,3.536285400390625,3.97369384765625,1.0
2-3-1,Run1,189093684037,3.548080444335937,3.9695892333984375,1.0
2-3-1,Run1,189093700692,3.5536346435546875,3.987014770507813,1.0
2-3-1,Run1,189093717346,3.55242919921875,3.99359130859375,1.0
2-3-1,Run1,189093734001,3.557159423828125,4.000167846679688,1.0
2-3-1,Run1,189093750656,3.5582733154296875,4.0062408447265625,1.0
2-3-1,Run1,189093767310,3.5467987060546875,3.994049072265625,1.0
2-3-1,Run1,189093783965,3.523681640625,4.01287841796875,1.0
2-3-1,Run1,189093800620,3.613555908203125,4.12786865234375,1.0
2-3-1,Run1,189093817274,3.5873565673828125,3.9116036551339284,0.0
2-3-1,Run1,189093833930,3.5611572265625,3.695338657924107,0.0
2-3-1,Run1,189093850585,3.5349578857421875,3.4790736607142856,0.0
2-3-1,Run1,189093867239,3.508758544921875,3.2628086635044644,0.0
2-3-1,Run1,189093883894,3.4825592041015625,3.046543666294643,0.0
2-3-1,Run1,189093900549,3.45635986328125,2.830278669084821,0.0
2-3-1,Run1,189093917204,3.4301605224609375,2.614013671875,1.0
2-3-1,Run1,189093933858,3.403961181640625,2.614013671875,1.0
2-3-1,Run1,189093950513,3.3777618408203125,3.0866241455078125,1.0
2-3-1,Run1,189093967168,3.2833709716796875,3.559234619140625,1.0
2-3-1,Run1,189093983822,3.3706817626953125,4.0318450927734375,1.0
2-3-1,Run1,189094000478,3.41473388671875,3.804443359375,1.0
2-3-1,Run1,189094017133,3.3770904541015625,3.79107666015625,1.0
2-3-1,Run1,189094033787,3.3578643798828125,3.8466796875,1.0
2-3-1,Run1,189094050442,3.3570709228515625,3.837127685546875,1.0
2-3-1,Run1,189094067097,3.454010009765625,3.9662933349609375,1.0
2-3-1,Run1,189094083751,3.499053955078125,3.99444580078125,1.0
2-3-1,Run1,189094100406,3.35919189453125,3.8624267578125,1.0
2-3-1,Run1,189094117061,3.3509521484375,3.833709716796875,1.0
2-3-1,Run1,189094133715,3.357406616210937,3.835235595703125,1.0
2-3-1,Run1,189094150370,3.3660430908203125,3.8285064697265625,1.0
2-3-1,Run1,189094167026,3.367156982421875,3.8273773193359375,1.0
2-3-1,Run1,189094183681,3.3634796142578125,3.80572509765625,1.0
2-3-1,Run1,189094200335,3.350189208984375,3.791915893554688,1.0
2-3-1,Run1,189094216990,3.353790283203125,3.811798095703125,1.0
2-3-1,Run1,189094233645,3.5009307861328125,3.88653564453125,1.0
2-3-1,Run1,189094250299,3.512557983398437,3.903076171875,1.0
2-3-1,Run1,189094266954,3.369354248046875,3.8011627197265625,1.0
2-3-1,Run1,189094283609,3.34539794921875,3.80810546875,1.0
2-3-1,Run1,189094300263,3.3390655517578125,3.818389892578125,1.0
2-3-1,Run1,189094316918,3.341659545898437,3.805587768554688,1.0
2-3-1,Run1,189094333574,3.46826171875,3.880172729492188,1.0
2-3-1,Run1,189094350228,3.4628448486328125,3.84246826171875,1.0
2-3-1,Run1,189094366883,3.323593139648437,3.793991088867188,1.0
2-3-1,Run1,189094383538,3.3277130126953125,3.794723510742188,1.0
2-3-1,Run1,189094400192,3.30902099609375,3.785491943359375,1.0
2-3-1,Run1,189094416847,3.278778076171875,3.7850494384765625,1.0
2-3-1,Run1,189094433502,3.402862548828125,3.8487701416015625,1.0
2-3-1,Run1,189094450157,3.378431701660156,3.8099288940429688,0.0
2-3-1,Run1,189094466811,3.3540008544921873,3.771087646484375,0.0
2-3-1,Run1,189094483467,3.3295700073242185,3.7322463989257812,0.0
2-3-1,Run1,189094500122,3.3051391601562496,3.6934051513671875,0.0
2-3-1,Run1,189094516776,3.2807083129882812,3.6545639038085938,0.0
2-3-1,Run1,189094533431,3.2562774658203124,3.61572265625,0.0
2-3-1,Run1,189094550086,3.2318466186523436,3.5768814086914062,0.0
2-3-1,Run1,189094566740,3.2074157714843747,3.5380401611328125,0.0
2-3-1,Run1,189094583395,3.182984924316406,3.4991989135742188,0.0
2-3-1,Run1,189094600050,3.158554077148437,3.460357666015625,1.0
2-3-1,Run1,189094616704,3.239227294921875,3.615158081054688,1.0
2-3-1,Run1,189094633359,3.25494384765625,3.8729095458984375,1.0
2-3-1,Run1,189094650015,3.2678375244140625,3.8979339599609375,1.0
2-3-1,Run1,189094666669,3.259674072265625,3.765411376953125,1.0
2-3-1,Run1,189094683324,3.27740478515625,3.738677978515625,1.0
2-3-1,Run1,189094699979,3.3027496337890625,3.7506103515625,1.0
2-3-1,Run1,189094716634,3.303131103515625,3.76275634765625,1.0
2-3-1,Run1,189094733288,3.4139404296875,3.85595703125,1.0
2-3-1,Run1,189094749943,3.4727020263671875,3.858810424804688,1.0
2-3-1,Run1,189094766598,3.334823608398437,3.7650146484375,1.0
2-3-1,Run1,189094783252,3.32958984375,3.765090942382813,1.0
2-3-1,Run1,189094799907,3.3276519775390625,3.76617431640625,1.0
2-3-1,Run1,189094816563,3.323883056640625,3.7674560546875,1.0
2-3-1,Run1,189094833217,3.349227905273437,3.792694091796875,1.0
2-3-1,Run1,189094849872,3.368759155273437,3.7825927734375,1.0
2-3-1,Run1,189094866527,3.3686981201171875,3.776336669921875,1.0
2-3-1,Run1,189094883181,3.3550567626953125,3.8139801025390634,1.0
2-3-1,Run1,189094899836,3.3408966064453125,3.764068603515625,1.0
2-3-1,Run1,189094916491,3.337890625,3.633026123046875,1.0
2-3-1,Run1,189094933145,3.480499267578125,3.4946746826171875,1.0
2-3-1,Run1,189094949800,3.4145050048828125,3.486676025390625,0.0
2-3-1,Run1,189094966455,3.3485107421875,3.4786773681640626,0.0
2-3-1,Run1,189094983111,3.2825164794921875,3.4706787109375,0.0
2-3-1,Run1,189094999765,3.216522216796875,3.4626800537109377,0.0
2-3-1,Run1,189095016420,3.1505279541015625,3.454681396484375,0.0
2-3-1,Run1,189095033075,3.08453369140625,3.4466827392578123,0.0
2-3-1,Run1,189095049729,3.0185394287109375,3.43868408203125,0.0
2-3-1,Run1,189095066384,2.952545166015625,3.4306854248046874,1.0
2-3-1,Run1,189095083039,3.2035675048828125,3.422686767578125,1.0
2-3-1,Run1,189095099693,3.2559967041015625,3.4146881103515625,1.0
2-3-1,Run1,189095116348,3.23602294921875,3.575790405273437,1.0
2-3-1,Run1,189095133003,3.24639892578125,3.69140625,1.0
2-3-1,Run1,189095149658,3.2413787841796875,3.688140869140625,1.0
2-3-1,Run1,189095166313,3.235092163085937,3.717361450195313,1.0
2-3-1,Run1,189095182968,3.26171875,3.72235107421875,1.0
2-3-1,Run1,189095199622,3.265228271484375,3.7228851318359375,1.0
2-3-1,Run1,189095216277,3.273101806640625,3.722198486328125,1.0
2-3-1,Run1,189095232932,3.413314819335937,3.842742919921875,1.0
2-3-1,Run1,189095249587,3.419296264648437,3.787384033203125,1.0
2-3-1,Run1,189095266241,3.261932373046875,3.700393676757813,1.0
2-3-1,Run1,189095282896,3.277816772460937,3.710159301757813,1.0
2-3-1,Run1,189095299551,3.2968292236328125,3.7331390380859375,1.0
2-3-1,Run1,189095316206,3.289520263671875,3.7510833740234375,1.0
2-3-1,Run1,189095332861,3.29461669921875,3.753204345703125,1.0
2-3-1,Run1,189095349516,3.29010009765625,3.75732421875,1.0
2-3-1,Run1,189095366170,3.296371459960937,3.77227783203125,1.0
2-3-1,Run1,189095382825,3.307830810546875,3.7580718994140634,1.0
2-3-1,Run1,189095399480,3.319976806640625,3.766754150390625,1.0
2-3-1,Run1,189095416134,3.3128204345703125,3.770172119140625,1.0
2-3-1,Run1,189095432789,3.278564453125,3.780731201171875,1.0
2-3-1,Run1,189095449444,3.2799072265625,3.790847778320313,1.0
2-3-1,Run1,189095466098,3.2965850830078125,3.765579223632813,1.0
2-3-1,Run1,189095482754,3.303924560546875,3.7666015625,1.0
2-3-1,Run1,189095499409,3.308624267578125,3.774932861328125,1.0
2-3-1,Run1,189095516064,3.309921264648437,3.771881103515625,1.0
2-3-1,Run1,189095532718,3.4669952392578125,3.8651275634765625,1.0
2-3-1,Run1,189095549373,3.4178619384765625,3.8480377197265625,1.0
2-3-1,Run1,189095566028,3.27655029296875,3.746139526367188,1.0
2-3-1,Run1,189095582682,3.278961181640625,3.754425048828125,1.0
2-3-1,Run1,189095599337,3.2494659423828125,3.735641479492188,1.0
2-3-1,Run1,189095615992,3.2450103759765625,3.72625732421875,1.0
2-3-1,Run1,189095632646,3.4099884033203125,3.839279174804688,1.0
2-3-1,Run1,189095649302,3.365966796875,3.854934692382813,1.0
2-3-1,Run1,189095665957,3.2183380126953125,3.736862182617188,1.0
2-3-1,Run1,189095682611,3.22991943359375,3.748611450195313,1.0
2-3-1,Run1,189095699266,3.3966827392578125,3.8966064453125,1.0
2-3-1,Run1,189095715921,3.43792724609375,3.7830810546875,1.0
2-3-1,Run1,189095732575,3.43792724609375,3.692184448242188,1.0
2-3-1,Run1,189095749230,3.403549194335937,3.71624755859375,1.0
2-3-1,Run1,189095765885,3.2340545654296875,3.729217529296875,1.0
2-3-1,Run1,189095782540,3.227035522460937,3.717575073242188,1.0
2-3-1,Run1,189095799194,3.212142944335937,3.72454833984375,1.0
2-3-1,Run1,189095815850,3.2185516357421875,3.742034912109375,1.0
2-3-1,Run1,189095832505,3.403167724609375,3.8757476806640634,1.0
2-3-1,Run1,189095849159,3.3668365478515625,3.8453521728515625,1.0
2-3-1,Run1,189095865814,3.1888580322265625,3.8453521728515625,1.0
2-3-1,Run1,189095882469,3.1641845703125,3.739501953125,1.0
2-3-1,Run1,189095899123,3.1743621826171875,3.6336517333984375,1.0
2-3-1,Run1,189095915778,3.1945953369140625,3.718841552734375,1.0
2-3-1,Run1,189095932433,3.184051513671875,3.7405853271484375,1.0
2-3-1,Run1,189095949087,3.1590118408203125,3.702392578125,1.0
2-3-1,Run1,189095965742,3.1522369384765625,3.6768951416015625,1.0
2-3-1,Run1,189095982398,3.1785125732421875,3.685516357421875,1.0
2-3-1,Run1,189095999052,3.207855224609375,3.695037841796875,1.0
2-3-1,Run1,189096015707,3.1591949462890625,3.63525390625,1.0
2-3-1,Run1,189096032362,3.2690582275390625,3.6265987820095487,1.0
2-3-1,Run1,189096049017,3.290655517578125,3.6179436577690973,0.0
2-3-1,Run1,189096065671,3.3122528076171873,3.6092885335286455,0.0
2-3-1,Run1,189096082326,3.33385009765625,3.600633409288194,0.0
2-3-1,Run1,189096098981,3.3554473876953126,3.591978285047743,0.0
2-3-1,Run1,189096115635,3.377044677734375,3.5833231608072915,1.0
2-3-1,Run1,189096132290,3.377044677734375,3.5746680365668397,1.0
2-3-1,Run1,189096148946,3.2282485961914062,3.5660129123263884,0.0
2-3-1,Run1,189096165600,3.079452514648437,3.557357788085937,1.0
2-3-1,Run1,189096182255,3.179840087890625,3.697662353515625,1.0
2-3-1,Run1,189096198910,3.1912384033203125,3.763595581054688,1.0
2-3-1,Run1,189096215564,3.200286865234375,3.733001708984375,1.0
2-3-1,Run1,189096232219,3.194442749023437,3.88031005859375,1.0
2-3-1,Run1,189096248874,3.2254638671875,3.8206787109375,1.0
2-3-1,Run1,189096265528,3.229766845703125,3.705978393554688,1.0
2-3-1,Run1,189096282183,3.2384490966796875,3.701568603515625,1.0
2-3-1,Run1,189096298838,3.4259490966796875,3.804733276367188,1.0
2-3-1,Run1,189096315494,3.3657379150390625,3.87408447265625,1.0
2-3-1,Run1,189096332148,3.3657379150390625,3.87408447265625,1.0
2-3-1,Run1,189096348803,3.25372314453125,3.7510528564453125,0.0
2-3-1,Run1,189096365458,3.141708374023437,3.628021240234375,1.0
2-3-1,Run1,189096382112,3.26348876953125,3.708038330078125,1.0
2-3-1,Run1,189096398767,3.2875213623046875,3.767120361328125,1.0
2-3-1,Run1,189096415422,3.29345703125,3.7755126953125,1.0
2-3-1,Run1,189096432076,3.296661376953125,3.912811279296875,1.0
2-3-1,Run1,189096448731,3.292098999023437,3.87530517578125,1.0
2-3-1,Run1,189096465386,3.2850494384765625,3.77655029296875,1.0
2-3-1,Run1,189096482041,3.2797088623046875,3.775970458984375,1.0
2-3-1,Run1,189096498696,3.4338531494140625,3.873245239257813,1.0
2-3-1,Run1,189096515351,3.40093994140625,3.963714599609375,1.0
2-3-1,Run1,189096532005,3.26507568359375,3.8054046630859375,1.0
2-3-1,Run1,189096548660,3.273529052734375,3.776321411132813,1.0
2-3-1,Run1,189096565315,3.294784545898437,3.766067504882813,1.0
2-3-1,Run1,189096581970,3.2828826904296875,3.7757720947265625,1.0
2-3-1,Run1,189096598624,3.229461669921875,3.7609710693359375,1.0
2-3-1,Run1,189096615279,3.2337646484375,3.74285888671875,1.0
2-3-1,Run1,189096631934,3.408203125,3.853179931640625,1.0
2-3-1,Run1,189096648589,3.319427490234375,3.746826171875,1.0
2-3-1,Run1,189096665244,3.319427490234375,3.746826171875,1.0
2-3-1,Run1,189096681899,3.28533935546875,3.757049560546875,0.0
2-3-1,Run1,189096698553,3.251251220703125,3.76727294921875,0.0
2-3-1,Run1,189096715208,3.2171630859375,3.777496337890625,0.0
2-3-1,Run1,189096731863,3.183074951171875,3.7877197265625,0.0
2-3-1,Run1,189096748517,3.14898681640625,3.797943115234375,0.0
2-3-1,Run1,189096765172,3.114898681640625,3.80816650390625,0.0
2-3-1,Run1,189096781828,3.080810546875,3.818389892578125,0.0
2-3-1,Run1,189096798482,3.046722412109375,3.82861328125,0.0
2-3-1,Run1,189096815138,3.01263427734375,3.838836669921875,1.0
2-3-1,Run1,189096831793,3.01263427734375,3.84906005859375,1.0
2-3-1,Run1,189096848448,3.2780914306640625,3.859283447265625,1.0
2-3-1,Run1,189096865102,3.1574249267578125,3.615402221679688,1.0
2-3-1,Run1,189096881757,3.1622467041015625,3.61309814453125,1.0
2-3-1,Run1,189096898412,3.197738647460937,3.6697845458984375,1.0
2-3-1,Run1,189096915066,3.22381591796875,3.686203002929688,1.0
2-3-1,Run1,189096931721,3.2045135498046875,3.730865478515625,1.0
2-3-1,Run1,189096948376,3.2155303955078125,3.699005126953125,1.0
2-3-1,Run1,189096965030,3.2232208251953125,3.7044830322265625,1.0
2-3-1,Run1,189096981686,3.221282958984375,3.7247314453125,1.0
2-3-1,Run1,189096998341,3.22015380859375,3.7157135009765625,1.0
2-3-1,Run1,189097014995,3.23858642578125,3.7348785400390634,1.0
2-3-1,Run1,189097031650,3.242156982421875,3.73370361328125,1.0
2-3-1,Run1,189097048305,3.246337890625,3.722198486328125,1.0
2-3-1,Run1,189097064959,3.2581787109375,3.74627685546875,1.0
2-3-1,Run1,189097081615,3.24554443359375,3.727828979492188,1.0
2-3-1,Run1,189097098270,3.241241455078125,3.727706909179688,1.0
2-3-1,Run1,189097114925,3.23516845703125,3.736526489257813,1.0
2-3-1,Run1,189097131579,3.23565673828125,3.756149291992188,1.0
2-3-1,Run1,189097148235,3.257354736328125,3.745819091796875,1.0
2-3-1,Run1,189097164890,3.24664306640625,3.731964111328125,1.0
2-3-1,Run1,189097181544,3.2431793212890625,3.743927001953125,1.0
2-3-1,Run1,189097198199,3.2649383544921875,3.7479095458984375,1.0
2-3-1,Run1,189097214854,3.257476806640625,3.736572265625,1.0
2-3-1,Run1,189097231508,3.3998565673828125,3.811614990234375,1.0
2-3-1,Run1,189097248163,3.408065795898437,3.898757934570313,1.0
2-3-1,Run1,189097264818,3.220733642578125,3.739410400390625,1.0
2-3-1,Run1,189097281472,3.2097930908203125,3.7228851318359375,1.0
2-3-1,Run1,189097298127,3.21099853515625,3.7215728759765625,1.0
2-3-1,Run1,189097314783,3.2137603759765625,3.71331787109375,1.0
2-3-1,Run1,189097331437,3.22088623046875,3.7018890380859375,1.0
2-3-1,Run1,189097348092,3.2030029296875,3.689666748046875,1.0
2-3-1,Run1,189097364747,3.1814422607421875,3.697357177734375,1.0
2-3-1,Run1,189097381402,3.188323974609375,3.697357177734375,1.0
2-3-1,Run1,189097398057,3.362045288085937,3.786819458007813,1.0
2-3-1,Run1,189097414712,3.317977905273437,3.762039184570313,1.0
2-3-1,Run1,189097431367,3.171661376953125,3.653961181640625,1.0
2-3-1,Run1,189097448021,3.162582397460937,3.6693115234375,1.0
2-3-1,Run1,189097464676,3.13739013671875,3.6476898193359375,1.0
2-3-1,Run1,189097481332,3.1483154296875,3.616546630859375,1.0
2-3-1,Run1,189097497986,3.136871337890625,3.626983642578125,1.0
2-3-1,Run1,189097514641,3.10009765625,3.630767822265625,1.0
2-3-1,Run1,189097531296,3.083831787109375,3.607574462890625,1.0
2-3-1,Run1,189097547950,3.072296142578125,3.588973999023437,1.0
2-3-1,Run1,189097564605,3.220565795898437,3.673248291015625,1.0
2-3-1,Run1,189097581260,3.228597005208333,3.6770172119140625,0.0
2-3-1,Run1,189097597914,3.236628214518229,3.6807861328125,0.0
2-3-1,Run1,189097614569,3.2446594238281246,3.6845550537109375,0.0
2-3-1,Run1,189097631225,3.2526906331380205,3.688323974609375,0.0
2-3-1,Run1,189097647880,3.2607218424479165,3.6920928955078125,0.0
2-3-1,Run1,189097664534,3.2687530517578125,3.69586181640625,0.0
2-3-1,Run1,189097681189,3.276784261067708,3.6996307373046875,0.0
2-3-1,Run1,189097697844,3.284815470377604,3.703399658203125,0.0
2-3-1,Run1,189097714499,3.2928466796875,3.7071685791015625,1.0
2-3-1,Run1,189097731154,3.2928466796875,3.7109375,1.0
2-3-1,Run1,189097747809,3.15484619140625,3.7147064208984375,1.0
2-3-1,Run1,189097764463,3.016845703125,3.5255126953125,1.0
2-3-1,Run1,189097781118,3.11016845703125,3.5188140869140625,1.0
2-3-1,Run1,189097797774,3.0998992919921875,3.55133056640625,1.0
2-3-1,Run1,189097814428,3.102020263671875,3.49267578125,1.0
2-3-1,Run1,189097831083,3.0995330810546875,3.54693603515625,1.0
2-3-1,Run1,189097847738,3.123504638671875,3.593124389648437,1.0
2-3-1,Run1,189097864392,3.121612548828125,3.560897827148437,1.0
2-3-1,Run1,189097881047,3.1312255859375,3.5671844482421875,1.0
2-3-1,Run1,189097897702,3.1385040283203125,3.57916259765625,1.0
2-3-1,Run1,189097914357,3.142929077148437,3.591766357421875,1.0
2-3-1,Run1,189097931011,3.14910888671875,3.6082611083984375,1.0
2-3-1,Run1,189097947666,3.18017578125,3.622314453125,1.0
2-3-1,Run1,189097964322,3.191650390625,3.645843505859375,1.0
2-3-1,Run1,189097980976,3.1793670654296875,3.644195556640625,1.0
2-3-1,Run1,189097997631,3.179962158203125,3.757034301757813,1.0
2-3-1,Run1,189098014286,3.17791748046875,3.75994873046875,1.0
2-3-1,Run1,189098030941,3.1781463623046875,3.6495513916015625,1.0
2-3-1,Run1,189098047596,3.1769561767578125,3.6737060546875,1.0
2-3-1,Run1,189098064251,3.1699676513671875,3.684158325195313,1.0
2-3-1,Run1,189098080905,3.163055419921875,3.6722564697265625,1.0
2-3-1,Run1,189098097560,3.1734771728515625,3.67669677734375,1.0
2-3-1,Run1,189098114215,3.16998291015625,3.6683502197265625,1.0
2-3-1,Run1,189098130870,3.1348419189453125,3.6319732666015625,1.0
2-3-1,Run1,189098147525,3.13385009765625,3.6378326416015625,1.0
2-3-1,Run1,189098164180,3.319732666015625,3.6420745849609375,1.0
2-3-1,Run1,189098180835,3.269744873046875,3.613204956054688,1.0
2-3-1,Run1,189098197489,3.09100341796875,3.606887817382813,1.0
2-3-1,Run1,189098214144,3.0756072998046875,3.592926025390625,1.0
2-3-1,Run1,189098230799,3.055999755859375,3.578155517578125,1.0
2-3-1,Run1,189098247454,3.0692291259765625,3.59515380859375,1.0
2-3-1,Run1,189098264109,3.0671844482421875,3.569580078125,1.0
2-3-1,Run1,189098280764,3.061798095703125,3.55322265625,1.0
2-3-1,Run1,189098297418,3.2484130859375,3.56182861328125,1.0
2-3-1,Run1,189098314073,3.224273681640625,3.56494140625,1.0
2-3-1,Run1,189098330728,2.706634521484375,3.673126220703125,1.0
2-3-1,Run1,189098347383,2.326416015625,3.6955996426669033,1.0
2-3-1,Run1,189098364038,2.422586441040039,3.718073064630682,0.0
2-3-1,Run1,189098380693,2.518756866455078,3.7405464865944604,0.0
2-3-1,Run1,189098397347,2.614927291870117,3.7630199085582388,0.0
2-3-1,Run1,189098414002,2.7110977172851562,3.785493330522017,0.0
2-3-1,Run1,189098430657,2.8072681427001953,3.807966752485796,0.0
2-3-1,Run1,189098447312,2.9034385681152344,3.830440174449574,0.0
2-3-1,Run1,189098463967,2.9996089935302734,3.8529135964133525,0.0
2-3-1,Run1,189098480622,3.0957794189453125,3.875387018377131,1.0
2-3-1,Run1,189098497277,2.9706573486328125,3.8978604403409096,1.0
2-3-1,Run1,189098513931,3.1109619140625,3.920333862304688,1.0
2-3-1,Run1,189098530586,3.13568115234375,3.528839111328125,1.0
2-3-1,Run1,189098547242,3.090301513671875,3.458602905273437,1.0
2-3-1,Run1,189098563896,3.098175048828125,3.4926910400390625,1.0
2-3-1,Run1,189098580551,3.116195678710937,3.4606170654296875,1.0
2-3-1,Run1,189098597206,3.121246337890625,3.5531768798828125,1.0
2-3-1,Run1,189098613860,3.126312255859375,3.5860748291015625,1.0
2-3-1,Run1,189098630515,3.13775634765625,3.5774383544921875,1.0
2-3-1,Run1,189098647170,3.12115478515625,3.570892333984375,1.0
2-3-1,Run1,189098663825,3.129180908203125,3.568389892578125,1.0
2-3-1,Run1,189098680480,3.1353302001953125,3.5699005126953125,1.0
2-3-1,Run1,189098697135,3.1660614013671875,3.61199951171875,1.0
2-3-1,Run1,189098713790,3.191741943359375,3.60003662109375,1.0
2-3-1,Run1,189098730444,3.335067749023437,3.5898895263671875,1.0
2-3-1,Run1,189098747099,3.2629852294921875,3.592071533203125,1.0
2-3-1,Run1,189098763754,3.124359130859375,3.60955810546875,1.0
2-3-1,Run1,189098780408,3.160003662109375,3.6126708984375,1.0
2-3-1,Run1,189098797064,3.173187255859375,3.598983764648437,1.0
2-3-1,Run1,189098813719,3.1577911376953125,3.6251220703125,1.0
2-3-1,Run1,189098830373,3.1448211669921875,3.637893676757813,1.0
2-3-1,Run1,189098847029,3.1696014404296875,3.6338958740234375,1.0
2-3-1,Run1,189098863684,3.1508026123046875,3.7670745849609375,1.0
2-3-1,Run1,189098880338,3.139999389648437,3.7075347900390634,1.0
2-3-1,Run1,189098896993,3.151031494140625,3.602157592773437,1.0
2-3-1,Run1,189098913648,3.12091064453125,3.5969390869140625,1.0
2-3-1,Run1,189098930302,3.120025634765625,3.5923614501953125,1.0
2-3-1,Run1,189098946957,3.101303100585937,3.5991363525390625,1.0
2-3-1,Run1,189098963612,3.0799713134765625,3.592742919921875,1.0
2-3-1,Run1,189098980268,3.084320068359375,3.5849609375,1.0
2-3-1,Run1,189098996922,3.0496063232421875,3.5699005126953125,1.0
2-3-1,Run1,189099013577,3.04205322265625,3.5736846923828125,1.0
2-3-1,Run1,189099030232,3.0438995361328125,3.5686492919921875,1.0
2-3-1,Run1,189099046886,3.027435302734375,3.5521240234375,1.0
2-3-1,Run1,189099063541,3.035430908203125,3.5494842529296875,1.0
2-3-1,Run1,189099080196,3.0533599853515625,3.552978515625,1.0
2-3-1,Run1,189099096850,3.050445556640625,3.531036376953125,1.0
2-3-1,Run1,189099113505,3.075042724609375,3.551666259765625,1.0
2-3-1,Run1,189099130161,3.0913848876953125,3.717926025390625,1.0
2-3-1,Run1,189099146816,3.072113037109375,3.6710357666015625,1.0
2-3-1,Run1,189099163471,3.036285400390625,3.5520477294921875,1.0
2-3-1,Run1,189099180126,3.0540771484375,3.5416412353515625,1.0
2-3-1,Run1,189099196780,3.0495147705078125,3.547592163085937,1.0
2-3-1,Run1,189099213435,3.0018310546875,3.547149658203125,1.0
2-3-1,Run1,189099230090,3.196029663085937,3.646682739257813,1.0
2-3-1,Run1,189099246745,3.202564784458705,3.635821872287327,0.0
2-3-1,Run1,189099263399,3.209099905831473,3.6249610053168406,0.0
2-3-1,Run1,189099280054,3.215635027204241,3.6141001383463545,0.0
2-3-1,Run1,189099296710,3.2221701485770087,3.6032392713758683,0.0
2-3-1,Run1,189099313364,3.2287052699497765,3.5923784044053817,0.0
2-3-1,Run1,189099330019,3.2352403913225447,3.5815175374348955,0.0
2-3-1,Run1,189099346674,3.2417755126953125,3.5706566704644094,1.0
2-3-1,Run1,189099363328,3.0270233154296875,3.559795803493923,1.0
2-3-1,Run1,189099379983,3.00579833984375,3.548934936523437,1.0
2-3-1,Run1,189099396638,3.042755126953125,3.451141357421875,1.0
2-3-1,Run1,189099413292,3.0644989013671875,3.5136871337890625,1.0
2-3-1,Run1,189099429948,3.0785675048828125,3.555419921875,1.0
2-3-1,Run1,189099446603,3.10009765625,3.551116943359375,1.0
2-3-1,Run1,189099463258,3.1034698486328125,3.59283447265625,1.0
2-3-1,Run1,189099479913,3.0952911376953125,3.644943237304688,1.0
2-3-1,Run1,189099496568,3.0906982421875,3.672286987304688,1.0
2-3-1,Run1,189099513223,3.0995330810546875,3.642120361328125,1.0
2-3-1,Run1,189099529877,3.121551513671875,3.6406402587890634,1.0
2-3-1,Run1,189099546532,3.142669677734375,3.630706787109375,1.0
2-3-1,Run1,189099563187,3.1215057373046875,3.64129638671875,1.0
2-3-1,Run1,189099579841,3.123031616210937,3.6966400146484375,1.0
2-3-1,Run1,189099596496,3.14520263671875,3.690826416015625,1.0
2-3-1,Run1,189099613152,3.15423583984375,3.64178466796875,1.0
2-3-1,Run1,189099629806,3.1889190673828125,3.672943115234375,1.0
2-3-1,Run1,189099646461,3.183013916015625,3.691741943359375,1.0
2-3-1,Run1,189099663116,3.167938232421875,3.8378753662109375,1.0
2-3-1,Run1,189099679770,3.199798583984375,3.82452392578125,1.0
2-3-1,Run1,189099696425,3.215087890625,3.6976165771484375,1.0
2-3-1,Run1,189099713080,3.1929931640625,3.6942138671875,1.0
2-3-1,Run1,189099729735,3.2053680419921875,3.702392578125,1.0
2-3-1,Run1,189099746390,3.217193603515625,3.700164794921875,1.0
2-3-1,Run1,189099763045,3.197662353515625,3.7069244384765625,1.0
2-3-1,Run1,189099779700,3.18341064453125,3.710128784179688,1.0
2-3-1,Run1,189099796355,3.1496124267578125,3.6907958984375,1.0
2-3-1,Run1,189099813010,3.1578826904296875,3.6934814453125,1.0
2-3-1,Run1,189099829665,3.1738739013671875,3.8172760009765625,1.0
2-3-1,Run1,189099846319,3.1634063720703125,3.805496215820313,1.0
2-3-1,Run1,189099862974,3.154266357421875,3.6740875244140634,1.0
2-3-1,Run1,189099879629,3.1408843994140625,3.654495239257813,1.0
2-3-1,Run1,189099896283,3.134796142578125,3.747894287109375,1.0
2-3-1,Run1,189099912938,3.1257476806640625,3.758209228515625,1.0
2-3-1,Run1,189099929594,3.117782592773437,3.605514526367188,1.0
2-3-1,Run1,189099946248,3.011932373046875,3.5415496826171875,1.0
2-3-1,Run1,189099962903,3.0050464976917612,3.5661773681640625,1.0
2-3-1,Run1,189099979558,2.998160622336648,3.5397249857584634,0.0
2-3-1,Run1,189099996212,2.991274746981534,3.5132726033528647,0.0
2-3-1,Run1,189100012868,2.9843888716264204,3.4868202209472656,0.0
2-3-1,Run1,189100029523,2.9775029962713067,3.4603678385416665,0.0
2-3-1,Run1,189100046178,2.9706171209161933,3.433915456136068,0.0
2-3-1,Run1,189100062832,2.9637312455610796,3.4074630737304688,0.0
2-3-1,Run1,189100079487,2.956845370205966,3.3810106913248696,0.0
2-3-1,Run1,189100096143,2.949959494850852,3.354558308919271,0.0
2-3-1,Run1,189100112797,2.9430736194957388,3.328105926513672,0.0
2-3-1,Run1,189100129452,2.936187744140625,3.3016535441080728,1.0
2-3-1,Run1,189100146107,3.052352905273437,3.275201161702474,1.0
2-3-1,Run1,189100162761,3.052352905273437,3.248748779296875,1.0
2-3-1,Run1,189100179416,3.046630859375,3.4460906982421875,1.0
2-3-1,Run1,189100196071,3.0459747314453125,3.5931854248046875,1.0
2-3-1,Run1,189100212725,3.05194091796875,3.55352783203125,1.0
2-3-1,Run1,189100229380,3.058456420898437,3.5747222900390625,1.0
2-3-1,Run1,189100246036,3.0938720703125,3.61541748046875,1.0
2-3-1,Run1,189100262690,3.089599609375,3.6369781494140634,1.0
2-3-1,Run1,189100279345,3.112167358398437,3.5904693603515625,1.0
2-3-1,Run1,189100296000,3.110565185546875,3.565902709960937,1.0
2-3-1,Run1,189100312656,3.083236694335937,3.58203125,1.0
2-3-1,Run1,189100329310,3.103851318359375,3.576080322265625,1.0
2-3-1,Run1,189100345965,3.110565185546875,3.5834503173828125,1.0
2-3-1,Run1,189100362620,3.092880249023437,3.592391967773437,1.0
2-3-1,Run1,189100379274,3.10101318359375,3.5753173828125,1.0
2-3-1,Run1,189100395929,3.1154022216796875,3.57403564453125,1.0
2-3-1,Run1,189100412585,3.13104248046875,3.57159423828125,1.0
2-3-1,Run1,189100429239,3.121978759765625,3.601669311523437,1.0
2-3-1,Run1,189100445894,3.0997314453125,3.640411376953125,1.0
2-3-1,Run1,189100462549,3.111419677734375,3.615478515625,1.0
2-3-1,Run1,189100479203,3.1246337890625,3.604949951171875,1.0
2-3-1,Run1,189100495858,3.1372222900390625,3.630950927734375,1.0
2-3-1,Run1,189100512513,3.1305084228515625,3.6226959228515625,1.0
2-3-1,Run1,189100529167,3.102935791015625,3.608840942382813,1.0
2-3-1,Run1,189100545822,3.112274169921875,3.609207153320313,1.0
2-3-1,Run1,189100562477,3.129547119140625,3.6005096435546875,1.0
2-3-1,Run1,189100579133,3.1154022216796875,3.5894775390625,1.0
2-3-1,Run1,189100595787,3.1281890869140625,3.6034088134765625,1.0
2-3-1,Run1,189100612442,3.10870361328125,3.6110992431640634,1.0
2-3-1,Run1,189100629098,3.08135986328125,3.715606689453125,1.0
2-3-1,Run1,189100645752,3.0955352783203125,3.7587890625,1.0
2-3-1,Run1,189100662407,3.098724365234375,3.5924224853515625,1.0
2-3-1,Run1,189100679062,3.096420288085937,3.5912322998046875,1.0
2-3-1,Run1,189100695716,3.101104736328125,3.628250122070313,1.0
2-3-1,Run1,189100712371,3.1100311279296875,3.619415283203125,1.0
2-3-1,Run1,189100729027,3.097320556640625,3.6106109619140634,1.0
2-3-1,Run1,189100745681,3.1128082275390625,3.6091156005859375,1.0
2-3-1,Run1,189100762336,3.131744384765625,3.618621826171875,1.0
2-3-1,Run1,189100778991,3.1211700439453125,3.626296997070313,1.0
2-3-1,Run1,189100795645,3.125106811523437,3.622024536132813,1.0
2-3-1,Run1,189100812300,3.131698608398437,3.635330200195313,1.0
2-3-1,Run1,189100828955,3.1195068359375,3.635406494140625,1.0
2-3-1,Run1,189100845610,3.1082305908203125,3.64666748046875,1.0
2-3-1,Run1,189100862264,3.14007568359375,3.634552001953125,1.0
2-3-1,Run1,189100878919,3.05377197265625,3.5483856201171875,1.0
2-3-1,Run1,189100895575,3.0385538736979165,3.577880859375,1.0
2-3-1,Run1,189100912229,3.0233357747395835,3.5444374084472656,0.0
2-3-1,Run1,189100928885,3.00811767578125,3.5109939575195312,0.0
2-3-1,Run1,189100945540,2.9928995768229165,3.477550506591797,0.0
2-3-1,Run1,189100962194,2.9776814778645835,3.4441070556640625,0.0
2-3-1,Run1,189100978849,2.96246337890625,3.410663604736328,0.0
2-3-1,Run1,189100995504,2.9472452799479165,3.3772201538085938,0.0
2-3-1,Run1,189101012158,2.9320271809895835,3.3437767028808594,0.0
2-3-1,Run1,189101028813,2.91680908203125,3.310333251953125,1.0
2-3-1,Run1,189101045469,3.107284545898437,3.310333251953125,1.0
2-3-1,Run1,189101062123,3.170516967773437,3.4180145263671875,1.0
2-3-1,Run1,189101078778,3.145233154296875,3.556243896484375,1.0
2-3-1,Run1,189101095433,3.127349853515625,3.63385009765625,1.0
2-3-1,Run1,189101112088,3.1479034423828125,3.6186370849609375,1.0
2-3-1,Run1,189101128742,3.159652709960937,3.655517578125,1.0
2-3-1,Run1,189101145397,3.164535522460937,3.680084228515625,1.0
2-3-1,Run1,189101162052,3.15679931640625,3.840164184570313,1.0
2-3-1,Run1,189101178706,3.1676025390625,3.7439117431640634,1.0
2-3-1,Run1,189101195362,3.2039337158203125,3.66748046875,1.0
2-3-1,Run1,189101212018,3.2077789306640625,3.685760498046875,1.0
2-3-1,Run1,189101228672,3.220306396484375,3.67633056640625,1.0
2-3-1,Run1,189101245327,3.2401580810546875,3.685012817382813,1.0
2-3-1,Run1,189101261982,3.226776123046875,3.70526123046875,1.0
2-3-1,Run1,189101278636,3.2289581298828125,3.707199096679688,1.0
2-3-1,Run1,189101295291,3.227157592773437,3.836380004882813,1.0
2-3-1,Run1,189101311946,3.2322998046875,3.85577392578125,1.0
2-3-1,Run1,189101328600,3.23114013671875,3.7264556884765625,1.0
2-3-1,Run1,189101345255,3.246200561523437,3.732208251953125,1.0
2-3-1,Run1,189101361911,3.4522247314453125,3.7507476806640634,1.0
2-3-1,Run1,189101378566,3.42657470703125,3.714508056640625,1.0
2-3-1,Run1,189101395220,3.42657470703125,3.699905395507813,1.0
2-3-1,Run1,189101411875,3.2838592529296875,3.733322143554688,1.0
2-3-1,Run1,189101428530,3.141143798828125,3.7154693603515625,1.0
2-3-1,Run1,189101445184,3.246810913085937,3.7063140869140634,1.0
2-3-1,Run1,189101461839,3.410400390625,3.734664916992188,1.0
2-3-1,Run1,189101478494,3.383407592773437,3.741897583007813,1.0
2-3-1,Run1,189101495149,3.2071685791015625,3.7198638916015625,1.0
2-3-1,Run1,189101511804,3.2130279541015625,3.709564208984375,1.0
2-3-1,Run1,189101528460,3.2265777587890625,3.731369018554688,1.0
2-3-1,Run1,189101545114,3.208251953125,3.7728271484375,1.0
2-3-1,Run1,189101561769,3.193817138671875,3.614654541015625,1.0
2-3-1,Run1,189101578424,3.0844879150390625,3.4123687744140625,1.0
2-3-1,Run1,189101595078,3.0488510131835938,3.3513946533203125,0.0
2-3-1,Run1,189101611733,3.013214111328125,3.2904205322265625,0.0
2-3-1,Run1,189101628388,2.9775772094726562,3.2294464111328125,0.0
2-3-1,Run1,189101645043,2.9419403076171875,3.1684722900390625,0.0
2-3-1,Run1,189101661697,2.9063034057617188,3.1074981689453125,0.0
2-3-1,Run1,189101678353,2.87066650390625,3.0465240478515625,0.0
2-3-1,Run1,189101695008,2.8350296020507812,2.9855499267578125,0.0
2-3-1,Run1,189101711662,2.7993927001953125,2.9245758056640625,1.0
2-3-1,Run1,189101728317,2.82293701171875,2.71270751953125,1.0
2-3-1,Run1,189101744972,3.07281494140625,3.142791748046875,1.0
2-3-1,Run1,189101761626,3.1609039306640625,3.49298095703125,1.0
2-3-1,Run1,189101778281,3.161346435546875,3.487823486328125,1.0
2-3-1,Run1,189101794936,3.178939819335937,3.597259521484375,1.0
2-3-1,Run1,189101811590,3.166717529296875,3.62298583984375,1.0
2-3-1,Run1,189101828245,3.1473846435546875,3.67431640625,1.0
2-3-1,Run1,189101844901,3.168319702148437,3.705108642578125,1.0
2-3-1,Run1,189101861555,3.35028076171875,3.729446411132813,1.0
2-3-1,Run1,189101878210,3.3956451416015625,3.694046020507813,1.0
2-3-1,Run1,189101894865,3.218734741210937,3.666091918945313,1.0
2-3-1,Run1,189101911520,3.2200469970703125,3.682159423828125,1.0
2-3-1,Run1,189101928174,3.20550537109375,3.709793090820313,1.0
2-3-1,Run1,189101944829,3.2036590576171875,3.7204437255859375,1.0
2-3-1,Run1,189101961484,3.234466552734375,3.72802734375,1.0
2-3-1,Run1,189101978138,3.2388916015625,3.7320556640625,1.0
2-3-1,Run1,189101994794,3.255584716796875,3.7270660400390634,1.0
2-3-1,Run1,189102011449,3.268539428710937,3.721221923828125,1.0
2-3-1,Run1,189102028103,3.2915802001953125,3.83984375,1.0
2-3-1,Run1,189102044758,3.3075103759765625,3.831878662109375,1.0
2-3-1,Run1,189102061413,3.2926025390625,3.7498931884765625,1.0
2-3-1,Run1,189102078067,3.2874298095703125,3.754730224609375,1.0
2-3-1,Run1,189102094722,3.326522827148437,3.776168823242188,1.0
2-3-1,Run1,189102111377,3.3158111572265625,3.7965240478515625,1.0
2-3-1,Run1,189102128031,3.3096466064453125,3.789382934570313,1.0
2-3-1,Run1,189102144686,3.33642578125,3.77435302734375,1.0
2-3-1,Run1,189102161342,3.320907592773437,3.763519287109375,1.0
2-3-1,Run1,189102177997,3.306121826171875,3.776092529296875,1.0
2-3-1,Run1,189102194651,3.288360595703125,3.773529052734375,1.0
2-3-1,Run1,189102211306,3.26885986328125,3.766815185546875,1.0
2-3-1,Run1,189102227961,3.2425537109375,3.7700347900390634,1.0
2-3-1,Run1,189102244615,3.2397003173828125,3.764724731445313,1.0
2-3-1,Run1,189102261270,3.414306640625,3.7387847900390634,1.0
2-3-1,Run1,189102277925,3.46295166015625,3.715057373046875,1.0
2-3-1,Run1,189102294579,3.246566772460937,3.722991943359375,1.0
2-3-1,Run1,189102311235,3.214080810546875,3.744461059570313,1.0
2-3-1,Run1,189102327890,3.202865600585937,3.715530395507813,1.0
2-3-1,Run1,189102344544,3.201385498046875,3.7188873291015625,1.0
2-3-1,Run1,189102361199,3.178817749023437,3.725372314453125,1.0
2-3-1,Run1,189102377854,3.158050537109375,3.697708129882813,1.0
2-3-1,Run1,189102394508,3.3509521484375,3.782028198242188,1.0
2-3-1,Run1,189102411163,3.2547389439174106,3.746200561523438,0.0
2-3-1,Run1,189102427818,3.1585257393973216,3.710372924804688,0.0
2-3-1,Run1,189102444473,3.062312534877232,3.674545288085938,0.0
2-3-1,Run1,189102461127,2.966099330357143,3.638717651367188,0.0
2-3-1,Run1,189102477783,2.8698861258370534,3.6028900146484375,0.0
2-3-1,Run1,189102494438,2.7736729213169644,3.5670623779296875,0.0
2-3-1,Run1,189102511092,2.677459716796875,3.5312347412109375,1.0
2-3-1,Run1,189102527747,2.884506225585937,3.4954071044921875,1.0
2-3-1,Run1,189102544402,3.180633544921875,3.4595794677734375,1.0
2-3-1,Run1,189102561056,3.1947174072265625,3.4237518310546875,1.0
2-3-1,Run1,189102577711,3.1456451416015625,3.5884552001953125,1.0
2-3-1,Run1,189102594366,3.131103515625,3.6385345458984375,1.0
2-3-1,Run1,189102611020,3.188690185546875,3.6585540771484375,1.0
2-3-1,Run1,189102627676,3.20269775390625,3.717987060546875,1.0
2-3-1,Run1,189102644331,3.1741943359375,3.683013916015625,1.0
2-3-1,Run1,189102660985,3.141387939453125,3.6806793212890634,1.0
2-3-1,Run1,189102677640,3.163818359375,3.68560791015625,1.0
2-3-1,Run1,189102694295,3.216522216796875,3.681320190429688,1.0
2-3-1,Run1,189102710950,3.213973999023437,3.68646240234375,1.0
2-3-1,Run1,189102727604,3.202362060546875,3.69329833984375,1.0
2-3-1,Run1,189102744259,3.202377319335937,3.692169189453125,1.0
2-3-1,Run1,189102760914,3.236480712890625,3.7119293212890634,1.0
2-3-1,Run1,189102777568,3.2509918212890625,3.734771728515625,1.0
2-3-1,Run1,189102794224,3.414825439453125,3.866943359375,1.0
2-3-1,Run1,189102810879,3.5108642578125,3.82733154296875,1.0
2-3-1,Run1,189102827533,3.302978515625,3.7723541259765625,1.0
2-3-1,Run1,189102844188,3.267562866210937,3.76739501953125,1.0
2-3-1,Run1,189102860843,3.2645263671875,3.7391204833984375,1.0
2-3-1,Run1,189102877497,3.300445556640625,3.750335693359375,1.0
2-3-1,Run1,189102894152,3.325286865234375,3.770095825195313,1.0
2-3-1,Run1,189102910807,3.3065185546875,3.773773193359375,1.0
2-3-1,Run1,189102927461,3.3023681640625,3.764007568359375,1.0
2-3-1,Run1,189102944117,3.296630859375,3.7796478271484375,1.0
2-3-1,Run1,189102960772,3.4461212158203125,3.793411254882813,1.0
2-3-1,Run1,189102977427,3.468292236328125,3.7807769775390634,1.0
2-3-1,Run1,189102994081,3.468292236328125,3.8004302978515625,1.0
2-3-1,Run1,189103010736,3.3542861938476562,3.820892333984375,1.0
2-3-1,Run1,189103027391,3.2402801513671875,3.813919067382813,1.0
2-3-1,Run1,189103044045,3.3292694091796875,3.81982421875,1.0
2-3-1,Run1,189103060700,3.3146514892578125,3.954071044921875,1.0
2-3-1,Run1,189103077355,3.29876708984375,3.93353271484375,1.0
2-3-1,Run1,189103094009,3.2965087890625,3.724563598632813,1.0
2-3-1,Run1,189103110665,3.2113494873046875,3.5660552978515625,1.0
2-3-1,Run1,189103127320,3.185202858664773,3.395355224609375,1.0
2-3-1,Run1,189103143974,3.159056230024858,3.384320068359375,0.0
2-3-1,Run1,189103160629,3.1329096013849433,3.373284912109375,0.0
2-3-1,Run1,189103177284,3.1067629727450283,3.362249755859375,0.0
2-3-1,Run1,189103193938,3.0806163441051138,3.351214599609375,0.0
2-3-1,Run1,189103210593,3.0544697154651987,3.340179443359375,0.0
2-3-1,Run1,189103227248,3.028323086825284,3.329144287109375,0.0
2-3-1,Run1,189103243903,3.002176458185369,3.318109130859375,0.0
2-3-1,Run1,189103260558,2.9760298295454546,3.307073974609375,0.0
2-3-1,Run1,189103277213,2.94988320090554,3.296038818359375,0.0
2-3-1,Run1,189103293868,2.923736572265625,3.285003662109375,1.0
2-3-1,Run1,189103310522,3.1363525390625,3.5519256591796875,1.0
2-3-1,Run1,189103327177,3.2350006103515625,3.6207427978515625,1.0
2-3-1,Run1,189103343832,3.215179443359375,3.616043090820313,1.0
2-3-1,Run1,189103360486,3.2188873291015625,3.670257568359375,1.0
2-3-1,Run1,189103377141,3.2127838134765625,3.688674926757813,1.0
2-3-1,Run1,189103393796,3.216552734375,3.749588012695313,1.0
2-3-1,Run1,189103410450,3.257659912109375,3.773590087890625,1.0
2-3-1,Run1,189103427106,3.254257202148437,3.810516357421875,1.0
2-3-1,Run1,189103443761,3.2435760498046875,3.76812744140625,1.0
2-3-1,Run1,189103460415,3.235748291015625,3.7663421630859375,1.0
2-3-1,Run1,189103477070,3.2394561767578125,3.774246215820313,1.0
2-3-1,Run1,189103493725,3.254989624023437,3.781982421875,1.0
2-3-1,Run1,189103510380,3.245361328125,3.783447265625,1.0
2-3-1,Run1,189103527034,3.24200439453125,3.7635345458984375,1.0
2-3-1,Run1,189103543689,3.244247436523437,3.773483276367188,1.0
2-3-1,Run1,189103560344,3.2484893798828125,3.9066162109375,1.0
2-3-1,Run1,189103576999,3.245849609375,3.928375244140625,1.0
2-3-1,Run1,189103593654,3.24407958984375,3.8011474609375,1.0
2-3-1,Run1,189103610309,3.247772216796875,3.801513671875,1.0
2-3-1,Run1,189103626963,3.2442626953125,3.798049926757813,1.0
2-3-1,Run1,189103643618,3.20245361328125,3.7757720947265625,1.0
2-3-1,Run1,189103660273,3.132843017578125,3.860992431640625,1.0
2-3-1,Run1,189103676927,3.009033203125,3.80458984375,1.0
2-3-1,Run1,189103693582,2.966756820678711,3.748187255859375,0.0
2-3-1,Run1,189103710237,2.924480438232422,3.69178466796875,0.0
2-3-1,Run1,189103726891,2.882204055786133,3.635382080078125,0.0
2-3-1,Run1,189103743547,2.8399276733398438,3.5789794921875,0.0
2-3-1,Run1,189103760202,2.7976512908935547,3.522576904296875,0.0
2-3-1,Run1,189103776857,2.7553749084472656,3.46617431640625,0.0
2-3-1,Run1,189103793511,2.7130985260009766,3.409771728515625,0.0
2-3-1,Run1,189103810166,2.6708221435546875,3.353369140625,1.0
2-3-1,Run1,189103826821,2.83453369140625,3.296966552734375,1.0
2-3-1,Run1,189103843475,3.039642333984375,3.296966552734375,1.0
2-3-1,Run1,189103860130,3.0826416015625,3.477386474609375,1.0
2-3-1,Run1,189103876785,3.094711303710937,3.580535888671875,1.0
2-3-1,Run1,189103893439,3.11212158203125,3.63922119140625,1.0
2-3-1,Run1,189103910095,3.11981201171875,3.648712158203125,1.0
2-3-1,Run1,189103926750,3.0972137451171875,3.65545654296875,1.0
2-3-1,Run1,189103943404,3.0909881591796875,3.666351318359375,1.0
2-3-1,Run1,189103960059,3.088287353515625,3.6754302978515625,1.0
2-3-1,Run1,189103976714,3.107147216796875,3.650115966796875,1.0
2-3-1,Run1,189103993368,3.11102294921875,3.665206909179688,1.0
2-3-1,Run1,189104010023,3.105453491210937,3.688323974609375,1.0
2-3-1,Run1,189104026678,3.1209716796875,3.682373046875,1.0
2-3-1,Run1,189104043333,3.1570281982421875,3.675979614257813,1.0
2-3-1,Run1,189104059988,3.3596954345703125,3.68597412109375,1.0
2-3-1,Run1,189104076643,3.3100128173828125,3.675811767578125,1.0
2-3-1,Run1,189104093298,3.1211700439453125,3.6889495849609375,1.0
2-3-1,Run1,189104109952,3.115966796875,3.696563720703125,1.0
2-3-1,Run1,189104126607,3.098876953125,3.8119964599609375,1.0
2-3-1,Run1,189104143262,3.098495483398437,3.808380126953125,1.0
2-3-1,Run1,189104159916,3.10028076171875,3.6457672119140634,1.0
2-3-1,Run1,189104176571,3.074310302734375,3.6382904052734375,1.0
2-3-1,Run1,189104193226,3.228240966796875,3.778350830078125,1.0
2-3-1,Run1,189104209880,3.2289276123046875,3.77984619140625,1.0
2-3-1,Run1,189104226536,3.062286376953125,3.623001098632813,1.0
2-3-1,Run1,189104243191,3.0601959228515625,3.6130523681640634,1.0
2-3-1,Run1,189104259845,3.03594970703125,3.622360229492188,1.0
2-3-1,Run1,189104276500,3.029571533203125,3.625335693359375,1.0
2-3-1,Run1,189104293155,3.0104522705078125,3.6219482421875,1.0
2-3-1,Run1,189104309810,3.00201416015625,3.605987548828125,1.0
2-3-1,Run1,189104326464,3.0537567138671875,3.566070556640625,1.0
2-3-1,Run1,189104343119,2.958038330078125,3.491439819335937,1.0
2-3-1,Run1,189104359774,2.9085350036621094,3.490579223632812,0.0
2-3-1,Run1,189104376429,2.8590316772460938,3.4897186279296872,0.0
2-3-1,Run1,189104393084,2.809528350830078,3.4888580322265623,0.0
2-3-1,Run1,189104409739,2.7600250244140625,3.4879974365234374,1.0
2-3-1,Run1,189104426393,2.52978515625,3.4871368408203125,1.0
2-3-1,Run1,189104443048,2.273101806640625,3.4871368408203125,1.0
2-3-1,Run1,189104459703,2.8512420654296875,3.3371124267578125,1.0
2-3-1,Run1,189104476357,2.922119140625,3.3371124267578125,1.0
2-3-1,Run1,189104493012,3.02215576171875,3.205599698153409,1.0
2-3-1,Run1,189104509667,3.0081390380859374,3.074086969549006,0.0
2-3-1,Run1,189104526321,2.994122314453125,2.9425742409446025,0.0
2-3-1,Run1,189104542977,2.9801055908203127,2.8110615123401987,0.0
2-3-1,Run1,189104559632,2.9660888671875,2.6795487837357954,0.0
2-3-1,Run1,189104576287,2.9520721435546875,2.548036055131392,0.0
2-3-1,Run1,189104592941,2.938055419921875,2.4165233265269888,0.0
2-3-1,Run1,189104609596,2.9240386962890623,2.285010597922585,0.0
2-3-1,Run1,189104626251,2.91002197265625,2.1534978693181817,0.0
2-3-1,Run1,189104642905,2.8960052490234376,2.0219851407137783,0.0
2-3-1,Run1,189104659560,2.881988525390625,1.890472412109375,1.0
2-3-1,Run1,189104676215,2.881988525390625,2.750701904296875,1.0
2-3-1,Run1,189104692870,2.9835205078125,3.174957275390625,1.0
2-3-1,Run1,189104709525,3.05023193359375,3.199981689453125,1.0
2-3-1,Run1,189104726180,3.03955078125,3.4576416015625,1.0
2-3-1,Run1,189104742834,3.031967163085937,3.471542358398437,1.0
2-3-1,Run1,189104759489,3.00250244140625,3.498809814453125,1.0
2-3-1,Run1,189104776144,3.0023651123046875,3.51385498046875,1.0
2-3-1,Run1,189104792798,2.9652557373046875,3.516952514648437,1.0
2-3-1,Run1,189104809453,2.9696502685546875,3.5204620361328125,1.0
2-3-1,Run1,189104826108,2.963623046875,3.4867706298828125,1.0
2-3-1,Run1,189104842763,2.9674072265625,3.4633026123046875,1.0
2-3-1,Run1,189104859418,2.9339752197265625,3.4571990966796875,1.0
2-3-1,Run1,189104876073,2.901641845703125,3.44171142578125,1.0
2-3-1,Run1,189104892728,2.9062042236328125,3.434967041015625,1.0
2-3-1,Run1,189104909382,2.9368438720703125,3.44915771484375,1.0
2-3-1,Run1,189104926037,2.9106597900390625,3.6119232177734375,1.0
2-3-1,Run1,189104942692,2.9228668212890625,3.560943603515625,1.0
2-3-1,Run1,189104959346,2.942413330078125,3.434066772460937,1.0
2-3-1,Run1,189104976001,2.91790771484375,3.426177978515625,1.0
2-3-1,Run1,189104992656,2.929550170898437,3.4539947509765625,1.0
2-3-1,Run1,189105009311,2.9227752685546875,3.459869384765625,1.0
2-3-1,Run1,189105025966,2.93975830078125,3.438583374023437,1.0
2-3-1,Run1,189105042621,2.948516845703125,3.4516143798828125,1.0
2-3-1,Run1,189105059275,2.943634033203125,3.472152709960937,1.0
2-3-1,Run1,189105075930,2.936279296875,3.4622955322265625,1.0
2-3-1,Run1,189105092585,2.925567626953125,3.5625762939453125,1.0
2-3-1,Run1,189105109240,2.8086090087890625,3.5609375,1.0
2-3-1,Run1,189105125894,2.8283353533063615,3.5592987060546877,0.0
2-3-1,Run1,189105142549,2.8480616978236606,3.557659912109375,0.0
2-3-1,Run1,189105159204,2.8677880423409596,3.5560211181640624,0.0
2-3-1,Run1,189105175859,2.887514386858259,3.55438232421875,0.0
2-3-1,Run1,189105192514,2.907240731375558,3.5527435302734376,0.0
2-3-1,Run1,189105209169,2.926967075892857,3.551104736328125,0.0
2-3-1,Run1,189105225823,2.9466934204101562,3.5494659423828123,0.0
2-3-1,Run1,189105242478,2.9664197649274553,3.5478271484375,0.0
2-3-1,Run1,189105259133,2.9861461094447543,3.5461883544921875,0.0
2-3-1,Run1,189105275787,3.0058724539620534,3.544549560546875,0.0
2-3-1,Run1,189105306696,3.025598798479353,3.5429107666015627,0.0
2-3-1,Run1,189105323352,3.045325142996652,3.54127197265625,0.0
2-3-1,Run1,189105357394,3.065051487513951,3.5396331787109374,0.0
2-3-1,Run1,189105374049,3.08477783203125,3.537994384765625,1.0
2-3-1,Run1,189105390704,2.994613647460937,3.4257965087890625,1.0
2-3-1,Run1,189105407358,3.0031280517578125,3.45208740234375,1.0
2-3-1,Run1,189105424013,2.9788970947265625,3.51275634765625,1.0
2-3-1,Run1,189105440668,2.997177124023437,3.5171661376953125,1.0
2-3-1,Run1,189105457322,3.030502319335937,3.521514892578125,1.0
2-3-1,Run1,189105473977,3.0656890869140625,3.522857666015625,1.0
2-3-1,Run1,189105490633,3.07464599609375,3.5464630126953125,1.0
2-3-1,Run1,189105507288,3.0742645263671875,3.5938720703125,1.0
2-3-1,Run1,189105523942,3.0568084716796875,3.570892333984375,1.0
2-3-1,Run1,189105540597,3.056549072265625,3.5466461181640625,1.0
2-3-1,Run1,189105557252,3.2122955322265625,3.6906890869140634,1.0
2-3-1,Run1,189105573906,3.2613983154296875,3.6765289306640634,1.0
2-3-1,Run1,189105590561,3.0839080810546875,3.5753631591796875,1.0
2-3-1,Run1,189105607216,3.131072998046875,3.5779266357421875,1.0
2-3-1,Run1,189105623870,3.153656005859375,3.537567138671875,1.0
2-3-1,Run1,189105640526,3.0880584716796875,3.52410888671875,1.0
2-3-1,Run1,189105657181,3.06329345703125,3.5423126220703125,1.0
2-3-1,Run1,189105673835,3.0615386962890625,3.529754638671875,1.0
2-3-1,Run1,189105690490,3.0653076171875,3.607864379882813,1.0
2-3-1,Run1,189105707145,3.0377349853515625,3.6458740234375,1.0
2-3-1,Run1,189105723799,3.0035552978515625,3.509994506835937,1.0
2-3-1,Run1,189105740454,3.000839233398437,3.5158233642578125,1.0
2-3-1,Run1,189105757109,2.965179443359375,3.505126953125,1.0
2-3-1,Run1,189105773764,2.960968017578125,3.484466552734375,1.0
2-3-1,Run1,189105790418,2.9281005859375,3.47235107421875,1.0
2-3-1,Run1,189105807074,2.930816650390625,3.462310791015625,1.0
2-3-1,Run1,189105823729,2.939727783203125,3.446044921875,1.0
2-3-1,Run1,189105840383,2.942962646484375,3.4454498291015625,1.0
2-3-1,Run1,189105857038,2.9340057373046875,3.454986572265625,1.0
2-3-1,Run1,189105873693,2.921737670898437,3.47735595703125,1.0
2-3-1,Run1,189105890347,2.9326171875,3.470001220703125,1.0
2-3-1,Run1,189105907002,2.940170288085937,3.4524383544921875,1.0
2-3-1,Run1,189105923657,2.916366577148437,3.458648681640625,1.0
2-3-1,Run1,189105940311,2.9020538330078125,3.4498748779296875,1.0
2-3-1,Run1,189105956967,2.9351348876953125,3.5512847900390625,1.0
2-3-1,Run1,189105973622,2.9477081298828125,3.590789794921875,1.0
2-3-1,Run1,189105990276,2.920166015625,3.4599609375,1.0
2-3-1,Run1,189106006931,2.9271697998046875,3.4452667236328125,1.0
2-3-1,Run1,189106023586,2.9599151611328125,3.4483184814453125,1.0
2-3-1,Run1,189106040241,2.95062255859375,3.4309844970703125,1.0
2-3-1,Run1,189106056895,2.9500885009765625,3.4373931884765625,1.0
2-3-1,Run1,189106073550,2.9653472900390625,3.483642578125,1.0
2-3-1,Run1,189106090205,2.965316772460937,3.464630126953125,1.0
2-3-1,Run1,189106106859,2.9568023681640625,3.435272216796875,1.0
2-3-1,Run1,189106123515,2.9432373046875,3.43817138671875,1.0
2-3-1,Run1,189106140170,2.955291748046875,3.475433349609375,1.0
2-3-1,Run1,189106156824,2.9598541259765625,3.476669311523437,1.0
2-3-1,Run1,189106173479,2.9679107666015625,3.47174072265625,1.0
2-3-1,Run1,189106190134,2.965667724609375,3.646453857421875,1.0
2-3-1,Run1,189106206788,2.95172119140625,3.5320281982421875,1.0
2-3-1,Run1,189106223443,2.9798736572265625,3.4545135498046875,1.0
2-3-1,Run1,189106240098,2.993865966796875,3.4699859619140625,1.0
2-3-1,Run1,189106256752,2.987884521484375,3.46063232421875,1.0
2-3-1,Run1,189106273408,2.970321655273437,3.4693145751953125,1.0
2-3-1,Run1,189106290063,2.9842987060546875,3.604827880859375,1.0
2-3-1,Run1,189106306718,3.001007080078125,3.6086273193359375,1.0
2-3-1,Run1,189106323372,3.0231170654296875,3.507186889648437,1.0
2-3-1,Run1,189106340027,3.0137939453125,3.5338134765625,1.0
2-3-1,Run1,189106356682,2.9908905029296875,3.684127807617188,1.0
2-3-1,Run1,189106373336,2.987411499023437,3.6801910400390634,1.0
2-3-1,Run1,189106389991,2.9822998046875,3.6801910400390634,1.0
2-3-1,Run1,189106406646,2.8482666015625,3.6565704345703134,1.0
2-3-1,Run1,189106423300,2.7467066446940103,3.6329498291015634,0.0
2-3-1,Run1,189106439956,2.645146687825521,3.609329223632813,0.0
2-3-1,Run1,189106456611,2.5435867309570312,3.585708618164063,0.0
2-3-1,Run1,189106473265,2.4420267740885415,3.562088012695313,0.0
2-3-1,Run1,189106489920,2.3404668172200522,3.538467407226563,0.0
2-3-1,Run1,189106506575,2.2389068603515625,3.514846801757813,1.0
2-3-1,Run1,189106523229,2.2389068603515625,3.491226196289063,1.0
2-3-1,Run1,189106539883,2.776153564453125,3.4676055908203125,1.0
2-3-1,Run1,189106556538,2.869842529296875,3.4439849853515625,1.0
2-3-1,Run1,189106573193,2.924530029296875,3.4203643798828125,1.0
2-3-1,Run1,189106589847,3.0024566650390625,3.3914337158203125,1.0
2-3-1,Run1,189106606503,3.07769775390625,3.5188446044921875,1.0
2-3-1,Run1,189106623158,3.04461669921875,3.5863037109375,1.0
2-3-1,Run1,189106639812,3.0690155029296875,3.49969482421875,1.0
2-3-1,Run1,189106656467,3.077545166015625,3.568344116210937,1.0
2-3-1,Run1,189106673122,3.0591278076171875,3.5774383544921875,1.0
2-3-1,Run1,189106689776,3.2040557861328125,3.5549774169921875,1.0
2-3-1,Run1,189106706431,3.283172607421875,3.600372314453125,1.0
2-3-1,Run1,189106723086,3.1141815185546875,3.609786987304688,1.0
2-3-1,Run1,189106739740,3.11376953125,3.6113433837890634,1.0
2-3-1,Run1,189106756396,3.10455322265625,3.623245239257813,1.0
2-3-1,Run1,189106773051,3.1178436279296875,3.625946044921875,1.0
2-3-1,Run1,189106789705,3.142440795898437,3.743896484375,1.0
2-3-1,Run1,189106806360,3.1307830810546875,3.764007568359375,1.0
2-3-1,Run1,189106823015,3.11566162109375,3.6102447509765625,1.0
2-3-1,Run1,189106839670,3.1026153564453125,3.6086273193359375,1.0
2-3-1,Run1,189106856324,3.100494384765625,3.59271240234375,1.0
2-3-1,Run1,189106872979,3.1165008544921875,3.5866851806640625,1.0
2-3-1,Run1,189106889634,3.0962371826171875,3.6021881103515625,1.0
2-3-1,Run1,189106906288,3.0586090087890625,3.598785400390625,1.0
2-3-1,Run1,189106922944,3.058090209960937,3.596160888671875,1.0
2-3-1,Run1,189106939599,3.048919677734375,3.58062744140625,1.0
2-3-1,Run1,189106956253,3.0343170166015625,3.5633544921875,1.0
2-3-1,Run1,189106972908,2.94329833984375,3.5038604736328125,1.0
2-3-1,Run1,189106989563,2.9489898681640625,3.4842529296875,1.0
2-3-1,Run1,189107006217,3.0344390869140625,3.4842529296875,1.0
2-3-1,Run1,189107022872,3.0188446044921875,3.4588775634765625,1.0
2-3-1,Run1,189107039527,2.991424560546875,3.504241943359375,1.0
2-3-1,Run1,189107056181,2.985595703125,3.51708984375,1.0
2-3-1,Run1,189107072837,2.9762115478515625,3.512420654296875,1.0
2-3-1,Run1,189107089492,2.982513427734375,3.502227783203125,1.0
2-3-1,Run1,189107106147,3.0078125,3.4956512451171875,1.0
2-3-1,Run1,189107122801,2.99542236328125,3.50860595703125,1.0
2-3-1,Run1,189107139456,2.97479248046875,3.511703491210937,1.0
2-3-1,Run1,189107156111,2.972747802734375,3.5140380859375,1.0
2-3-1,Run1,189107172765,2.88726806640625,3.4857940673828125,1.0
2-3-1,Run1,189107189420,3.0088729858398438,3.550201416015625,0.0
2-3-1,Run1,189107206075,3.130477905273437,3.6146087646484375,1.0
2-3-1,Run1,189107222729,2.9646148681640625,3.45977783203125,1.0
2-3-1,Run1,189107239385,2.95269775390625,3.4532470703125,1.0
2-3-1,Run1,189107256040,3.100860595703125,3.4461822509765625,1.0
2-3-1,Run1,189107272694,3.1715850830078125,3.4414825439453125,1.0
2-3-1,Run1,189107289349,2.966339111328125,3.4556121826171875,1.0
2-3-1,Run1,189107306004,2.946380615234375,3.4300689697265625,1.0
2-3-1,Run1,189107322658,2.9370574951171875,3.413116455078125,1.0
2-3-1,Run1,189107339313,2.9159088134765625,3.414413452148437,1.0
2-3-1,Run1,189107355968,2.8786163330078125,3.383209228515625,1.0
2-3-1,Run1,189107372623,2.876556396484375,3.390975952148437,1.0
2-3-1,Run1,189107389277,2.88543701171875,3.379501342773437,1.0
2-3-1,Run1,189107405933,2.869781494140625,3.3911590576171875,1.0
2-3-1,Run1,189107422588,2.8673095703125,3.373886108398437,1.0
2-3-1,Run1,189107439242,2.844940185546875,3.3516998291015625,1.0
2-3-1,Run1,189107455897,2.8327178955078125,3.3609619140625,1.0
2-3-1,Run1,189107472552,2.867950439453125,3.376373291015625,1.0
2-3-1,Run1,189107489206,2.8572235107421875,3.3738250732421875,1.0
2-3-1,Run1,189107505861,2.8064422607421875,3.344146728515625,1.0
2-3-1,Run1,189107522516,2.792266845703125,3.3377227783203125,1.0
2-3-1,Run1,189107539169,2.8448028564453125,3.35400390625,1.0
2-3-1,Run1,189107555825,2.8447418212890625,3.34625244140625,1.0
2-3-1,Run1,189107572480,2.7911376953125,3.34185791015625,1.0
2-3-1,Run1,189107589134,2.9490509033203125,3.3607635498046875,1.0
2-3-1,Run1,189107605789,3.033050537109375,3.380035400390625,1.0
2-3-1,Run1,189107622444,2.8216705322265625,3.376495361328125,1.0
2-3-1,Run1,189107639099,2.8297576904296875,3.3498687744140625,1.0
2-3-1,Run1,189107655753,2.854583740234375,3.3417205810546875,1.0
2-3-1,Run1,189107672408,2.8280792236328125,3.3600311279296875,1.0
2-3-1,Run1,189107689063,2.820785522460937,3.385101318359375,1.0
2-3-1,Run1,189107705718,2.858734130859375,3.392333984375,1.0
2-3-1,Run1,189107722373,2.8866729736328125,3.3683319091796875,1.0
2-3-1,Run1,189107739028,2.891098022460937,3.3849334716796875,1.0
2-3-1,Run1,189107755682,2.907943725585937,3.414291381835937,1.0
2-3-1,Run1,189107772337,2.91668701171875,3.3911285400390625,1.0
2-3-1,Run1,189107788992,3.108245849609375,3.42083740234375,1.0
2-3-1,Run1,189107805646,3.1707000732421875,3.4453582763671875,1.0
2-3-1,Run1,189107822301,2.95849609375,3.594345092773437,1.0
2-3-1,Run1,189107838956,2.972991943359375,3.58978271484375,1.0
2-3-1,Run1,189107855610,3.2019195556640625,3.58978271484375,1.0
2-3-1,Run1,189107872266,3.229354858398437,3.5030899047851562,1.0
2-3-1,Run1,189107888921,3.229354858398437,3.4163970947265625,1.0
2-3-1,Run1,189107905576,3.0633316040039062,3.4935760498046875,1.0
2-3-1,Run1,189107922230,2.897308349609375,3.5190582275390625,1.0
2-3-1,Run1,189107938885,3.0405426025390625,3.5071258544921875,1.0
2-3-1,Run1,189107955540,3.0146026611328125,3.521331787109375,1.0
2-3-1,Run1,189107972194,3.044921875,3.54364013671875,1.0
2-3-1,Run1,189107988849,3.0799102783203125,3.57080078125,1.0
2-3-1,Run1,189108005504,3.057769775390625,3.57598876953125,1.0
2-3-1,Run1,189108022159,3.085678100585937,3.5675811767578125,1.0
2-3-1,Run1,189108038814,3.10125732421875,3.5636138916015625,1.0
2-3-1,Run1,189108055469,3.117660522460937,3.5702056884765625,1.0
2-3-1,Run1,189108072123,3.1095733642578125,3.580657958984375,1.0
2-3-1,Run1,189108088778,3.28900146484375,3.7092132568359375,1.0
2-3-1,Run1,189108105433,3.306793212890625,3.731964111328125,1.0
2-3-1,Run1,189108122087,3.306793212890625,3.619232177734375,1.0
2-3-1,Run1,189108138742,3.1792984008789062,3.633590698242188,1.0
2-3-1,Run1,189108155397,3.0518035888671875,3.6260986328125,1.0
2-3-1,Run1,189108172052,3.145355224609375,3.6281890869140634,1.0
2-3-1,Run1,189108188707,3.1559600830078125,3.6592864990234375,1.0
2-3-1,Run1,189108205362,3.168670654296875,3.663299560546875,1.0
2-3-1,Run1,189108222017,3.15802001953125,3.7917633056640634,1.0
2-3-1,Run1,189108238671,3.1741943359375,3.775970458984375,1.0
2-3-1,Run1,189108255326,3.15863037109375,3.6810302734375,1.0
2-3-1,Run1,189108271981,3.143463134765625,3.673751831054688,1.0
2-3-1,Run1,189108288635,3.325958251953125,3.6412200927734375,1.0
2-3-1,Run1,189108305290,3.339752197265625,3.6375732421875,1.0
2-3-1,Run1,189108321945,3.1476287841796875,3.642410278320313,1.0
2-3-1,Run1,189108338599,3.1121978759765625,3.65447998046875,1.0
2-3-1,Run1,189108355254,3.098724365234375,3.66064453125,1.0
2-3-1,Run1,189108371910,3.1134796142578125,3.637298583984375,1.0
2-3-1,Run1,189108388564,3.0885772705078125,3.62591552734375,1.0
2-3-1,Run1,189108405219,3.084991455078125,3.64239501953125,1.0
2-3-1,Run1,189108421874,3.081085205078125,3.635574340820313,1.0
2-3-1,Run1,189108438529,3.0565643310546875,3.635284423828125,1.0
2-3-1,Run1,189108455183,3.0572052001953125,3.484481811523437,1.0
2-3-1,Run1,189108471838,2.9458160400390625,3.30889892578125,1.0
2-3-1,Run1,189108488493,2.9911670684814453,3.30715094672309,0.0
2-3-1,Run1,189108505147,3.036518096923828,3.3054029676649304,0.0
2-3-1,Run1,189108521803,3.081869125366211,3.303654988606771,0.0
2-3-1,Run1,189108538457,3.1272201538085938,3.301907009548611,0.0
2-3-1,Run1,189108555111,3.1725711822509766,3.3001590304904513,0.0
2-3-1,Run1,189108571766,3.2179222106933594,3.2984110514322915,0.0
2-3-1,Run1,189108588421,3.263273239135742,3.296663072374132,0.0
2-3-1,Run1,189108605075,3.308624267578125,3.2949150933159723,1.0
2-3-1,Run1,189108621730,3.1206512451171875,3.2931671142578125,1.0
2-3-1,Run1,189108638385,3.103057861328125,3.2931671142578125,1.0
2-3-1,Run1,189108655040,3.0666046142578125,3.424346923828125,1.0
2-3-1,Run1,189108671695,3.07177734375,3.564117431640625,1.0
2-3-1,Run1,189108688350,3.10284423828125,3.614578247070313,1.0
2-3-1,Run1,189108705005,3.106689453125,3.5109100341796875,1.0
2-3-1,Run1,189108721659,3.1396942138671875,3.1815338134765625,1.0
2-3-1,Run1,189108738314,3.057403564453125,3.1815338134765625,1.0
2-3-1,Run1,189108754969,3.0731353759765625,3.454864501953125,1.0
2-3-1,Run1,189108771623,3.0731353759765625,3.454864501953125,1.0
2-3-1,Run1,189108788278,3.15435791015625,3.60479736328125,0.0
2-3-1,Run1,189108804933,3.235580444335937,3.754730224609375,1.0
2-3-1,Run1,189108821588,3.134674072265625,3.670623779296875,1.0
2-3-1,Run1,189108838243,3.140655517578125,3.6662445068359375,1.0
2-3-1,Run1,189108854898,3.151214599609375,3.67205810546875,1.0
2-3-1,Run1,189108871552,3.16949462890625,3.6694488525390634,1.0
2-3-1,Run1,189108888207,3.1834716796875,3.73052978515625,1.0
2-3-1,Run1,189108904862,3.17730712890625,3.66455078125,1.0
2-3-1,Run1,189108921516,3.161590576171875,3.6316070556640634,1.0
2-3-1,Run1,189108938171,3.13232421875,3.643096923828125,1.0
2-3-1,Run1,189108954826,3.2119903564453125,3.623214721679688,1.0
2-3-1,Run1,189108971482,3.1851806640625,3.6422271728515625,1.0
2-3-1,Run1,189108988136,3.007720947265625,3.7485198974609375,1.0
2-3-1,Run1,189109004791,2.8542633056640625,3.6912137545072117,1.0
2-3-1,Run1,189109021446,2.844625299627131,3.6339076115534854,0.0
2-3-1,Run1,189109038100,2.8349872935901987,3.5766014685997596,0.0
2-3-1,Run1,189109054755,2.825349287553267,3.5192953256460338,0.0
2-3-1,Run1,189109071410,2.8157112815163354,3.4619891826923075,0.0
2-3-1,Run1,189109088064,2.8060732754794033,3.4046830397385817,0.0
2-3-1,Run1,189109104719,2.7964352694424717,3.347376896784856,0.0
2-3-1,Run1,189109121374,2.7867972634055396,3.29007075383113,0.0
2-3-1,Run1,189109138028,2.777159257368608,3.2327646108774037,0.0
2-3-1,Run1,189109154683,2.7675212513316763,3.175458467923678,0.0
2-3-1,Run1,189109171339,2.757883245294744,3.1181523249699516,0.0
2-3-1,Run1,189109187993,2.7482452392578125,3.060846182016226,1.0
2-3-1,Run1,189109204648,2.871200561523437,3.0035400390625,1.0
2-3-1,Run1,189109221303,2.8427276611328125,3.082122802734375,1.0
2-3-1,Run1,189109237958,2.85601806640625,3.3599395751953125,1.0
2-3-1,Run1,189109254612,2.87628173828125,3.386871337890625,1.0
2-3-1,Run1,189109271267,2.871322631835937,3.369491577148437,1.0
2-3-1,Run1,189109287922,2.849517822265625,3.408599853515625,1.0
2-3-1,Run1,189109304576,2.85101318359375,3.3651580810546875,1.0
2-3-1,Run1,189109321231,2.892913818359375,3.400253295898437,1.0
2-3-1,Run1,189109337887,2.9219970703125,3.298828125,1.0
2-3-1,Run1,189109354541,2.8877410888671875,3.2717437744140625,1.0
2-3-1,Run1,189109371196,2.8890533447265625,3.41326904296875,1.0
2-3-1,Run1,189109387851,2.87054443359375,3.4376678466796875,1.0
2-3-1,Run1,189109404505,2.851409912109375,3.445159912109375,1.0
2-3-1,Run1,189109421160,2.887542724609375,3.468597412109375,1.0
2-3-1,Run1,189109437815,2.900009155273437,3.4636383056640625,1.0
2-3-1,Run1,189109454469,2.89373779296875,3.47784423828125,1.0
2-3-1,Run1,189109471124,2.9116363525390625,3.48681640625,1.0
2-3-1,Run1,189109487780,2.921661376953125,3.468994140625,1.0
2-3-1,Run1,189109504435,2.97711181640625,3.4724273681640625,1.0
2-3-1,Run1,189109521089,3.021453857421875,3.4288482666015625,1.0
2-3-1,Run1,189109537743,3.018585205078125,3.4380035400390625,1.0
2-3-1,Run1,189109554398,3.00543212890625,3.521209716796875,1.0
2-3-1,Run1,189109571052,2.9964752197265625,3.5210723876953125,1.0
2-3-1,Run1,189109587707,3.02923583984375,3.628860473632813,1.0
2-3-1,Run1,189109604363,3.039947509765625,3.68048095703125,1.0
2-3-1,Run1,189109621017,3.03466796875,3.68048095703125,1.0
2-3-1,Run1,189109637672,2.9498291015625,3.6375109354654946,1.0
2-3-1,Run1,189109654327,2.997528076171875,3.5945409138997397,1.0
2-3-1,Run1,189109670981,3.0027511596679686,3.5515708923339844,0.0
2-3-1,Run1,189109687636,3.0079742431640626,3.508600870768229,0.0
2-3-1,Run1,189109704291,3.013197326660156,3.465630849202474,0.0
2-3-1,Run1,189109720945,3.01842041015625,3.4226608276367188,0.0
2-3-1,Run1,189109737600,3.0236434936523438,3.3796908060709634,0.0
2-3-1,Run1,189109754255,3.0288665771484373,3.3367207845052085,0.0
2-3-1,Run1,189109770911,3.0340896606445313,3.293750762939453,0.0
2-3-1,Run1,189109787565,3.039312744140625,3.2507807413736978,0.0
2-3-1,Run1,189109804220,3.044535827636719,3.207810719807943,0.0
2-3-1,Run1,189109820875,3.0497589111328125,3.1648406982421875,1.0
2-3-1,Run1,189109837529,3.13812255859375,3.4183349609375,1.0
2-3-1,Run1,189109854184,3.1223602294921875,3.673583984375,1.0
2-3-1,Run1,189109870839,3.12591552734375,3.6786956787109375,1.0
2-3-1,Run1,189109887493,3.154876708984375,3.7050933837890634,1.0
2-3-1,Run1,189109904148,3.16265869140625,3.740753173828125,1.0
2-3-1,Run1,189109920803,3.1650848388671875,3.755950927734375,1.0
2-3-1,Run1,189109937457,3.1721343994140625,3.734664916992188,1.0
2-3-1,Run1,189109954112,3.1786041259765625,3.823196411132813,1.0
2-3-1,Run1,189109970768,3.082794189453125,3.8175557454427085,1.0
2-3-1,Run1,189109987422,3.1794509887695312,3.8119150797526045,0.0
2-3-1,Run1,189110004077,3.276107788085937,3.8062744140625,1.0
2-3-1,Run1,189110020732,3.149444580078125,3.706573486328125,1.0
2-3-1,Run1,189110037387,3.16119384765625,3.710601806640625,1.0
2-3-1,Run1,189110054041,3.157577514648437,3.70843505859375,1.0
2-3-1,Run1,189110070696,3.1677703857421875,3.70318603515625,1.0
2-3-1,Run1,189110087351,3.142929077148437,3.692626953125,1.0
2-3-1,Run1,189110104005,3.118743896484375,3.691741943359375,1.0
2-3-1,Run1,189110120660,3.1150054931640625,3.699432373046875,1.0
2-3-1,Run1,189110137316,3.116729736328125,3.695892333984375,1.0
2-3-1,Run1,189110153970,3.084091186523437,3.6800689697265625,1.0
2-3-1,Run1,189110170625,3.0688018798828125,3.658843994140625,1.0
2-3-1,Run1,189110187280,3.0708465576171875,3.623458862304688,1.0
2-3-1,Run1,189110203934,3.0632476806640625,3.6059722900390634,1.0
2-3-1,Run1,189110220589,3.053985595703125,3.575103759765625,1.0
2-3-1,Run1,189110237244,3.0173797607421875,3.5701446533203125,1.0
2-3-1,Run1,189110253898,3.003082275390625,3.571258544921875,1.0
2-3-1,Run1,189110270553,3.0160064697265625,3.559921264648437,1.0
2-3-1,Run1,189110287209,3.0073394775390625,3.547607421875,1.0
2-3-1,Run1,189110303864,3.028228759765625,3.5447540283203125,1.0
2-3-1,Run1,189110320518,3.0413055419921875,3.5401611328125,1.0
2-3-1,Run1,189110337173,2.89154052734375,3.4704132080078125,1.0
2-3-1,Run1,189110353828,2.923812866210937,3.464263916015625,1.0
2-3-1,Run1,189110370482,2.923812866210937,3.464263916015625,1.0
2-3-1,Run1,189110387137,3.0197982788085938,3.51922607421875,1.0
2-3-1,Run1,189110403792,3.11578369140625,3.549346923828125,1.0
2-3-1,Run1,189110420446,3.04058837890625,3.53204345703125,1.0
2-3-1,Run1,189110437101,3.0404052734375,3.5117340087890625,1.0
2-3-1,Run1,189110453757,3.115219116210937,3.544174194335937,1.0
2-3-1,Run1,189110470411,3.1038970947265625,3.5357818603515625,1.0
2-3-1,Run1,189110487066,3.0467987060546875,3.505844116210937,1.0
2-3-1,Run1,189110503721,3.061431884765625,3.5123291015625,1.0
2-3-1,Run1,189110520375,3.0686187744140625,3.506256103515625,1.0
2-3-1,Run1,189110537029,3.0732421875,3.5061798095703125,1.0
2-3-1,Run1,189110553684,3.079940795898437,3.494735717773437,1.0
2-3-1,Run1,189110570340,3.0269012451171875,3.4532470703125,1.0
2-3-1,Run1,189110586994,2.978931427001953,3.427668253580729,0.0
2-3-1,Run1,189110603649,2.9309616088867188,3.4020894368489585,0.0
2-3-1,Run1,189110620304,2.8829917907714844,3.3765106201171875,0.0
2-3-1,Run1,189110636958,2.83502197265625,3.3509318033854165,0.0
2-3-1,Run1,189110653613,2.7870521545410156,3.325352986653646,0.0
2-3-1,Run1,189110670268,2.7390823364257812,3.299774169921875,0.0
2-3-1,Run1,189110686922,2.691112518310547,3.274195353190104,0.0
2-3-1,Run1,189110703577,2.6431427001953125,3.2486165364583335,1.0
2-3-1,Run1,189110720232,2.7521209716796875,3.2230377197265625,1.0
2-3-1,Run1,189110736886,2.831024169921875,3.46343994140625,1.0
2-3-1,Run1,189110753541,2.8755340576171875,3.4760284423828125,1.0
2-3-1,Run1,189110770197,2.968536376953125,3.3778076171875,1.0
2-3-1,Run1,189110786851,2.9285430908203125,3.384384155273437,1.0
2-3-1,Run1,189110803506,2.901031494140625,3.353988647460937,1.0
2-3-1,Run1,189110820161,2.929061889648437,3.34967041015625,1.0
2-3-1,Run1,189110836816,2.9214324951171875,3.3689727783203125,1.0
2-3-1,Run1,189110853470,2.8704071044921875,3.36932373046875,1.0
2-3-1,Run1,189110870125,2.8896484375,3.3800811767578125,1.0
2-3-1,Run1,189110886780,2.9056549072265625,3.376693725585937,1.0
2-3-1,Run1,189110903434,2.917144775390625,3.351715087890625,1.0
2-3-1,Run1,189110920089,2.8878631591796875,3.3477783203125,1.0
2-3-1,Run1,189110936745,2.8769683837890625,3.3579559326171875,1.0
2-3-1,Run1,189110953399,2.8798065185546875,3.351226806640625,1.0
2-3-1,Run1,189110970054,2.8856353759765625,3.3416290283203125,1.0
2-3-1,Run1,189110986709,2.900146484375,3.339691162109375,1.0
2-3-1,Run1,189111003363,2.9007110595703125,3.3665924072265625,1.0
2-3-1,Run1,189111020018,2.9123687744140625,3.374374389648437,1.0
2-3-1,Run1,189111036673,2.9379119873046875,3.3691558837890625,1.0
2-3-1,Run1,189111053327,2.953964233398437,3.380859375,1.0
2-3-1,Run1,189111069982,2.9511260986328125,3.4137115478515625,1.0
2-3-1,Run1,189111086637,2.9774627685546875,3.430648803710937,1.0
2-3-1,Run1,189111103293,3.005340576171875,3.4048614501953125,1.0
2-3-1,Run1,189111119947,3.181381225585937,3.4360809326171875,1.0
2-3-1,Run1,189111136602,3.237060546875,3.4506378173828125,1.0
2-3-1,Run1,189111153257,3.237060546875,3.4589385986328125,1.0
2-3-1,Run1,189111169911,3.2308168411254883,3.4727783203125,1.0
2-3-1,Run1,189111186566,3.2245731353759766,3.344085693359375,1.0
2-3-1,Run1,189111203221,3.218329429626465,3.154144287109375,1.0
2-3-1,Run1,189111219875,3.212085723876953,3.1842991755558896,0.0
2-3-1,Run1,189111236530,3.2058420181274414,3.2144540640024037,0.0
2-3-1,Run1,189111253186,3.1995983123779297,3.2446089524489183,0.0
2-3-1,Run1,189111269840,3.193354606628418,3.2747638408954325,0.0
2-3-1,Run1,189111286495,3.1871109008789062,3.304918729341947,0.0
2-3-1,Run1,189111303150,3.1808671951293945,3.3350736177884617,0.0
2-3-1,Run1,189111319804,3.174623489379883,3.365228506234976,0.0
2-3-1,Run1,189111336459,3.168379783630371,3.3953833946814904,0.0
2-3-1,Run1,189111353114,3.1621360778808594,3.425538283128005,0.0
2-3-1,Run1,189111384730,3.1558923721313477,3.455693171574519,0.0
2-3-1,Run1,189111401385,3.149648666381836,3.4858480600210338,0.0
2-3-1,Run1,189111435425,3.143404960632324,3.516002948467548,0.0
2-3-1,Run1,189111452080,3.1371612548828125,3.5461578369140625,1.0
2-3-1,Run1,189111468735,3.230087280273437,3.6401519775390634,1.0
2-3-1,Run1,189111485389,3.2474365234375,3.643707275390625,1.0
2-3-1,Run1,189111502044,3.24078369140625,3.65240478515625,1.0
2-3-1,Run1,189111518699,3.270416259765625,3.6932373046875,1.0
2-3-1,Run1,189111535353,3.281845092773437,3.680694580078125,1.0
2-3-1,Run1,189111552008,3.286285400390625,3.6922454833984375,1.0
2-3-1,Run1,189111568663,3.2308502197265625,3.6479644775390634,1.0
2-3-1,Run1,189111585318,3.258209228515625,3.6651763916015625,1.0
2-3-1,Run1,189111601973,3.30181884765625,3.711181640625,1.0
2-3-1,Run1,189111618628,3.37933349609375,3.806060791015625,1.0
2-3-1,Run1,189111635282,3.4028778076171875,3.6949462890625,1.0
2-3-1,Run1,189111651937,3.33380126953125,3.681488037109375,1.0
2-3-1,Run1,189111668592,3.3264617919921875,3.712860107421875,1.0
2-3-1,Run1,189111685247,3.3143463134765625,3.7103271484375,1.0
2-3-1,Run1,189111701901,3.3235015869140625,3.6940765380859375,1.0
2-3-1,Run1,189111718556,3.4060211181640625,3.704498291015625,1.0
2-3-1,Run1,189111735212,3.3718719482421875,3.71636962890625,1.0
2-3-1,Run1,189111751866,3.3718719482421875,3.770660400390625,1.0
2-3-1,Run1,189111768521,3.3201471964518228,3.693069458007813,1.0
2-3-1,Run1,189111785176,3.2684224446614585,3.65899658203125,1.0
2-3-1,Run1,189111801830,3.2166976928710938,3.638885498046875,1.0
2-3-1,Run1,189111818485,3.164972941080729,3.684600830078125,0.0
2-3-1,Run1,189111835140,3.1132481892903647,3.730316162109375,1.0
2-3-1,Run1,189111851794,3.0615234375,3.608062744140625,1.0
2-3-1,Run1,189111868449,3.14495849609375,3.6009063720703125,1.0
2-3-1,Run1,189111885104,3.1148834228515625,3.58563232421875,1.0
2-3-1,Run1,189111901759,3.0932159423828125,3.5499725341796875,1.0
2-3-1,Run1,189111918414,3.0769500732421875,3.5478057861328125,1.0
2-3-1,Run1,189111935069,3.0697784423828125,3.561141967773437,1.0
2-3-1,Run1,189111951724,3.0465087890625,3.5103759765625,1.0
2-3-1,Run1,189111968378,3.027801513671875,3.4892120361328125,1.0
2-3-1,Run1,189111985033,2.994476318359375,3.460418701171875,1.0
2-3-1,Run1,189112001688,2.976913452148437,3.4470367431640625,1.0
2-3-1,Run1,189112018342,2.944610595703125,3.461669921875,1.0
2-3-1,Run1,189112034997,2.9397125244140625,3.48370361328125,1.0
2-3-1,Run1,189112051652,2.947174072265625,3.451629638671875,1.0
2-3-1,Run1,189112068307,2.942901611328125,3.4301910400390625,1.0
2-3-1,Run1,189112084962,2.919036865234375,3.438446044921875,1.0
2-3-1,Run1,189112101617,2.898406982421875,3.4387969970703125,1.0
2-3-1,Run1,189112118271,2.913558959960937,3.406494140625,1.0
2-3-1,Run1,189112134926,2.9290924072265625,3.394515991210937,1.0
2-3-1,Run1,189112151581,2.904266357421875,3.4000396728515625,1.0
2-3-1,Run1,189112168235,2.869964599609375,3.3982391357421875,1.0
2-3-1,Run1,189112184890,2.84912109375,3.38714599609375,1.0
2-3-1,Run1,189112201545,2.87896728515625,3.392807006835937,1.0
2-3-1,Run1,189112218201,2.910140991210937,3.5503692626953125,1.0
2-3-1,Run1,189112234855,2.913421630859375,3.5332794189453125,1.0
2-3-1,Run1,189112251510,3.0781707763671875,3.5332794189453125,1.0
2-3-1,Run1,189112268165,3.119476318359375,3.4330978393554688,1.0
2-3-1,Run1,189112284819,2.9542694091796875,3.332916259765625,1.0
2-3-1,Run1,189112301474,2.93548583984375,3.3999481201171875,1.0
2-3-1,Run1,189112318129,2.94708251953125,3.42083740234375,1.0
2-3-1,Run1,189112334783,2.959625244140625,3.4215545654296875,1.0
2-3-1,Run1,189112351438,3.110260009765625,3.4167022705078125,1.0
2-3-1,Run1,189112368093,3.159271240234375,3.4061737060546875,1.0
2-3-1,Run1,189112384748,2.993194580078125,3.4319610595703125,1.0
2-3-1,Run1,189112401403,2.9962615966796875,3.458343505859375,1.0
2-3-1,Run1,189112418058,3.1669464111328125,3.5789337158203125,1.0
2-3-1,Run1,189112434712,3.2183074951171875,3.5934295654296875,1.0
2-3-1,Run1,189112451367,3.0517578125,3.48162841796875,1.0
2-3-1,Run1,189112468022,3.0315704345703125,3.445663452148437,1.0
2-3-1,Run1,189112484677,3.192718505859375,3.492660522460937,1.0
2-3-1,Run1,189112501331,3.1834177652994793,3.4976057895394255,0.0
2-3-1,Run1,189112517986,3.174117024739583,3.502551056617914,0.0
2-3-1,Run1,189112534641,3.1648162841796874,3.5074963236964023,0.0
2-3-1,Run1,189112551296,3.1555155436197917,3.5124415907748907,0.0
2-3-1,Run1,189112567951,3.1462148030598955,3.517386857853379,0.0
2-3-1,Run1,189112584606,3.1369140625,3.5223321249318675,0.0
2-3-1,Run1,189112601260,3.127613321940104,3.5272773920103555,0.0
2-3-1,Run1,189112617915,3.118312581380208,3.532222659088844,0.0
2-3-1,Run1,189112634570,3.1090118408203122,3.5371679261673323,0.0
2-3-1,Run1,189112651224,3.0997111002604165,3.5421131932458207,0.0
2-3-1,Run1,189112667879,3.0904103597005204,3.547058460324309,0.0
2-3-1,Run1,189112684534,3.0811096191406246,3.5520037274027976,0.0
2-3-1,Run1,189112701189,3.071808878580729,3.556948994481286,0.0
2-3-1,Run1,189112717844,3.0625081380208328,3.5618942615597744,0.0
2-3-1,Run1,189112734499,3.053207397460937,3.566839528638263,1.0
2-3-1,Run1,189112751154,3.0014190673828125,3.5717847957167512,1.0
2-3-1,Run1,189112767808,3.1524658203125,3.5767300627952396,1.0
2-3-1,Run1,189112784463,3.223541259765625,3.581675329873728,1.0
2-3-1,Run1,189112801118,3.21136474609375,3.5866205969522165,1.0
2-3-1,Run1,189112817772,3.351058959960937,3.591565864030705,1.0
2-3-1,Run1,189112834427,3.351715087890625,3.5965111311091933,1.0
2-3-1,Run1,189112851082,3.351715087890625,3.6014563981876813,1.0
2-3-1,Run1,189112867737,3.244415283203125,3.6064016652661697,0.0
2-3-1,Run1,189112884392,3.137115478515625,3.611346932344658,1.0
2-3-1,Run1,189112901047,3.2476959228515625,3.6162921994231465,1.0
2-3-1,Run1,189112917701,3.4105987548828125,3.621237466501635,1.0
2-3-1,Run1,189112934356,3.419677734375,3.6261827335801233,1.0
2-3-1,Run1,189112951011,3.419677734375,3.6311280006586117,1.0
2-3-1,Run1,189112967665,3.2953262329101562,3.6360732677371,0.0
2-3-1,Run1,189112984320,3.1709747314453125,3.6410185348155886,1.0
2-3-1,Run1,189113000975,3.28216552734375,3.645963801894077,1.0
2-3-1,Run1,189113017630,3.279449462890625,3.6509090689725654,1.0
2-3-1,Run1,189113034285,3.2734527587890625,3.655854336051054,1.0
2-3-1,Run1,189113050940,3.405014038085937,3.6607996031295422,1.0
2-3-1,Run1,189113067595,3.389923095703125,3.6657448702080306,1.0
2-3-1,Run1,189113084249,3.251434326171875,3.6706901372865186,1.0
2-3-1,Run1,189113100904,3.24365234375,3.675635404365007,1.0
2-3-1,Run1,189113117559,3.368392944335937,3.6805806714434954,1.0
2-3-1,Run1,189113134213,3.3782196044921875,3.685525938521984,1.0
2-3-1,Run1,189113150868,3.2259674072265625,3.6904712056004723,1.0
2-3-1,Run1,189113167523,3.1982879638671875,3.6954164726789607,1.0
2-3-1,Run1,189113184178,3.187347412109375,3.700361739757449,1.0
2-3-1,Run1,189113200833,3.181625366210937,3.7053070068359375,1.0
2-3-1,Run1,189113217488,3.1854248046875,3.609542846679688,1.0
2-3-1,Run1,189113234142,3.1975250244140625,3.619415283203125,1.0
2-3-1,Run1,189113250797,3.15692138671875,3.629791259765625,1.0
2-3-1,Run1,189113267452,3.13372802734375,3.628570556640625,1.0
2-3-1,Run1,189113284107,3.1251678466796875,3.608001708984375,1.0
2-3-1,Run1,189113300761,3.11590576171875,3.6014404296875,1.0
2-3-1,Run1,189113317416,3.10687255859375,3.5799713134765625,1.0
2-3-1,Run1,189113334071,3.11920166015625,3.581573486328125,1.0
2-3-1,Run1,189113350726,3.1279449462890625,3.607711791992188,1.0
2-3-1,Run1,189113367381,3.119140625,3.610794067382813,1.0
2-3-1,Run1,189113384036,3.126129150390625,3.6020050048828125,1.0
2-3-1,Run1,189113400690,3.1238250732421875,3.594146728515625,1.0
2-3-1,Run1,189113417345,3.101348876953125,3.5803985595703125,1.0
2-3-1,Run1,189113434000,3.0941925048828125,3.5923004150390625,1.0
2-3-1,Run1,189113450654,3.07476806640625,3.739700317382813,1.0
2-3-1,Run1,189113467309,2.916244506835937,2.7096099853515625,1.0
2-3-1,Run1,189113483964,2.8459625244140625,2.7096099853515625,1.0
2-3-1,Run1,189113500618,2.7892669677734374,2.790121078491211,0.0
2-3-1,Run1,189113517274,2.7325714111328123,2.8706321716308594,0.0
2-3-1,Run1,189113533929,2.6758758544921872,2.951143264770508,0.0
2-3-1,Run1,189113550584,2.619180297851562,3.0316543579101562,0.0
2-3-1,Run1,189113567238,2.562484741210937,3.1121654510498047,1.0
2-3-1,Run1,189113583893,2.562484741210937,3.192676544189453,1.0
2-3-1,Run1,189113600548,2.7907333374023438,3.2731876373291016,0.0
2-3-1,Run1,189113617202,3.01898193359375,3.35369873046875,1.0
2-3-1,Run1,189113633857,3.1112060546875,3.53179931640625,1.0
2-3-1,Run1,189113650512,3.1025543212890625,3.5921630859375,1.0
2-3-1,Run1,189113667167,3.108993530273437,3.5459442138671875,1.0
2-3-1,Run1,189113683822,3.117279052734375,3.580429077148437,1.0
2-3-1,Run1,189113700477,3.12896728515625,3.59893798828125,1.0
2-3-1,Run1,189113717131,3.141998291015625,3.60888671875,1.0
2-3-1,Run1,189113733786,3.1536407470703125,3.61688232421875,1.0
2-3-1,Run1,189113750441,3.3032379150390625,3.780807495117188,1.0
2-3-1,Run1,189113767095,3.3925933837890625,3.765213012695313,1.0
2-3-1,Run1,189113783750,3.207260131835937,3.6474761962890634,1.0
2-3-1,Run1,189113800405,3.1951904296875,3.671707153320313,1.0
2-3-1,Run1,189113817060,3.21270751953125,3.695144653320313,1.0
2-3-1,Run1,189113833715,3.1961212158203125,3.69049072265625,1.0
2-3-1,Run1,189113850370,3.213134765625,3.6998138427734375,1.0
2-3-1,Run1,189113867025,3.23779296875,3.689254760742188,1.0
2-3-1,Run1,189113883679,3.251983642578125,3.6982574462890634,1.0
2-3-1,Run1,189113900334,3.2603759765625,3.690261840820313,1.0
2-3-1,Run1,189113916989,3.246185302734375,3.69769287109375,1.0
2-3-1,Run1,189113933643,3.23602294921875,3.71063232421875,1.0
2-3-1,Run1,189113950298,3.2426300048828125,3.7307281494140634,1.0
2-3-1,Run1,189113966953,3.2302398681640625,3.743927001953125,1.0
2-3-1,Run1,189113983607,3.2268524169921875,3.711135864257813,1.0
2-3-1,Run1,189114000263,3.2382354736328125,3.702926635742188,1.0
2-3-1,Run1,189114016918,3.2155914306640625,3.7310791015625,1.0
2-3-1,Run1,189114033572,3.195785522460937,3.734619140625,1.0
2-3-1,Run1,189114050227,3.191757202148437,3.715911865234375,1.0
2-3-1,Run1,189114066882,3.1881561279296875,3.703125,1.0
2-3-1,Run1,189114083537,3.1883697509765625,3.787506103515625,1.0
2-3-1,Run1,189114100191,3.1720733642578125,3.810256958007813,1.0
2-3-1,Run1,189114116846,3.170867919921875,3.690628051757813,1.0
2-3-1,Run1,189114133501,3.1800537109375,3.667892456054688,1.0
2-3-1,Run1,189114150156,3.156158447265625,3.656402587890625,1.0
2-3-1,Run1,189114166811,3.149688720703125,3.668975830078125,1.0
2-3-1,Run1,189114183466,3.144622802734375,3.659622192382813,1.0
2-3-1,Run1,189114200120,3.143661499023437,3.6403961181640634,1.0
2-3-1,Run1,189114216775,3.1350860595703125,3.620330810546875,1.0
2-3-1,Run1,189114233430,3.122665405273437,3.630828857421875,1.0
2-3-1,Run1,189114250084,3.123764038085937,3.633102416992188,1.0
2-3-1,Run1,189114266739,3.1154022216796875,3.609664916992188,1.0
2-3-1,Run1,189114283394,3.1091766357421875,3.607864379882813,1.0
2-3-1,Run1,189114300048,3.144073486328125,3.617218017578125,1.0
2-3-1,Run1,189114316704,3.32659912109375,3.7049713134765625,1.0
2-3-1,Run1,189114333359,3.287628173828125,3.6977386474609375,1.0
2-3-1,Run1,189114350014,3.132415771484375,3.5919189453125,1.0
2-3-1,Run1,189114366668,3.13726806640625,3.607467651367188,1.0
2-3-1,Run1,189114383323,3.2941131591796875,3.732879638671875,1.0
2-3-1,Run1,189114399978,3.2312164306640625,3.683135986328125,1.0
2-3-1,Run1,189114416632,3.086395263671875,3.5778350830078125,1.0
2-3-1,Run1,189114433287,3.1245574951171875,3.576278686523437,1.0
2-3-1,Run1,189114449942,3.1115875244140625,3.5702362060546875,1.0
2-3-1,Run1,189114466596,3.0689849853515625,3.578460693359375,1.0
2-3-1,Run1,189114483252,3.082748413085937,3.5836639404296875,1.0
2-3-1,Run1,189114499907,3.097137451171875,3.5811004638671875,1.0
2-3-1,Run1,189114516561,3.25311279296875,3.690139770507813,1.0
2-3-1,Run1,189114533216,3.233428955078125,3.713958740234375,1.0
2-3-1,Run1,189114549871,3.110824584960937,3.5825958251953125,1.0
2-3-1,Run1,189114566525,3.114593505859375,3.574249267578125,1.0
2-3-1,Run1,189114583180,3.0943145751953125,3.585113525390625,1.0
2-3-1,Run1,189114599835,3.1026763916015625,3.5859527587890625,1.0
2-3-1,Run1,189114616490,3.1328277587890625,3.579208374023437,1.0
2-3-1,Run1,189114633145,3.12677001953125,3.584335327148437,1.0
2-3-1,Run1,189114649800,3.1091461181640625,3.5944976806640625,1.0
2-3-1,Run1,189114666455,3.1227569580078125,3.61187744140625,1.0
2-3-1,Run1,189114683109,3.1255340576171875,3.594833374023437,1.0
2-3-1,Run1,189114699764,3.128402709960937,3.599716186523437,1.0
2-3-1,Run1,189114716419,3.1500244140625,3.6296539306640634,1.0
2-3-1,Run1,189114733073,3.16656494140625,3.621658325195313,1.0
2-3-1,Run1,189114749728,3.187957763671875,3.6364898681640634,1.0
2-3-1,Run1,189114766383,3.1739044189453125,3.633255004882813,1.0
2-3-1,Run1,189114783037,3.1761627197265625,3.65020751953125,1.0
2-3-1,Run1,189114799693,3.209716796875,3.668991088867188,1.0
2-3-1,Run1,189114816348,3.219329833984375,3.666671752929688,1.0
2-3-1,Run1,189114833002,3.2274627685546875,3.6694183349609375,1.0
2-3-1,Run1,189114849657,3.39898681640625,3.8017730712890634,1.0
2-3-1,Run1,189114866312,2.6958770751953125,3.770812988281251,1.0
2-3-1,Run1,189114882967,2.6958770751953125,3.7398529052734384,1.0
2-3-1,Run1,189114899621,2.7471603393554687,3.708892822265626,0.0
2-3-1,Run1,189114916276,2.798443603515625,3.677932739257813,0.0
2-3-1,Run1,189114932931,2.8497268676757814,3.6469726562500004,0.0
2-3-1,Run1,189114949585,2.9010101318359376,3.616012573242188,0.0
2-3-1,Run1,189114966241,2.9522933959960938,3.5850524902343754,0.0
2-3-1,Run1,189114982896,3.00357666015625,3.554092407226563,0.0
2-3-1,Run1,189114999550,3.054859924316406,3.52313232421875,0.0
2-3-1,Run1,189115016205,3.1061431884765627,3.4921722412109375,0.0
2-3-1,Run1,189115032860,3.157426452636719,3.461212158203125,0.0
2-3-1,Run1,189115049514,3.208709716796875,3.4302520751953125,1.0
2-3-1,Run1,189115066169,3.3071441650390625,3.61163330078125,1.0
2-3-1,Run1,189115082824,3.2994537353515625,3.670135498046875,1.0
2-3-1,Run1,189115099478,3.2992401123046875,3.671554565429688,1.0
2-3-1,Run1,189115116134,3.3007049560546875,3.70953369140625,1.0
2-3-1,Run1,189115132789,3.30511474609375,3.6968994140625,1.0
2-3-1,Run1,189115149444,3.29888916015625,3.7386322021484375,1.0
2-3-1,Run1,189115166098,3.29095458984375,3.774932861328125,1.0
2-3-1,Run1,189115182753,3.2921295166015625,3.78472900390625,1.0
2-3-1,Run1,189115199408,3.2851715087890625,3.7724609375,1.0
2-3-1,Run1,189115216062,3.404937744140625,3.7642822265625,1.0
2-3-1,Run1,189115232717,3.364593505859375,3.7642669677734375,1.0
2-3-1,Run1,189115249372,3.2500457763671875,3.78314208984375,1.0
2-3-1,Run1,189115266026,3.2712860107421875,3.777420043945313,1.0
2-3-1,Run1,189115282682,3.4139556884765625,3.800949096679688,1.0
2-3-1,Run1,189115299337,3.369232177734375,3.784500122070313,1.0
2-3-1,Run1,189115315991,3.369232177734375,3.846923828125,1.0
2-3-1,Run1,189115332646,3.3052101135253906,3.813919067382813,1.0
2-3-1,Run1,189115349301,3.2411880493164062,3.813919067382813,1.0
2-3-1,Run1,189115365955,3.1771659851074214,3.7370071411132812,0.0
2-3-1,Run1,189115382610,3.113143920898437,3.66009521484375,1.0
2-3-1,Run1,189115399265,3.191314697265625,3.7049560546875,1.0
2-3-1,Run1,189115415920,3.1810302734375,3.6849212646484375,1.0
2-3-1,Run1,189115432574,3.1794891357421875,3.6904296875,1.0
2-3-1,Run1,189115449230,3.1506805419921875,3.67822265625,1.0
2-3-1,Run1,189115465885,3.152694702148437,3.651763916015625,1.0
2-3-1,Run1,189115482539,3.152069091796875,3.6212005615234375,1.0
2-3-1,Run1,189115499194,3.1437530517578125,3.6166839599609375,1.0
2-3-1,Run1,189115515849,3.1165924072265625,3.5934295654296875,1.0
2-3-1,Run1,189115532503,3.116195678710937,3.5888824462890625,1.0
2-3-1,Run1,189115549158,3.1197967529296875,3.607818603515625,1.0
2-3-1,Run1,189115565813,3.107650756835937,3.612380981445313,1.0
2-3-1,Run1,189115582467,3.0908966064453125,3.613128662109375,1.0
2-3-1,Run1,189115599123,3.0880279541015625,3.6128997802734375,1.0
2-3-1,Run1,189115615778,3.09161376953125,3.58917236328125,1.0
2-3-1,Run1,189115632432,3.0853271484375,3.583343505859375,1.0
2-3-1,Run1,189115649087,3.078399658203125,3.70208740234375,1.0
2-3-1,Run1,189115665742,3.0862274169921875,3.684417724609375,1.0
2-3-1,Run1,189115682397,3.082000732421875,3.684417724609375,1.0
2-3-1,Run1,189115699051,3.0790557861328125,3.6156051635742186,1.0
2-3-1,Run1,189115715706,3.096405029296875,3.5467926025390626,1.0
2-3-1,Run1,189115732361,3.0990142822265625,3.477980041503906,1.0
2-3-1,Run1,189115749015,3.0899200439453125,3.40916748046875,1.0
2-3-1,Run1,189115765671,3.090057373046875,3.3403549194335938,1.0
2-3-1,Run1,189115782326,3.0969390869140625,3.2715423583984373,1.0
2-3-1,Run1,189115798980,3.08807373046875,3.2027297973632813,1.0
2-3-1,Run1,189115815635,3.08056640625,3.133917236328125,1.0
2-3-1,Run1,189115832290,3.0916748046875,3.065104675292969,1.0
2-3-1,Run1,189115848944,3.243392944335937,2.9962921142578125,1.0
2-3-1,Run1,189115865599,3.282257080078125,2.927479553222656,1.0
2-3-1,Run1,189115882254,3.1219940185546875,2.8586669921875,1.0
2-3-1,Run1,189115898908,3.1290283203125,2.7898544311523437,1.0
2-3-1,Run1,189115915564,3.1583404541015625,2.7210418701171877,1.0
2-3-1,Run1,189115932219,3.15521240234375,2.6522293090820312,1.0
2-3-1,Run1,189115948874,3.160400390625,2.583416748046875,1.0
2-3-1,Run1,189115965528,3.172088623046875,2.514604187011719,1.0
2-3-1,Run1,189115982183,3.1912994384765625,2.445791625976563,1.0
2-3-1,Run1,189115998838,3.157501220703125,2.3769790649414064,1.0
2-3-1,Run1,189116015492,3.108261108398437,2.30816650390625,1.0
2-3-1,Run1,189116032147,3.00372314453125,2.30816650390625,1.0
2-3-1,Run1,189116048802,3.0500411987304688,2.4345889621310763,0.0
2-3-1,Run1,189116065456,3.0963592529296875,2.5610114203559027,0.0
2-3-1,Run1,189116082112,3.1426773071289062,2.687433878580729,0.0
2-3-1,Run1,189116098767,3.188995361328125,2.8138563368055554,0.0
2-3-1,Run1,189116115421,3.2353134155273438,2.940278795030382,0.0
2-3-1,Run1,189116132076,3.2816314697265625,3.0667012532552085,1.0
2-3-1,Run1,189116148731,3.10791015625,3.193123711480035,1.0
2-3-1,Run1,189116165385,3.1685028076171875,3.319546169704861,1.0
2-3-1,Run1,189116182040,3.2191925048828125,3.4459686279296875,1.0
2-3-1,Run1,189116198695,3.1967926025390625,3.5863494873046875,1.0
2-3-1,Run1,189116215350,3.2173004150390625,3.690109252929688,1.0
2-3-1,Run1,189116232004,3.241424560546875,3.698532104492188,1.0
2-3-1,Run1,189116248660,3.226669311523437,3.726654052734375,1.0
2-3-1,Run1,189116265315,3.21746826171875,3.7505035400390634,1.0
2-3-1,Run1,189116281969,3.24237060546875,3.7536468505859375,1.0
2-3-1,Run1,189116298624,3.2686309814453125,3.73968505859375,1.0
2-3-1,Run1,189116315279,3.279052734375,3.7369232177734375,1.0
2-3-1,Run1,189116331933,3.2837371826171875,3.745407104492188,1.0
2-3-1,Run1,189116348588,3.2849578857421875,3.757278442382813,1.0
2-3-1,Run1,189116365243,3.2977752685546875,3.741424560546875,1.0
2-3-1,Run1,189116381897,3.3169403076171875,3.7454986572265625,1.0
2-3-1,Run1,189116398553,3.319549560546875,3.7607574462890634,1.0
2-3-1,Run1,189116415208,3.32373046875,3.77264404296875,1.0
2-3-1,Run1,189116431862,3.3155670166015625,3.7885589599609375,1.0
2-3-1,Run1,189116448517,3.444442749023437,3.9426116943359375,1.0
2-3-1,Run1,189116465172,3.4438629150390625,3.8829345703125,1.0
2-3-1,Run1,189116481827,3.2993621826171875,3.7958831787109375,1.0
2-3-1,Run1,189116498481,3.301254272460937,3.797637939453125,1.0
2-3-1,Run1,189116515136,3.304306030273437,3.782806396484375,1.0
2-3-1,Run1,189116531791,3.292510986328125,3.779327392578125,1.0
2-3-1,Run1,189116548445,3.2831573486328125,3.768630981445313,1.0
2-3-1,Run1,189116565101,3.27899169921875,3.76617431640625,1.0
2-3-1,Run1,189116581756,3.2705535888671875,3.762741088867188,1.0
2-3-1,Run1,189116598409,3.2562408447265625,3.739212036132813,1.0
2-3-1,Run1,189116615064,3.250106811523437,3.732696533203125,1.0
2-3-1,Run1,189116631719,3.223876953125,3.73419189453125,1.0
2-3-1,Run1,189116648373,3.338851928710937,3.814773559570313,1.0
2-3-1,Run1,189116665028,3.312315368652343,3.8325209184126425,0.0
2-3-1,Run1,189116681683,3.28577880859375,3.850268277254972,0.0
2-3-1,Run1,189116698337,3.259242248535156,3.8680156360973013,0.0
2-3-1,Run1,189116714992,3.232705688476562,3.885762994939631,0.0
2-3-1,Run1,189116731648,3.2061691284179688,3.9035103537819604,0.0
2-3-1,Run1,189116748303,3.179632568359375,3.92125771262429,0.0
2-3-1,Run1,189116764957,3.153096008300781,3.9390050714666196,0.0
2-3-1,Run1,189116781612,3.1265594482421872,3.956752430308949,0.0
2-3-1,Run1,189116798267,3.100022888183594,3.9744997891512783,0.0
2-3-1,Run1,189116814921,3.073486328125,3.992247147993608,1.0
2-3-1,Run1,189116831576,3.1394195556640625,4.0099945068359375,1.0
2-3-1,Run1,189116848231,3.1245880126953125,3.688507080078125,1.0
2-3-1,Run1,189116864885,3.15216064453125,3.6317291259765625,1.0
2-3-1,Run1,189116881540,3.1319580078125,3.628982543945313,1.0
2-3-1,Run1,189116898195,3.14422607421875,3.608810424804688,1.0
2-3-1,Run1,189116914849,3.1867218017578125,3.6475830078125,1.0
2-3-1,Run1,189116931504,3.177963256835937,3.647506713867188,1.0
2-3-1,Run1,189116948159,3.173095703125,3.654754638671875,1.0
2-3-1,Run1,189116964813,3.218246459960937,3.668289184570313,1.0
2-3-1,Run1,189116981468,3.3863067626953125,3.67138671875,1.0
2-3-1,Run1,189116998123,3.321075439453125,3.672454833984375,1.0
2-3-1,Run1,189117014778,3.1952056884765625,3.68341064453125,1.0
2-3-1,Run1,189117031432,3.194549560546875,3.67803955078125,1.0
2-3-1,Run1,189117048088,3.196014404296875,3.702713012695313,1.0
2-3-1,Run1,189117064743,3.209625244140625,3.699005126953125,1.0
2-3-1,Run1,189117081397,3.215316772460937,3.686355590820313,1.0
2-3-1,Run1,189117098052,3.217636108398437,3.6896820068359375,1.0
2-3-1,Run1,189117114707,3.2151641845703125,3.7182464599609375,1.0
2-3-1,Run1,189117131361,3.2166290283203125,3.7231292724609375,1.0
2-3-1,Run1,189117148016,3.240142822265625,3.722991943359375,1.0
2-3-1,Run1,189117164671,3.2453765869140625,3.7175445556640634,1.0
2-3-1,Run1,189117181325,3.371002197265625,3.801467895507813,1.0
2-3-1,Run1,189117197980,3.319686889648437,3.79705810546875,1.0
2-3-1,Run1,189117214635,3.19464111328125,3.69171142578125,1.0
2-3-1,Run1,189117231289,3.213165283203125,3.713455200195313,1.0
2-3-1,Run1,189117247944,3.2081298828125,3.7016754150390634,1.0
2-3-1,Run1,189117264599,3.21044921875,3.689407348632813,1.0
2-3-1,Run1,189117281254,3.212249755859375,3.699050903320313,1.0
2-3-1,Run1,189117297908,3.1834259033203125,3.684783935546875,1.0
2-3-1,Run1,189117314563,3.1797637939453125,3.661529541015625,1.0
2-3-1,Run1,189117331218,3.190185546875,3.666717529296875,1.0
2-3-1,Run1,189117347872,3.1779937744140625,3.6689605712890634,1.0
2-3-1,Run1,189117364528,3.1738739013671875,3.6534423828125,1.0
2-3-1,Run1,189117381183,3.178253173828125,3.630050659179688,1.0
2-3-1,Run1,189117397837,3.1995391845703125,3.6468505859375,1.0
2-3-1,Run1,189117414492,3.361114501953125,3.7955322265625,1.0
2-3-1,Run1,189117431147,3.301971435546875,3.753372192382813,1.0
2-3-1,Run1,189117447801,3.173980712890625,3.630950927734375,1.0
2-3-1,Run1,189117464456,3.18798828125,3.615921020507813,1.0
2-3-1,Run1,189117481110,3.191375732421875,3.64630126953125,1.0
2-3-1,Run1,189117497765,3.20068359375,3.6694488525390634,1.0
2-3-1,Run1,189117514420,3.211212158203125,3.6700592041015625,1.0
2-3-1,Run1,189117531075,3.1940155029296875,3.66876220703125,1.0
2-3-1,Run1,189117547730,3.305999755859375,3.776443481445313,1.0
2-3-1,Run1,189117564384,3.4127349853515625,3.792724609375,1.0
2-3-1,Run1,189117581039,3.2591552734375,3.792724609375,1.0
2-3-1,Run1,189117597694,3.263702392578125,3.7230987548828125,1.0
2-3-1,Run1,189117614348,3.2696075439453125,3.653472900390625,1.0
2-3-1,Run1,189117631003,3.2657470703125,3.71826171875,1.0
2-3-1,Run1,189117647658,3.290252685546875,3.84600830078125,1.0
2-3-1,Run1,189117664312,3.30621337890625,3.897659301757813,1.0
2-3-1,Run1,189117680967,3.30987548828125,3.76776123046875,1.0
2-3-1,Run1,189117697623,3.317901611328125,3.7707366943359375,1.0
2-3-1,Run1,189117714277,3.4661102294921875,3.905059814453125,1.0
2-3-1,Run1,189117730932,3.45941162109375,3.888381958007813,1.0
2-3-1,Run1,189117747587,3.3203582763671875,3.786102294921875,1.0
2-3-1,Run1,189117764240,3.3247528076171875,3.79522705078125,1.0
2-3-1,Run1,189117780895,3.325912475585937,3.8001708984375,1.0
2-3-1,Run1,189117797550,3.3134307861328125,3.79119873046875,1.0
2-3-1,Run1,189117814205,3.325225830078125,3.796310424804688,1.0
2-3-1,Run1,189117830860,3.36083984375,3.794219970703125,1.0
2-3-1,Run1,189117847515,3.369293212890625,3.776535034179688,1.0
2-3-1,Run1,189117864170,3.3488006591796875,3.744049072265625,1.0
2-3-1,Run1,189117880824,3.50494384765625,3.7874603271484375,1.0
2-3-1,Run1,189117897479,3.455404281616211,3.7164573669433594,0.0
2-3-1,Run1,189117914134,3.405864715576172,3.6454544067382812,0.0
2-3-1,Run1,189117930788,3.356325149536133,3.574451446533203,0.0
2-3-1,Run1,189117947443,3.3067855834960938,3.503448486328125,0.0
2-3-1,Run1,189117964098,3.2572460174560542,3.432445526123047,0.0
2-3-1,Run1,189117980752,3.207706451416015,3.3614425659179688,0.0
2-3-1,Run1,189117997407,3.158166885375976,3.2904396057128906,0.0
2-3-1,Run1,189118014063,3.108627319335937,3.2194366455078125,1.0
2-3-1,Run1,189118030717,3.28778076171875,3.2194366455078125,1.0
2-3-1,Run1,189118047372,3.370849609375,3.5200347900390625,1.0
2-3-1,Run1,189118064026,3.3765411376953125,3.7435455322265625,1.0
2-3-1,Run1,189118080681,3.3837890625,3.833175659179688,1.0
2-3-1,Run1,189118097335,3.38134765625,3.7966156005859375,1.0
2-3-1,Run1,189118113990,3.406600952148437,3.8312835693359375,1.0
2-3-1,Run1,189118130645,3.4220123291015625,3.82794189453125,1.0
2-3-1,Run1,189118147300,3.4288330078125,3.85791015625,1.0
2-3-1,Run1,189118163954,3.4169921875,3.874664306640625,1.0
2-3-1,Run1,189118180610,3.420166015625,3.894088745117188,1.0
2-3-1,Run1,189118197264,3.4382476806640625,3.898956298828125,1.0
2-3-1,Run1,189118213919,3.4347076416015625,3.9199066162109375,1.0
2-3-1,Run1,189118230574,3.433441162109375,3.917892456054688,1.0
2-3-1,Run1,189118247228,3.4449005126953125,3.919097900390625,1.0
2-3-1,Run1,189118263883,3.4625701904296875,3.923416137695313,1.0
2-3-1,Run1,189118280538,3.465972900390625,3.920654296875,1.0
2-3-1,Run1,189118297192,3.467132568359375,3.9304046630859375,1.0
2-3-1,Run1,189118313847,3.4579620361328125,3.9275970458984375,1.0
2-3-1,Run1,189118330503,3.463043212890625,3.887283325195313,1.0
2-3-1,Run1,189118347158,3.3674468994140625,3.112579345703125,1.0
2-3-1,Run1,189118363811,3.08660888671875,2.3586578369140625,1.0
2-3-1,Run1,189118380466,3.083547418767756,2.459267356178977,0.0
2-3-1,Run1,189118397121,3.0804859508167612,2.559876875443892,0.0
2-3-1,Run1,189118413775,3.077424482865767,2.6604863947088067,0.0
2-3-1,Run1,189118430430,3.074363014914773,2.7610959139737217,0.0
2-3-1,Run1,189118447085,3.0713015469637783,2.8617054332386362,0.0
2-3-1,Run1,189118463739,3.068240079012784,2.9623149525035513,0.0
2-3-1,Run1,189118480394,3.0651786110617896,3.062924471768466,0.0
2-3-1,Run1,189118497050,3.0621171431107954,3.163533991033381,0.0
2-3-1,Run1,189118513704,3.0590556751598013,3.2641435102982954,0.0
2-3-1,Run1,189118530359,3.0559942072088067,3.36475302956321,0.0
2-3-1,Run1,189118547014,3.0529327392578125,3.465362548828125,1.0
2-3-1,Run1,189118563668,3.1598052978515625,3.6706695556640634,1.0
2-3-1,Run1,189118580323,3.220458984375,3.68328857421875,1.0
2-3-1,Run1,189118596978,3.247711181640625,3.637130737304688,1.0
2-3-1,Run1,189118613633,3.258895874023437,3.695114135742188,1.0
2-3-1,Run1,189118630287,3.2550811767578125,3.699050903320313,1.0
2-3-1,Run1,189118646942,3.2367095947265625,3.7012786865234375,1.0
2-3-1,Run1,189118663597,3.235687255859375,3.705718994140625,1.0
2-3-1,Run1,189118680251,3.2177276611328125,3.85272216796875,1.0
2-3-1,Run1,189118696906,3.20977783203125,3.8622894287109375,1.0
2-3-1,Run1,189118713561,3.207122802734375,3.7530364990234375,1.0
2-3-1,Run1,189118730215,3.211273193359375,3.770431518554688,1.0
2-3-1,Run1,189118746870,3.219970703125,3.7403411865234375,1.0
2-3-1,Run1,189118763525,3.226303100585937,3.712844848632813,1.0
2-3-1,Run1,189118780179,3.21978759765625,3.7068939208984375,1.0
2-3-1,Run1,189118796834,3.209228515625,3.701385498046875,1.0
2-3-1,Run1,189118813490,3.19390869140625,3.71685791015625,1.0
2-3-1,Run1,189118830144,3.2060546875,3.716751098632813,1.0
2-3-1,Run1,189118846799,3.1981201171875,3.6958160400390634,1.0
2-3-1,Run1,189118863454,3.168914794921875,3.67755126953125,1.0
2-3-1,Run1,189118880109,3.1760711669921875,3.650192260742188,1.0
2-3-1,Run1,189118896763,3.164901733398437,3.657318115234375,1.0
2-3-1,Run1,189118913418,3.1356964111328125,3.650802612304688,1.0
2-3-1,Run1,189118930073,3.1393585205078125,3.6357269287109375,1.0
2-3-1,Run1,189118946726,3.13409423828125,3.61749267578125,1.0
2-3-1,Run1,189118963382,3.147216796875,3.6224212646484375,1.0
2-3-1,Run1,189118980037,3.1472625732421875,3.626129150390625,1.0
2-3-1,Run1,189118996691,3.1218414306640625,3.615310668945313,1.0
2-3-1,Run1,189119013346,3.087493896484375,3.605133056640625,1.0
2-3-1,Run1,189119030001,3.1057586669921875,3.5999908447265625,1.0
2-3-1,Run1,189119046655,3.1033477783203125,3.57855224609375,1.0
2-3-1,Run1,189119063310,3.07305908203125,3.5589752197265625,1.0
2-3-1,Run1,189119079965,3.065673828125,3.5561676025390625,1.0
2-3-1,Run1,189119096619,3.04656982421875,3.583969116210937,1.0
2-3-1,Run1,189119113274,3.0621795654296875,3.60491943359375,1.0
2-3-1,Run1,189119129929,3.0802154541015625,3.596588134765625,1.0
2-3-1,Run1,189119146585,3.0627899169921875,3.56121826171875,1.0
2-3-1,Run1,189119163239,3.0505523681640625,3.540863037109375,1.0
2-3-1,Run1,189119179894,3.0264129638671875,3.546051025390625,1.0
2-3-1,Run1,189119196549,3.0251007080078125,3.5525054931640625,1.0
2-3-1,Run1,189119213203,3.0462646484375,3.5402069091796875,1.0
2-3-1,Run1,189119229858,3.0440216064453125,3.512481689453125,1.0
2-3-1,Run1,189119246512,3.051666259765625,3.526397705078125,1.0
2-3-1,Run1,189119263166,3.0534210205078125,3.5542144775390625,1.0
2-3-1,Run1,189119279821,3.0467987060546875,3.6652984619140634,1.0
2-3-1,Run1,189119296477,3.092514038085937,3.6406097412109375,1.0
2-3-1,Run1,189119313131,3.090240478515625,3.52508544921875,1.0
2-3-1,Run1,189119329786,3.0688018798828125,3.5311431884765625,1.0
2-3-1,Run1,189119346441,3.07147216796875,3.5506591796875,1.0
2-3-1,Run1,189119363095,3.059814453125,3.556015014648437,1.0
2-3-1,Run1,189119379750,3.0533447265625,3.5425262451171875,1.0
2-3-1,Run1,189119396405,3.051300048828125,3.521469116210937,1.0
2-3-1,Run1,189119413060,3.2087860107421875,3.5275421142578125,1.0
2-3-1,Run1,189119429714,3.205062866210937,3.542587280273437,1.0
2-3-1,Run1,189119446369,3.0504302978515625,3.53521728515625,1.0
2-3-1,Run1,189119463025,3.045272827148437,3.52642822265625,1.0
2-3-1,Run1,189119479679,3.051544189453125,3.52886962890625,1.0
2-3-1,Run1,189119496334,3.053085327148437,3.546356201171875,1.0
2-3-1,Run1,189119512989,3.0640869140625,3.548919677734375,1.0
2-3-1,Run1,189119529642,3.0520782470703125,3.579452514648437,1.0
2-3-1,Run1,189119546297,3.026962280273437,3.5739288330078125,1.0
2-3-1,Run1,189119562952,3.045196533203125,3.5238494873046875,1.0
2-3-1,Run1,189119579606,3.0636444091796875,3.5330047607421875,1.0
2-3-1,Run1,189119596261,3.098968505859375,3.566268920898437,1.0
2-3-1,Run1,189119612917,3.0944976806640625,3.5586700439453125,1.0
2-3-1,Run1,189119629571,3.058944702148437,3.5242919921875,1.0
2-3-1,Run1,189119646226,3.068466186523437,3.528350830078125,1.0
2-3-1,Run1,189119662881,3.0572967529296875,3.560653686523437,1.0
2-3-1,Run1,189119679536,3.047393798828125,3.57794189453125,1.0
2-3-1,Run1,189119696190,3.0415496826171875,3.5627899169921875,1.0
2-3-1,Run1,189119712845,3.0262451171875,3.5460357666015625,1.0
2-3-1,Run1,189119729500,3.0269317626953125,3.52703857421875,1.0
2-3-1,Run1,189119746154,3.191635131835937,3.6083984375,1.0
2-3-1,Run1,189119762809,3.0286884307861324,3.432209014892578,0.0
2-3-1,Run1,189119779465,2.8657417297363277,3.2560195922851562,0.0
2-3-1,Run1,189119796119,2.702795028686523,3.0798301696777344,0.0
2-3-1,Run1,189119812774,2.5398483276367188,2.9036407470703125,0.0
2-3-1,Run1,189119829428,2.376901626586914,2.7274513244628906,0.0
2-3-1,Run1,189119846082,2.2139549255371094,2.5512619018554688,0.0
2-3-1,Run1,189119862737,2.0510082244873047,2.375072479248047,0.0
2-3-1,Run1,189119879392,1.8880615234375,2.198883056640625,1.0
2-3-1,Run1,189119896046,2.6315460205078125,2.86041259765625,1.0
2-3-1,Run1,189119912701,3.075958251953125,3.4402618408203125,1.0
2-3-1,Run1,189119929356,3.0672760009765625,3.49066162109375,1.0
2-3-1,Run1,189119946012,3.1369171142578125,3.5487213134765625,1.0
2-3-1,Run1,189119962666,3.1107330322265625,3.564788818359375,1.0
2-3-1,Run1,189119979321,3.137908935546875,3.6060638427734375,1.0
2-3-1,Run1,189119995976,3.157012939453125,3.6294097900390634,1.0
2-3-1,Run1,189120012630,3.136459350585937,3.646408081054688,1.0
2-3-1,Run1,189120029285,3.128173828125,3.665939331054688,1.0
2-3-1,Run1,189120045940,3.1095123291015625,3.673782348632813,1.0
2-3-1,Run1,189120062594,3.133529663085937,3.6624755859375,1.0
2-3-1,Run1,189120079249,3.1640625,3.833892822265625,1.0
2-3-1,Run1,189120095904,3.1579742431640625,3.4889373779296875,1.0
2-3-1,Run1,189120112559,3.156585693359375,3.512359619140625,1.0
2-3-1,Run1,189120129213,3.0814971923828125,3.522125244140625,1.0
2-3-1,Run1,189120145868,3.073002062345806,3.5043310868112663,0.0
2-3-1,Run1,189120162522,3.0645069323087992,3.486536929481908,0.0
2-3-1,Run1,189120179177,3.056011802271793,3.4687427721525492,0.0
2-3-1,Run1,189120195832,3.0475166722347864,3.450948614823191,0.0
2-3-1,Run1,189120212487,3.0390215421977795,3.433154457493832,0.0
2-3-1,Run1,189120229141,3.030526412160773,3.415360300164474,0.0
2-3-1,Run1,189120245796,3.0220312821237663,3.397566142835115,0.0
2-3-1,Run1,189120262451,3.01353615208676,3.3797719855057564,0.0
2-3-1,Run1,189120279106,3.0050410220497534,3.361977828176398,0.0
2-3-1,Run1,189120295761,2.9965458920127466,3.3441836708470394,0.0
2-3-1,Run1,189120312416,2.98805076197574,3.326389513517681,0.0
2-3-1,Run1,189120342773,2.9795556319387337,3.3085953561883223,0.0
2-3-1,Run1,189120359428,2.971060501901727,3.290801198858964,0.0
2-3-1,Run1,189120376083,2.9625653718647205,3.2730070415296053,0.0
2-3-1,Run1,189120409471,2.954070241827714,3.2552128842002466,0.0
2-3-1,Run1,189120426126,2.945575111790707,3.2374187268708883,0.0
2-3-1,Run1,189120442780,2.9370799817537008,3.2196245695415295,0.0
2-3-1,Run1,189120459435,2.928584851716694,3.2018304122121712,0.0
2-3-1,Run1,189120476090,2.9200897216796875,3.1840362548828125,1.0
2-3-1,Run1,189120492744,3.008056640625,3.352508544921875,1.0
2-3-1,Run1,189120509399,3.019683837890625,3.4370269775390625,1.0
2-3-1,Run1,189120526054,3.0194549560546875,3.43017578125,1.0
2-3-1,Run1,189120542708,3.0070343017578125,3.3926544189453125,1.0
2-3-1,Run1,189120559363,3.020965576171875,3.4604034423828125,1.0
2-3-1,Run1,189120576018,3.02362060546875,3.512237548828125,1.0
2-3-1,Run1,189120592672,3.01422119140625,3.483306884765625,1.0
2-3-1,Run1,189120609328,3.003265380859375,3.496978759765625,1.0
2-3-1,Run1,189120625983,3.0234375,3.503387451171875,1.0
2-3-1,Run1,189120642638,3.025985717773437,3.523101806640625,1.0
2-3-1,Run1,189120659292,3.03900146484375,3.4911651611328125,1.0
2-3-1,Run1,189120675947,3.046875,3.499542236328125,1.0
2-3-1,Run1,189120692602,3.0294647216796875,3.5374755859375,1.0
2-3-1,Run1,189120709255,3.036529541015625,3.54193115234375,1.0
2-3-1,Run1,189120725910,3.0379791259765625,3.5321197509765625,1.0
2-3-1,Run1,189120742566,3.162948608398437,3.671829223632813,1.0
2-3-1,Run1,189120759220,3.148422241210937,3.722335815429688,1.0
2-3-1,Run1,189120775875,3.018646240234375,3.545257568359375,1.0
2-3-1,Run1,189120792530,3.028427124023437,3.5150299072265625,1.0
2-3-1,Run1,189120809184,3.0169677734375,3.4931182861328125,1.0
2-3-1,Run1,189120825839,2.98980712890625,3.479217529296875,1.0
2-3-1,Run1,189120842494,2.965087890625,3.4755096435546875,1.0
2-3-1,Run1,189120859148,2.984848022460937,3.492950439453125,1.0
2-3-1,Run1,189120875803,2.994415283203125,3.4738006591796875,1.0
2-3-1,Run1,189120892458,2.9774322509765625,3.458648681640625,1.0
2-3-1,Run1,189120909113,2.944549560546875,3.455474853515625,1.0
2-3-1,Run1,189120925768,2.9322967529296875,3.4224090576171875,1.0
2-3-1,Run1,189120942423,2.9408111572265625,3.43524169921875,1.0
2-3-1,Run1,189120959078,2.96380615234375,3.456024169921875,1.0
2-3-1,Run1,189120975732,2.956024169921875,3.4217681884765625,1.0
2-3-1,Run1,189120992387,2.923919677734375,3.4098052978515625,1.0
2-3-1,Run1,189121009041,2.9275054931640625,3.434417724609375,1.0
2-3-1,Run1,189121025695,2.9293670654296875,3.45361328125,1.0
2-3-1,Run1,189121042350,2.905975341796875,3.4099884033203125,1.0
2-3-1,Run1,189121059005,2.89544677734375,3.396881103515625,1.0
2-3-1,Run1,189121075659,2.887069702148437,3.407501220703125,1.0
2-3-1,Run1,189121092315,2.88458251953125,3.4142303466796875,1.0
2-3-1,Run1,189121108970,2.9042205810546875,3.4155731201171875,1.0
2-3-1,Run1,189121125624,2.9149932861328125,3.393829345703125,1.0
2-3-1,Run1,189121142279,2.914703369140625,3.396713256835937,1.0
2-3-1,Run1,189121158934,2.9160919189453125,3.3864898681640625,1.0
2-3-1,Run1,189121175589,2.902099609375,3.38372802734375,1.0
2-3-1,Run1,189121192243,2.896697998046875,3.39129638671875,1.0
2-3-1,Run1,189121208898,2.872406005859375,3.3667144775390625,1.0
2-3-1,Run1,189121225553,2.866302490234375,3.374984741210937,1.0
2-3-1,Run1,189121242207,2.8983154296875,3.50439453125,1.0
2-3-1,Run1,189121258863,2.9169464111328125,3.510848999023437,1.0
2-3-1,Run1,189121275518,2.9197540283203125,3.386199951171875,1.0
2-3-1,Run1,189121292172,2.912460327148437,3.4060821533203125,1.0
2-3-1,Run1,189121308826,2.913543701171875,3.391342163085937,1.0
2-3-1,Run1,189121325481,2.925399780273437,3.364532470703125,1.0
2-3-1,Run1,189121342135,2.947845458984375,3.3623504638671875,1.0
2-3-1,Run1,189121358790,2.9582977294921875,3.3950653076171875,1.0
2-3-1,Run1,189121375445,2.926864624023437,3.412948608398437,1.0
2-3-1,Run1,189121392099,2.8034820556640625,3.287338256835937,1.0
2-3-1,Run1,189121408754,2.8401336669921875,3.1797332763671875,1.0
2-3-1,Run1,189121425410,2.818208966936384,3.1446446010044644,0.0
2-3-1,Run1,189121442065,2.7962842668805803,3.109555925641741,0.0
2-3-1,Run1,189121458719,2.774359566824777,3.074467250279018,0.0
2-3-1,Run1,189121475374,2.752434866768973,3.0393785749162947,0.0
2-3-1,Run1,189121492029,2.7305101667131697,3.0042898995535716,0.0
2-3-1,Run1,189121508683,2.708585466657366,2.969201224190848,0.0
2-3-1,Run1,189121525338,2.6866607666015625,2.934112548828125,1.0
2-3-1,Run1,189121541993,2.777099609375,2.62030029296875,1.0
2-3-1,Run1,189121558647,3.001678466796875,2.958038330078125,1.0
2-3-1,Run1,189121575303,3.0356597900390625,3.3991241455078125,1.0
2-3-1,Run1,189121591958,3.023468017578125,3.418212890625,1.0
2-3-1,Run1,189121608612,3.063507080078125,3.4927978515625,1.0
2-3-1,Run1,189121625267,3.0699615478515625,3.511932373046875,1.0
2-3-1,Run1,189121641922,3.07623291015625,3.71270751953125,1.0
2-3-1,Run1,189121658576,3.0964508056640625,3.681243896484375,1.0
2-3-1,Run1,189121675231,3.0938720703125,3.681243896484375,1.0
2-3-1,Run1,189121691886,3.0885162353515625,3.5857391357421875,1.0
2-3-1,Run1,189121708541,3.0971221923828125,3.490234375,1.0
2-3-1,Run1,189121725195,3.10540771484375,3.576324462890625,1.0
2-3-1,Run1,189121741851,3.0992889404296875,3.6028289794921875,1.0
2-3-1,Run1,189121758506,3.108627319335937,3.59881591796875,1.0
2-3-1,Run1,189121775160,3.1190185546875,3.5966949462890625,1.0
2-3-1,Run1,189121791815,3.136825561523437,3.58831787109375,1.0
2-3-1,Run1,189121808470,3.1373748779296875,3.589569091796875,1.0
2-3-1,Run1,189121825124,3.1440887451171875,3.588775634765625,1.0
2-3-1,Run1,189121841779,3.1514129638671875,3.599029541015625,1.0
2-3-1,Run1,189121858434,3.125762939453125,3.592010498046875,1.0
2-3-1,Run1,189121875088,3.136444091796875,3.6065521240234375,1.0
2-3-1,Run1,189121891743,3.1204071044921875,3.6090087890625,1.0
2-3-1,Run1,189121908399,3.1014556884765625,3.5749053955078125,1.0
2-3-1,Run1,189121925053,3.113555908203125,3.5680694580078125,1.0
2-3-1,Run1,189121941708,3.102157592773437,3.576690673828125,1.0
2-3-1,Run1,189121958363,3.0976104736328125,3.5753936767578125,1.0
2-3-1,Run1,189121975018,3.083251953125,3.56689453125,1.0
2-3-1,Run1,189121991672,3.08685302734375,3.5607452392578125,1.0
2-3-1,Run1,189122008327,3.10089111328125,3.556015014648437,1.0
2-3-1,Run1,189122024982,3.0711669921875,3.5583038330078125,1.0
2-3-1,Run1,189122041636,3.057723999023437,3.5589752197265625,1.0
2-3-1,Run1,189122058291,3.069305419921875,3.547470092773437,1.0
2-3-1,Run1,189122074947,3.0566558837890625,3.527496337890625,1.0
2-3-1,Run1,189122091601,3.060577392578125,3.534698486328125,1.0
2-3-1,Run1,189122108256,3.06378173828125,3.543319702148437,1.0
2-3-1,Run1,189122124911,3.08184814453125,3.5386505126953125,1.0
2-3-1,Run1,189122141565,3.085052490234375,3.492156982421875,1.0
2-3-1,Run1,189122158220,3.06103515625,3.4878082275390625,1.0
2-3-1,Run1,189122174875,3.0574188232421875,3.5268096923828125,1.0
2-3-1,Run1,189122191529,3.044952392578125,3.5222320556640625,1.0
2-3-1,Run1,189122208184,3.03472900390625,3.4919586181640625,1.0
2-3-1,Run1,189122224839,3.0313873291015625,3.510162353515625,1.0
2-3-1,Run1,189122241495,3.01715087890625,3.526519775390625,1.0
2-3-1,Run1,189122258149,3.057235717773437,3.50372314453125,1.0
2-3-1,Run1,189122274804,3.075180053710937,3.472442626953125,1.0
2-3-1,Run1,189122291459,3.041000366210937,3.4785308837890625,1.0
2-3-1,Run1,189122308113,3.022247314453125,3.4803924560546875,1.0
2-3-1,Run1,189122324768,3.0244598388671875,3.471771240234375,1.0
2-3-1,Run1,189122341423,3.0442047119140625,3.49615478515625,1.0
2-3-1,Run1,189122358077,3.0339813232421875,3.4999542236328125,1.0
2-3-1,Run1,189122374732,3.0370330810546875,3.4783935546875,1.0
2-3-1,Run1,189122391388,3.061630249023437,3.49017333984375,1.0
2-3-1,Run1,189122408042,3.075424194335937,3.5044708251953125,1.0
2-3-1,Run1,189122424697,3.080673217773437,3.479721069335937,1.0
2-3-1,Run1,189122441352,3.0672607421875,3.475982666015625,1.0
2-3-1,Run1,189122458006,3.075225830078125,3.5049285888671875,1.0
2-3-1,Run1,189122474661,3.075912475585937,3.529266357421875,1.0
2-3-1,Run1,189122491316,3.061004638671875,3.528656005859375,1.0
2-3-1,Run1,189122507971,3.0725860595703125,3.523056030273437,1.0
2-3-1,Run1,189122524625,3.1080780029296875,3.505844116210937,1.0
2-3-1,Run1,189122541280,3.09759521484375,3.5058135986328125,1.0
2-3-1,Run1,189122557936,3.079330444335937,3.5219268798828125,1.0
2-3-1,Run1,189122574590,3.081817626953125,3.521881103515625,1.0
2-3-1,Run1,189122591245,3.06146240234375,3.52484130859375,1.0
2-3-1,Run1,189122607900,3.2074737548828125,3.540878295898437,1.0
2-3-1,Run1,189122624554,3.2866363525390625,3.544906616210937,1.0
2-3-1,Run1,189122641209,3.1110076904296875,3.5352020263671875,1.0
2-3-1,Run1,189122657864,3.09271240234375,3.5075225830078125,1.0
2-3-1,Run1,189122674518,3.246307373046875,3.58612060546875,1.0
2-3-1,Run1,189122691173,3.222763061523437,3.658401489257813,1.0
2-3-1,Run1,189122707828,3.07855224609375,3.534820556640625,1.0
2-3-1,Run1,189122724483,3.0677642822265625,3.5295867919921875,1.0
2-3-1,Run1,189122741138,3.0714263916015625,3.5571441650390625,1.0
2-3-1,Run1,189122757793,3.0709381103515625,3.565521240234375,1.0
2-3-1,Run1,189122774448,3.0724639892578125,3.5340576171875,1.0
2-3-1,Run1,189122791102,3.08721923828125,3.530624389648437,1.0
2-3-1,Run1,189122807757,3.092071533203125,3.55621337890625,1.0
2-3-1,Run1,189122824412,3.0863494873046875,3.55841064453125,1.0
2-3-1,Run1,189122841066,3.0721893310546875,3.5260772705078125,1.0
2-3-1,Run1,189122857721,3.066192626953125,3.545806884765625,1.0
2-3-1,Run1,189122874376,3.2057647705078125,3.7314300537109375,1.0
2-3-1,Run1,189122891031,3.2464599609375,3.66766357421875,1.0
2-3-1,Run1,189122907686,3.11224365234375,3.5407257080078125,1.0
2-3-1,Run1,189122924341,3.124008178710937,3.5333251953125,1.0
2-3-1,Run1,189122940995,3.2745361328125,3.6475830078125,1.0
2-3-1,Run1,189122957650,3.2164459228515625,3.723556518554688,1.0
2-3-1,Run1,189122974305,3.0885162353515625,3.578582763671875,1.0
2-3-1,Run1,189122990959,3.10247802734375,3.5518035888671875,1.0
2-3-1,Run1,189123007614,3.111434936523437,3.56805419921875,1.0
2-3-1,Run1,189123024269,3.1317138671875,3.5813140869140625,1.0
2-3-1,Run1,189123040924,3.1663818359375,3.5768585205078125,1.0
2-3-1,Run1,189123057579,3.171356201171875,3.56494140625,1.0
2-3-1,Run1,189123074234,3.1519927978515625,3.656768798828125,1.0
2-3-1,Run1,189123090889,3.113143920898437,3.754058837890625,1.0
2-3-1,Run1,189123107543,3.110214233398437,3.5283355712890625,1.0
2-3-1,Run1,189123124198,3.1058349609375,3.499496459960937,1.0
2-3-1,Run1,189123140853,3.2294158935546875,3.5067901611328125,1.0
2-3-1,Run1,189123157507,3.2622528076171875,3.502349853515625,1.0
2-3-1,Run1,189123174162,3.1173095703125,3.5198516845703125,1.0
2-3-1,Run1,189123190817,3.1298065185546875,3.5679168701171875,1.0
2-3-1,Run1,189123207471,3.137924194335937,3.6084136962890634,1.0
2-3-1,Run1,189123224127,3.1393280029296875,3.66937255859375,1.0
2-3-1,Run1,189123240782,3.1355438232421875,3.709564208984375,1.0
2-3-1,Run1,189123257436,3.1505889892578125,3.6202545166015625,1.0
2-3-1,Run1,189123274091,3.1553955078125,3.62969970703125,1.0
2-3-1,Run1,189123290746,3.1555633544921875,3.6488037109375,1.0
2-3-1,Run1,189123307401,3.312347412109375,3.629959106445313,1.0
2-3-1,Run1,189123324055,3.3297271728515625,3.6267242431640634,1.0
2-3-1,Run1,189123340710,3.187530517578125,3.6270904541015625,1.0
2-3-1,Run1,189123357365,3.1976470947265625,3.63946533203125,1.0
2-3-1,Run1,189123374020,3.192489624023437,3.66778564453125,1.0
2-3-1,Run1,189123390675,3.1866607666015625,3.657928466796875,1.0
2-3-1,Run1,189123407330,3.179443359375,3.648025512695313,1.0
2-3-1,Run1,189123423984,3.1683349609375,3.676345825195313,1.0
2-3-1,Run1,189123440639,3.178009033203125,3.5807342529296875,1.0
2-3-1,Run1,189123457294,3.08941650390625,3.4218292236328125,1.0
2-3-1,Run1,189123473948,3.087319113991477,3.404205322265625,0.0
2-3-1,Run1,189123490603,3.0852217240767046,3.3865814208984375,0.0
2-3-1,Run1,189123507258,3.0831243341619317,3.36895751953125,0.0
2-3-1,Run1,189123523912,3.081026944247159,3.3513336181640625,0.0
2-3-1,Run1,189123540568,3.0789295543323862,3.333709716796875,0.0
2-3-1,Run1,189123557223,3.0768321644176138,3.3160858154296875,0.0
2-3-1,Run1,189123573878,3.074734774502841,3.2984619140625,0.0
2-3-1,Run1,189123590532,3.0726373845880683,3.2808380126953125,0.0
2-3-1,Run1,189123607187,3.0705399946732954,3.263214111328125,0.0
2-3-1,Run1,189123623842,3.068442604758523,3.2455902099609375,0.0
2-3-1,Run1,189123640496,3.06634521484375,3.22796630859375,1.0
2-3-1,Run1,189123657151,3.1832427978515625,3.2103424072265625,1.0
2-3-1,Run1,189123673806,3.210113525390625,3.192718505859375,1.0
2-3-1,Run1,189123690460,3.187591552734375,3.4615478515625,1.0
2-3-1,Run1,189123707116,3.194854736328125,3.6875152587890634,1.0
2-3-1,Run1,189123723771,3.2019500732421875,3.6970062255859375,1.0
2-3-1,Run1,189123740425,3.195892333984375,3.721847534179688,1.0
2-3-1,Run1,189123757080,3.198822021484375,3.7069091796875,1.0
2-3-1,Run1,189123773735,3.1919097900390625,3.7154388427734375,1.0
2-3-1,Run1,189123790389,3.2004852294921875,3.717117309570313,1.0
2-3-1,Run1,189123807044,3.1873016357421875,3.740554809570313,1.0
2-3-1,Run1,189123823699,3.2215576171875,3.73516845703125,1.0
2-3-1,Run1,189123840354,3.4164581298828125,3.72564697265625,1.0
2-3-1,Run1,189123857008,3.3846588134765625,3.73785400390625,1.0
2-3-1,Run1,189123873664,3.2038116455078125,3.744064331054688,1.0
2-3-1,Run1,189123890319,3.192489624023437,3.7547607421875,1.0
2-3-1,Run1,189123906973,3.1927032470703125,3.7667236328125,1.0
2-3-1,Run1,189123923628,3.1944732666015625,3.737503051757813,1.0
2-3-1,Run1,189123940283,3.18359375,3.690155029296875,1.0
2-3-1,Run1,189123956937,3.1687469482421875,3.6626129150390634,1.0
2-3-1,Run1,189123973592,3.138031005859375,3.685028076171875,1.0
2-3-1,Run1,189123990247,3.125457763671875,3.70343017578125,1.0
2-3-1,Run1,189124006901,3.291046142578125,3.675018310546875,1.0
2-3-1,Run1,189124023556,3.271392822265625,3.661956787109375,1.0
2-3-1,Run1,189124040212,3.1069793701171875,3.644332885742188,1.0
2-3-1,Run1,189124056866,3.0904083251953125,3.646087646484375,1.0
2-3-1,Run1,189124073521,3.0657196044921875,3.6221771240234375,1.0
2-3-1,Run1,189124090176,3.043563842773437,3.615447998046875,1.0
2-3-1,Run1,189124106831,3.0150604248046875,3.6013946533203125,1.0
2-3-1,Run1,189124123485,3.0114898681640625,3.571075439453125,1.0
2-3-1,Run1,189124140140,3.01409912109375,3.5711212158203125,1.0
2-3-1,Run1,189124156795,2.9999237060546875,3.578826904296875,1.0
2-3-1,Run1,189124173449,2.9670867919921875,3.5646209716796875,1.0
2-3-1,Run1,189124190105,2.9591522216796875,3.5640411376953125,1.0
2-3-1,Run1,189124206760,3.119232177734375,3.5372772216796875,1.0
2-3-1,Run1,189124223414,3.0811309814453125,3.525238037109375,1.0
2-3-1,Run1,189124240069,2.9338531494140625,3.512313842773437,1.0
2-3-1,Run1,189124256724,2.9386444091796875,3.500640869140625,1.0
2-3-1,Run1,189124273378,2.952301025390625,3.4947662353515625,1.0
2-3-1,Run1,189124290033,2.967758178710937,3.501617431640625,1.0
2-3-1,Run1,189124306688,3.1328277587890625,3.6292724609375,1.0
2-3-1,Run1,189124323342,3.124053955078125,3.632156372070313,1.0
2-3-1,Run1,189124339997,2.952178955078125,3.51361083984375,1.0
2-3-1,Run1,189124356653,2.9388427734375,3.500335693359375,1.0
2-3-1,Run1,189124373308,2.9232330322265625,3.4979248046875,1.0
2-3-1,Run1,189124389962,2.8988494873046875,3.495361328125,1.0
2-3-1,Run1,189124406617,2.907470703125,3.484237670898437,1.0
2-3-1,Run1,189124423272,2.934066772460937,3.4939727783203125,1.0
2-3-1,Run1,189124439926,2.95989990234375,3.462387084960937,1.0
2-3-1,Run1,189124456581,2.96405029296875,3.4666748046875,1.0
2-3-1,Run1,189124473236,2.9252471923828125,3.4946746826171875,1.0
2-3-1,Run1,189124489890,2.930938720703125,3.51849365234375,1.0
2-3-1,Run1,189124506545,2.9470367431640625,3.5116729736328125,1.0
2-3-1,Run1,189124523201,2.9367218017578125,3.5028533935546875,1.0
2-3-1,Run1,189124539855,2.957260131835937,3.517791748046875,1.0
2-3-1,Run1,189124556510,2.9951629638671875,3.4961090087890625,1.0
2-3-1,Run1,189124573165,2.99688720703125,3.489776611328125,1.0
2-3-1,Run1,189124589819,2.9649810791015625,3.487899780273437,1.0
2-3-1,Run1,189124606474,2.95623779296875,3.492034912109375,1.0
2-3-1,Run1,189124623129,2.9723052978515625,3.51983642578125,1.0
2-3-1,Run1,189124639784,2.9574432373046875,3.5033416748046875,1.0
2-3-1,Run1,189124656438,2.9559326171875,3.472320556640625,1.0
2-3-1,Run1,189124673093,2.9838409423828125,3.4793853759765625,1.0
2-3-1,Run1,189124689749,2.984237670898437,3.506927490234375,1.0
2-3-1,Run1,189124706403,2.999618530273437,3.508636474609375,1.0
2-3-1,Run1,189124723058,3.0106658935546875,3.487945556640625,1.0
2-3-1,Run1,189124739713,3.0171051025390625,3.516708374023437,1.0
2-3-1,Run1,189124756367,2.9943389892578125,3.513290405273437,1.0
2-3-1,Run1,189124773022,2.98712158203125,3.49761962890625,1.0
2-3-1,Run1,189124789677,3.0068817138671875,3.458770751953125,1.0
2-3-1,Run1,189124806331,3.0103759765625,3.41424560546875,1.0
2-3-1,Run1,189124822986,2.90008544921875,3.384552001953125,1.0
2-3-1,Run1,189124839641,2.9005872938368054,3.3476494683159723,0.0
2-3-1,Run1,189124856296,2.901089138454861,3.3107469346788196,0.0
2-3-1,Run1,189124872951,2.9015909830729165,3.2738444010416665,0.0
2-3-1,Run1,189124889606,2.9020928276909723,3.236941867404514,0.0
2-3-1,Run1,189124906261,2.9025946723090277,3.200039333767361,0.0
2-3-1,Run1,189124922915,2.9030965169270835,3.1631368001302085,0.0
2-3-1,Run1,189124939570,2.903598361545139,3.1262342664930554,0.0
2-3-1,Run1,189124956225,2.9041002061631946,3.0893317328559027,0.0
2-3-1,Run1,189124972879,2.90460205078125,3.05242919921875,1.0
2-3-1,Run1,189124989534,3.0032958984375,3.3158416748046875,1.0
2-3-1,Run1,189125006190,3.040985107421875,3.5163726806640625,1.0
2-3-1,Run1,189125022844,3.0531768798828125,3.51568603515625,1.0
2-3-1,Run1,189125039499,3.032196044921875,3.55108642578125,1.0
2-3-1,Run1,189125056154,3.0377349853515625,3.5520782470703125,1.0
2-3-1,Run1,189125072808,3.045684814453125,3.57080078125,1.0
2-3-1,Run1,189125089463,3.0559234619140625,3.5673980712890625,1.0
2-3-1,Run1,189125106118,3.054840087890625,3.6026763916015625,1.0
2-3-1,Run1,189125122772,3.054443359375,3.6031494140625,1.0
2-3-1,Run1,189125139427,3.07568359375,3.703369140625,1.0
2-3-1,Run1,189125156082,3.087860107421875,3.802169799804688,1.0
2-3-1,Run1,189125172738,3.0910797119140625,3.655441284179688,1.0
2-3-1,Run1,189125189392,3.0894927978515625,3.615264892578125,1.0
2-3-1,Run1,189125206047,3.09002685546875,3.672607421875,1.0
2-3-1,Run1,189125222702,3.1016845703125,3.720611572265625,1.0
2-3-1,Run1,189125239356,3.093536376953125,3.630294799804688,1.0
2-3-1,Run1,189125256011,3.088775634765625,3.625946044921875,1.0
2-3-1,Run1,189125272666,3.2452392578125,3.620285034179688,1.0
2-3-1,Run1,189125289320,3.2215728759765625,3.6342926025390634,1.0
2-3-1,Run1,189125305975,3.064300537109375,3.64923095703125,1.0
2-3-1,Run1,189125322630,3.0613555908203125,3.66070556640625,1.0
2-3-1,Run1,189125339285,3.057357788085937,3.6240234375,1.0
2-3-1,Run1,189125355940,3.0629119873046875,3.59796142578125,1.0
2-3-1,Run1,189125372595,3.045867919921875,3.6101226806640634,1.0
2-3-1,Run1,189125389249,3.0200653076171875,3.6103515625,1.0
2-3-1,Run1,189125405904,3.017822265625,3.5789947509765625,1.0
2-3-1,Run1,189125422559,3.018646240234375,3.579681396484375,1.0
2-3-1,Run1,189125439214,3.002059936523437,3.5598602294921875,1.0
2-3-1,Run1,189125455868,2.984725952148437,3.531600952148437,1.0
2-3-1,Run1,189125472523,2.969970703125,3.51953125,1.0
2-3-1,Run1,189125489178,2.98095703125,3.515853881835937,1.0
2-3-1,Run1,189125505833,2.992919921875,3.5113525390625,1.0
2-3-1,Run1,189125522488,2.9952392578125,3.523529052734375,1.0
2-3-1,Run1,189125539143,2.9970855712890625,3.52886962890625,1.0
2-3-1,Run1,189125555797,2.988006591796875,3.5341339111328125,1.0
2-3-1,Run1,189125572452,2.969268798828125,3.5129852294921875,1.0
2-3-1,Run1,189125589107,2.9818572998046875,3.5079803466796875,1.0
2-3-1,Run1,189125605761,3.0080108642578125,3.509552001953125,1.0
2-3-1,Run1,189125622416,2.9955291748046875,3.516082763671875,1.0
2-3-1,Run1,189125639071,2.98931884765625,3.5206298828125,1.0
2-3-1,Run1,189125655725,3.0003204345703125,3.5088043212890625,1.0
2-3-1,Run1,189125672381,3.0006866455078125,3.5232696533203125,1.0
2-3-1,Run1,189125689036,2.9979705810546875,3.530670166015625,1.0
2-3-1,Run1,189125705691,2.989486694335937,3.5160675048828125,1.0
2-3-1,Run1,189125722345,2.872543334960937,3.4440460205078125,1.0
2-3-1,Run1,189125739000,2.840459823608398,3.312657674153646,0.0
2-3-1,Run1,189125755655,2.808376312255859,3.181269327799479,0.0
2-3-1,Run1,189125772309,2.77629280090332,3.0498809814453125,0.0
2-3-1,Run1,189125788964,2.7442092895507812,2.918492635091146,0.0
2-3-1,Run1,189125805619,2.712125778198242,2.7871042887369795,0.0
2-3-1,Run1,189125822273,2.680042266845703,2.6557159423828125,0.0
2-3-1,Run1,189125838929,2.647958755493164,2.524327596028646,0.0
2-3-1,Run1,189125855584,2.615875244140625,2.3929392496744795,1.0
2-3-1,Run1,189125872238,2.6803436279296875,2.2615509033203125,1.0
2-3-1,Run1,189125888893,2.89544677734375,2.8049468994140625,1.0
2-3-1,Run1,189125905548,3.033905029296875,3.40631103515625,1.0
2-3-1,Run1,189125922202,3.063232421875,3.4489898681640625,1.0
2-3-1,Run1,189125938857,3.0617218017578125,3.535995483398437,1.0
2-3-1,Run1,189125955512,3.06719970703125,3.549041748046875,1.0
2-3-1,Run1,189125972167,3.0628662109375,3.546356201171875,1.0
2-3-1,Run1,189125988822,3.066513061523437,3.5330963134765625,1.0
2-3-1,Run1,189126005477,3.0692901611328125,3.5325469970703125,1.0
2-3-1,Run1,189126022132,3.08123779296875,3.541351318359375,1.0
2-3-1,Run1,189126038786,3.10302734375,3.679519653320313,1.0
2-3-1,Run1,189126055441,3.1054840087890625,3.6391754150390634,1.0
2-3-1,Run1,189126072096,3.105865478515625,3.6391754150390634,1.0
2-3-1,Run1,189126088750,3.1353912353515625,3.620605468750001,1.0
2-3-1,Run1,189126105405,3.3001251220703125,3.602035522460938,1.0
2-3-1,Run1,189126122060,3.3002166748046875,3.583465576171875,1.0
2-3-1,Run1,189126138714,3.1416778564453125,3.5648956298828125,1.0
2-3-1,Run1,189126155370,3.145263671875,3.6023712158203125,1.0
2-3-1,Run1,189126172025,3.14422607421875,3.60345458984375,1.0
2-3-1,Run1,189126188679,3.1224365234375,3.6227874755859375,1.0
2-3-1,Run1,189126205334,3.10638427734375,3.609710693359375,1.0
2-3-1,Run1,189126221989,3.105621337890625,3.614959716796875,1.0
2-3-1,Run1,189126238644,3.2526397705078125,3.756072998046875,1.0
2-3-1,Run1,189126255298,3.2022247314453125,3.681594848632813,1.0
2-3-1,Run1,189126271953,3.0627899169921875,3.5693817138671875,1.0
2-3-1,Run1,189126288608,3.0620574951171875,3.54400634765625,1.0
2-3-1,Run1,189126305262,3.0350494384765625,3.5435333251953125,1.0
2-3-1,Run1,189126321918,3.003509521484375,3.5596923828125,1.0
2-3-1,Run1,189126338573,2.9872283935546875,3.5372467041015625,1.0
2-3-1,Run1,189126355227,3.011688232421875,3.527084350585937,1.0
2-3-1,Run1,189126371882,2.993316650390625,3.51348876953125,1.0
2-3-1,Run1,189126388537,2.965789794921875,3.5226593017578125,1.0
2-3-1,Run1,189126405191,2.975341796875,3.532012939453125,1.0
2-3-1,Run1,189126421846,2.979736328125,3.5221099853515625,1.0
2-3-1,Run1,189126438501,2.951171875,3.495513916015625,1.0
2-3-1,Run1,189126455155,2.9762725830078125,3.49371337890625,1.0
2-3-1,Run1,189126471810,2.976531982421875,3.4844207763671875,1.0
2-3-1,Run1,189126488466,2.9508819580078125,3.4798126220703125,1.0
2-3-1,Run1,189126505121,2.960784912109375,3.601303100585937,1.0
2-3-1,Run1,189126521775,2.963958740234375,3.5804901123046875,1.0
2-3-1,Run1,189126538430,2.945587158203125,3.472763061523437,1.0
2-3-1,Run1,189126555085,2.9359588623046875,3.47979736328125,1.0
2-3-1,Run1,189126571739,2.956939697265625,3.475677490234375,1.0
2-3-1,Run1,189126588394,2.96136474609375,3.4913482666015625,1.0
2-3-1,Run1,189126605049,2.950531005859375,3.422592163085937,1.0
2-3-1,Run1,189126621703,2.830718994140625,3.291107177734375,1.0
2-3-1,Run1,189126638357,2.831423672762784,3.2742649958683896,0.0
2-3-1,Run1,189126655013,2.8321283513849433,3.2574228140024037,0.0
2-3-1,Run1,189126671667,2.832833030007102,3.2405806321364183,0.0
2-3-1,Run1,189126688322,2.8335377086292612,3.2237384502704325,0.0
2-3-1,Run1,189126704977,2.8342423872514204,3.206896268404447,0.0
2-3-1,Run1,189126721631,2.8349470658735796,3.1900540865384617,0.0
2-3-1,Run1,189126738286,2.8356517444957388,3.173211904672476,0.0
2-3-1,Run1,189126754941,2.836356423117898,3.1563697228064904,0.0
2-3-1,Run1,189126771596,2.8370611017400567,3.139527540940505,0.0
2-3-1,Run1,189126788250,2.837765780362216,3.122685359074519,0.0
2-3-1,Run1,189126804906,2.838470458984375,3.1058431772085338,1.0
2-3-1,Run1,189126821561,2.95977783203125,3.089000995342548,1.0
2-3-1,Run1,189126838215,3.000213623046875,3.0721588134765625,1.0
2-3-1,Run1,189126854870,3.00750732421875,3.2406768798828125,1.0
2-3-1,Run1,189126871525,3.014984130859375,3.4337158203125,1.0
2-3-1,Run1,189126888179,3.034942626953125,3.4846649169921875,1.0
2-3-1,Run1,189126904833,3.0178375244140625,3.4829864501953125,1.0
2-3-1,Run1,189126921488,3.034881591796875,3.4912567138671875,1.0
2-3-1,Run1,189126938142,3.0289764404296875,3.53900146484375,1.0
2-3-1,Run1,189126954797,3.044784545898437,3.519622802734375,1.0
2-3-1,Run1,189126971453,3.0457000732421875,3.634490966796875,1.0
2-3-1,Run1,189126988107,3.0178375244140625,3.6461334228515625,1.0
2-3-1,Run1,189127004762,3.02630615234375,3.5184783935546875,1.0
2-3-1,Run1,189127021417,3.0115966796875,3.52569580078125,1.0
2-3-1,Run1,189127038072,2.981292724609375,3.5458221435546875,1.0
2-3-1,Run1,189127054726,3.002777099609375,3.5303955078125,1.0
2-3-1,Run1,189127071381,3.00323486328125,3.5198516845703125,1.0
2-3-1,Run1,189127088036,2.985076904296875,3.5308380126953125,1.0
2-3-1,Run1,189127104690,2.996673583984375,3.5399169921875,1.0
2-3-1,Run1,189127121345,2.993148803710937,3.541778564453125,1.0
2-3-1,Run1,189127138000,2.983871459960937,3.5135650634765625,1.0
2-3-1,Run1,189127154654,2.9867095947265625,3.490463256835937,1.0
2-3-1,Run1,189127171309,2.997177124023437,3.49261474609375,1.0
2-3-1,Run1,189127187964,2.99615478515625,3.4810028076171875,1.0
2-3-1,Run1,189127204618,2.99334716796875,3.4755401611328125,1.0
2-3-1,Run1,189127221273,2.993804931640625,3.50018310546875,1.0
2-3-1,Run1,189127237928,2.9704132080078125,3.485565185546875,1.0
2-3-1,Run1,189127254582,2.98089599609375,3.492034912109375,1.0
2-3-1,Run1,189127271237,3.16650390625,3.6474456787109375,1.0
2-3-1,Run1,189127287892,3.1608123779296875,3.56268310546875,1.0
2-3-1,Run1,189127304548,3.0308380126953125,3.4951171875,1.0
2-3-1,Run1,189127321202,3.0207061767578125,3.50567626953125,1.0
2-3-1,Run1,189127337857,3.00579833984375,3.500946044921875,1.0
2-3-1,Run1,189127354512,3.0272216796875,3.5203857421875,1.0
2-3-1,Run1,189127371166,3.014434814453125,3.4967498779296875,1.0
2-3-1,Run1,189127387821,3.055999755859375,3.4926300048828125,1.0
2-3-1,Run1,189127404476,3.052703857421875,3.515289306640625,1.0
2-3-1,Run1,189127421129,3.0152740478515625,3.5210418701171875,1.0
2-3-1,Run1,189127437784,3.044525146484375,3.50433349609375,1.0
2-3-1,Run1,189127454439,3.0297088623046875,3.5342254638671875,1.0
2-3-1,Run1,189127471094,3.00921630859375,3.43182373046875,1.0
2-3-1,Run1,189127487749,2.899261474609375,3.217269897460937,1.0
2-3-1,Run1,189127504404,2.7529144287109375,3.258468627929687,0.0
2-3-1,Run1,189127521058,2.6065673828125,3.299667358398437,0.0
2-3-1,Run1,189127537713,2.4602203369140625,3.340866088867187,0.0
2-3-1,Run1,189127554368,2.313873291015625,3.382064819335937,0.0
2-3-1,Run1,189127571023,2.1675262451171875,3.4232635498046875,0.0
2-3-1,Run1,189127587677,2.02117919921875,3.4644622802734375,1.0
2-3-1,Run1,189127604332,2.02117919921875,3.5056610107421875,1.0
2-3-1,Run1,189127620988,3.1114959716796875,3.5468597412109375,1.0
2-3-1,Run1,189127637641,2.963607788085937,3.5880584716796875,1.0
2-3-1,Run1,189127654296,2.982162475585937,3.6292572021484375,1.0
2-3-1,Run1,189127670951,3.0245513916015625,3.3945770263671875,1.0
2-3-1,Run1,189127687605,3.0210113525390625,3.202972412109375,1.0
2-3-1,Run1,189127704260,3.0331268310546875,3.295135498046875,1.0
2-3-1,Run1,189127720915,3.0380096435546875,3.505859375,1.0
2-3-1,Run1,189127737569,3.019989013671875,3.54345703125,1.0
2-3-1,Run1,189127754224,3.0479278564453125,3.53997802734375,1.0
2-3-1,Run1,189127770879,3.0413055419921875,3.5561065673828125,1.0
2-3-1,Run1,189127787534,3.0596160888671875,3.570297241210937,1.0
2-3-1,Run1,189127804189,3.237823486328125,3.567535400390625,1.0
2-3-1,Run1,189127820844,3.214019775390625,3.546493530273437,1.0
2-3-1,Run1,189127837499,3.063873291015625,3.5472564697265625,1.0
2-3-1,Run1,189127854153,3.0691070556640625,3.545639038085937,1.0
2-3-1,Run1,189127870808,3.0928955078125,3.5534820556640625,1.0
2-3-1,Run1,189127887463,3.0891876220703125,3.5609588623046875,1.0
2-3-1,Run1,189127904117,3.095001220703125,3.5732421875,1.0
2-3-1,Run1,189127920772,3.0919342041015625,3.5948638916015625,1.0
2-3-1,Run1,189127937427,3.07525634765625,3.7686614990234375,1.0
2-3-1,Run1,189127954081,2.97735595703125,3.7198270161946616,1.0
2-3-1,Run1,189127970736,2.9661671031605112,3.6709925333658853,0.0
2-3-1,Run1,189127987391,2.954978249289773,3.6221580505371094,0.0
2-3-1,Run1,189128004045,2.943789395419034,3.5733235677083335,0.0
2-3-1,Run1,189128020700,2.9326005415482954,3.524489084879557,0.0
2-3-1,Run1,189128037355,2.9214116876775567,3.4756546020507812,0.0
2-3-1,Run1,189128054009,2.9102228338068183,3.4268201192220054,0.0
2-3-1,Run1,189128070664,2.8990339799360796,3.377985636393229,0.0
2-3-1,Run1,189128087319,2.887845126065341,3.329151153564453,0.0
2-3-1,Run1,189128103974,2.876656272194602,3.2803166707356772,0.0
2-3-1,Run1,189128120629,2.8654674183238638,3.2314821879069013,0.0
2-3-1,Run1,189128137283,2.854278564453125,3.182647705078125,1.0
2-3-1,Run1,189128153938,3.010604858398437,3.36175537109375,1.0
2-3-1,Run1,189128170592,3.05194091796875,3.449676513671875,1.0
2-3-1,Run1,189128187247,3.0441131591796875,3.503570556640625,1.0
2-3-1,Run1,189128203902,3.0244903564453125,3.5335235595703125,1.0
2-3-1,Run1,189128220556,3.0236358642578125,3.5106353759765625,1.0
2-3-1,Run1,189128237211,3.03277587890625,3.52740478515625,1.0
2-3-1,Run1,189128253866,3.048446655273437,3.558685302734375,1.0
2-3-1,Run1,189128270520,3.062973022460937,3.5564727783203125,1.0
2-3-1,Run1,189128287176,3.0605926513671875,3.503448486328125,1.0
2-3-1,Run1,189128303831,3.0546875,3.5410308837890625,1.0
2-3-1,Run1,189128320485,3.0943756103515625,3.561859130859375,1.0
2-3-1,Run1,189128337140,3.258895874023437,3.648025512695313,1.0
2-3-1,Run1,189128353795,3.215301513671875,3.708587646484375,1.0
2-3-1,Run1,189128370450,3.215301513671875,3.708587646484375,1.0
2-3-1,Run1,189128387104,3.1385955810546875,3.82342529296875,1.0
2-3-1,Run1,189128403759,3.0618896484375,3.82342529296875,1.0
2-3-1,Run1,189128420414,3.153778076171875,3.707672119140625,1.0
2-3-1,Run1,189128437068,3.143661499023437,3.5919189453125,1.0
2-3-1,Run1,189128453723,3.12432861328125,3.676071166992188,1.0
2-3-1,Run1,189128470378,3.12030029296875,3.663299560546875,1.0
2-3-1,Run1,189128487032,3.115707397460937,3.663177490234375,1.0
2-3-1,Run1,189128503687,3.08758544921875,3.6714935302734375,1.0
2-3-1,Run1,189128520342,3.1051788330078125,3.678436279296875,1.0
2-3-1,Run1,189128536996,3.2590789794921875,3.6714935302734375,1.0
2-3-1,Run1,189128553651,3.2087554931640625,3.66925048828125,1.0
2-3-1,Run1,189128570306,3.07611083984375,3.6557769775390634,1.0
2-3-1,Run1,189128586960,3.0589752197265625,3.6170501708984375,1.0
2-3-1,Run1,189128603616,3.0398712158203125,3.59088134765625,1.0
2-3-1,Run1,189128620271,3.02618408203125,3.599365234375,1.0
2-3-1,Run1,189128636925,3.0045318603515625,3.6102447509765625,1.0
2-3-1,Run1,189128653579,2.98822021484375,3.598846435546875,1.0
2-3-1,Run1,189128670234,2.96771240234375,3.5614776611328125,1.0
2-3-1,Run1,189128686889,2.946929931640625,3.5252685546875,1.0
2-3-1,Run1,189128703543,2.9304962158203125,3.5077667236328125,1.0
2-3-1,Run1,189128720198,2.938095092773437,3.507919311523437,1.0
2-3-1,Run1,189128736853,3.07574462890625,3.498764038085937,1.0
2-3-1,Run1,189128753507,3.000350952148437,3.5037384033203125,1.0
2-3-1,Run1,189128770163,2.8778076171875,3.48858642578125,1.0
2-3-1,Run1,189128786818,2.86602783203125,3.4802398681640625,1.0
2-3-1,Run1,189128803472,2.8562774658203125,3.4901885986328125,1.0
2-3-1,Run1,189128820127,2.842132568359375,3.470199584960937,1.0
2-3-1,Run1,189128836782,2.8362579345703125,3.3889312744140625,1.0
2-3-1,Run1,189128853436,2.50506591796875,3.274322509765625,1.0
2-3-1,Run1,189128870091,2.01336669921875,3.258597634055398,1.0
2-3-1,Run1,189128886745,1.9977569580078125,3.2428727583451704,0.0
2-3-1,Run1,189128903401,1.982147216796875,3.2271478826349433,0.0
2-3-1,Run1,189128920055,1.9665374755859375,3.211423006924716,0.0
2-3-1,Run1,189128936710,1.950927734375,3.1956981312144888,0.0
2-3-1,Run1,189128953365,1.9353179931640625,3.1799732555042612,0.0
2-3-1,Run1,189128970019,1.919708251953125,3.164248379794034,0.0
2-3-1,Run1,189128986674,1.9040985107421875,3.1485235040838067,1.0
2-3-1,Run1,189129003329,1.9040985107421875,3.1327986283735796,1.0
2-3-1,Run1,189129019983,2.2543106079101562,3.1170737526633525,0.0
2-3-1,Run1,189129036638,2.604522705078125,3.101348876953125,1.0
2-3-1,Run1,189129053293,2.740325927734375,3.101348876953125,1.0
2-3-1,Run1,189129069947,2.780517578125,3.2628326416015625,1.0
2-3-1,Run1,189129086602,2.804428100585937,3.25250244140625,1.0
2-3-1,Run1,189129103258,2.8038482666015625,3.237777709960937,1.0
2-3-1,Run1,189129119912,2.811630249023437,3.4788970947265625,1.0
2-3-1,Run1,189129136566,2.8335723876953125,3.380889892578125,1.0
2-3-1,Run1,189129153221,2.8283233642578125,3.3992919921875,1.0
2-3-1,Run1,189129169876,2.8444976806640625,3.40472412109375,1.0
2-3-1,Run1,189129186530,2.87615966796875,3.388092041015625,1.0
2-3-1,Run1,189129203185,2.857635498046875,3.3677520751953125,1.0
2-3-1,Run1,189129219840,2.852645874023437,3.368804931640625,1.0
2-3-1,Run1,189129236494,2.8536376953125,3.3806610107421875,1.0
2-3-1,Run1,189129253150,2.871078491210937,3.413482666015625,1.0
2-3-1,Run1,189129269805,2.9005584716796875,3.39581298828125,1.0
2-3-1,Run1,189129286459,2.9203643798828125,3.37615966796875,1.0
2-3-1,Run1,189129303114,2.940277099609375,3.3911590576171875,1.0
2-3-1,Run1,189129319769,2.941802978515625,3.3942413330078125,1.0
2-3-1,Run1,189129336423,2.9169464111328125,3.41351318359375,1.0
2-3-1,Run1,189129353078,2.9228668212890625,3.4095916748046875,1.0
2-3-1,Run1,189129369733,2.9382476806640625,3.4170074462890625,1.0
2-3-1,Run1,189129386386,2.9382476806640625,3.424407958984375,1.0
2-3-1,Run1,189129403041,2.9174346923828125,3.4204864501953125,1.0
2-3-1,Run1,189129419697,2.9247589111328125,3.418243408203125,1.0
2-3-1,Run1,189129436352,2.9641876220703125,3.415634155273437,1.0
2-3-1,Run1,189129453006,2.946029663085937,3.40740966796875,1.0
2-3-1,Run1,189129469661,2.9163360595703125,3.3998260498046875,1.0
2-3-1,Run1,189129486316,2.9011993408203125,3.391082763671875,1.0
2-3-1,Run1,189129502970,3.082794189453125,3.4951629638671875,1.0
2-3-1,Run1,189129519625,3.079383156516335,3.4359105428059897,0.0
2-3-1,Run1,189129536280,3.0759721235795454,3.3766581217447915,0.0
2-3-1,Run1,189129552934,3.0725610906427554,3.3174057006835938,0.0
2-3-1,Run1,189129569589,3.069150057705966,3.258153279622396,0.0
2-3-1,Run1,189129586245,3.065739024769176,3.1989008585611978,0.0
2-3-1,Run1,189129602899,3.0623279918323862,3.1396484375,0.0
2-3-1,Run1,189129619554,3.0589169588955962,3.0803960164388022,0.0
2-3-1,Run1,189129636208,3.0555059259588067,3.021143595377604,0.0
2-3-1,Run1,189129652862,3.0520948930220166,2.9618911743164062,0.0
2-3-1,Run1,189129669517,3.048683860085227,2.9026387532552085,0.0
2-3-1,Run1,189129686172,3.045272827148437,2.8433863321940107,1.0
2-3-1,Run1,189129702827,3.045272827148437,2.7841339111328125,1.0
2-3-1,Run1,189129719481,3.02532958984375,2.7841339111328125,1.0
2-3-1,Run1,189129736136,2.89898681640625,3.22979736328125,1.0
2-3-1,Run1,189129752791,2.900543212890625,3.22979736328125,1.0
2-3-1,Run1,189129769446,2.9167938232421875,3.3563690185546875,1.0
2-3-1,Run1,189129786101,2.9352569580078125,3.4501495361328125,1.0
2-3-1,Run1,189129802756,2.950225830078125,3.4796600341796875,1.0
2-3-1,Run1,189129819410,2.9709930419921875,3.467498779296875,1.0
2-3-1,Run1,189129836065,2.9629058837890625,3.4913787841796875,1.0
2-3-1,Run1,189129852720,2.852813720703125,3.44891357421875,1.0
2-3-1,Run1,189129869374,2.8544158935546875,3.42657470703125,1.0
2-3-1,Run1,189129886028,2.978500366210937,3.42657470703125,1.0
2-3-1,Run1,189129902683,2.9627838134765625,3.5178756713867188,1.0
2-3-1,Run1,189129919338,2.97174072265625,3.609176635742188,1.0
2-3-1,Run1,189129935993,2.99468994140625,3.5181884765625,1.0
2-3-1,Run1,189129952648,2.998748779296875,3.528717041015625,1.0
2-3-1,Run1,189129969303,3.008544921875,3.510772705078125,1.0
2-3-1,Run1,189129985957,2.99737548828125,3.50164794921875,1.0
2-3-1,Run1,189130002612,3.1371612548828125,3.623870849609375,1.0
2-3-1,Run1,189130019267,3.1240386962890625,3.5918731689453125,1.0
2-3-1,Run1,189130035921,2.97222900390625,3.5918731689453125,1.0
2-3-1,Run1,189130052576,2.952667236328125,3.4904937744140625,1.0
2-3-1,Run1,189130069231,2.94140625,3.3891143798828125,1.0
2-3-1,Run1,189130085885,2.9500732421875,3.456268310546875,1.0
2-3-1,Run1,189130102541,2.929229736328125,3.46685791015625,1.0
2-3-1,Run1,189130119196,2.915771484375,3.44818115234375,1.0
2-3-1,Run1,189130135849,2.91143798828125,3.4242095947265625,1.0
2-3-1,Run1,189130152504,2.9204864501953125,3.45281982421875,1.0
2-3-1,Run1,189130169159,3.1112823486328125,3.616134643554688,1.0
2-3-1,Run1,189130185813,3.0931592668805803,3.601455688476563,0.0
2-3-1,Run1,189130202468,3.075036185128348,3.586776733398438,0.0
2-3-1,Run1,189130219123,3.056913103376116,3.572097778320313,0.0
2-3-1,Run1,189130235778,3.038790021623884,3.557418823242188,0.0
2-3-1,Run1,189130252432,3.020666939871652,3.542739868164063,0.0
2-3-1,Run1,189130269087,3.0025438581194197,3.528060913085938,0.0
2-3-1,Run1,189130285743,2.9844207763671875,3.513381958007813,0.0
2-3-1,Run1,189130302397,2.9662976946149553,3.4987030029296875,0.0
2-3-1,Run1,189130319052,2.948174612862723,3.4840240478515625,0.0
2-3-1,Run1,189130335707,2.930051531110491,3.4693450927734375,0.0
2-3-1,Run1,189130366807,2.911928449358259,3.4546661376953125,0.0
2-3-1,Run1,189130383461,2.893805367606027,3.4399871826171875,0.0
2-3-1,Run1,189130417508,2.8756822858537947,3.4253082275390625,0.0
2-3-1,Run1,189130434163,2.8575592041015625,3.4106292724609375,1.0
2-3-1,Run1,189130450818,2.948715209960937,3.3959503173828125,1.0
2-3-1,Run1,189130467473,2.945785522460937,3.3330230712890625,1.0
2-3-1,Run1,189130484127,2.9876708984375,3.403106689453125,1.0
2-3-1,Run1,189130500782,3.000640869140625,3.4310455322265625,1.0
2-3-1,Run1,189130517437,3.009628295898437,3.44598388671875,1.0
2-3-1,Run1,189130534091,3.009765625,3.4444122314453125,1.0
2-3-1,Run1,189130550746,3.0289459228515625,3.46832275390625,1.0
2-3-1,Run1,189130567401,3.03509521484375,3.478485107421875,1.0
2-3-1,Run1,189130584055,3.0085601806640625,3.44561767578125,1.0
2-3-1,Run1,189130600710,3.004425048828125,3.4695587158203125,1.0
2-3-1,Run1,189130617366,3.0209197998046875,3.48223876953125,1.0
2-3-1,Run1,189130634019,3.0000152587890625,3.4604949951171875,1.0
2-3-1,Run1,189130650674,3.00445556640625,3.46441650390625,1.0
2-3-1,Run1,189130667329,3.0265655517578125,3.4947967529296875,1.0
2-3-1,Run1,189130683983,3.024505615234375,3.5012969970703125,1.0
2-3-1,Run1,189130700638,3.0376739501953125,3.505966186523437,1.0
2-3-1,Run1,189130717293,3.017318725585937,3.480377197265625,1.0
2-3-1,Run1,189130733948,2.9926300048828125,3.4805145263671875,1.0
2-3-1,Run1,189130750602,3.006088256835937,3.498748779296875,1.0
2-3-1,Run1,189130767257,3.023544311523437,3.474456787109375,1.0
2-3-1,Run1,189130783912,3.0239410400390625,3.482040405273437,1.0
2-3-1,Run1,189130800567,3.0220489501953125,3.51373291015625,1.0
2-3-1,Run1,189130817222,3.0155487060546875,3.5110015869140625,1.0
2-3-1,Run1,189130833877,2.988754272460937,3.4994354248046875,1.0
2-3-1,Run1,189130850531,2.9779510498046875,3.4794158935546875,1.0
2-3-1,Run1,189130867186,2.9869842529296875,3.454086303710937,1.0
2-3-1,Run1,189130883840,2.988037109375,3.46051025390625,1.0
2-3-1,Run1,189130900495,2.97015380859375,3.44964599609375,1.0
2-3-1,Run1,189130917149,2.9786376953125,3.43072509765625,1.0
2-3-1,Run1,189130933804,2.973663330078125,3.42742919921875,1.0
2-3-1,Run1,189130950458,2.9519500732421875,3.43994140625,1.0
2-3-1,Run1,189130967114,2.946929931640625,3.458892822265625,1.0
2-3-1,Run1,189130983769,2.976898193359375,3.4597320556640625,1.0
2-3-1,Run1,189131000424,2.974090576171875,3.44140625,1.0
2-3-1,Run1,189131017078,2.941314697265625,3.415802001953125,1.0
2-3-1,Run1,189131033733,2.9546051025390625,3.40802001953125,1.0
2-3-1,Run1,189131050388,2.951934814453125,3.4380645751953125,1.0
2-3-1,Run1,189131067042,2.9391021728515625,3.442779541015625,1.0
2-3-1,Run1,189131083697,2.9517822265625,3.4547119140625,1.0
2-3-1,Run1,189131100352,2.94281005859375,3.4591827392578125,1.0
2-3-1,Run1,189131117006,2.921905517578125,3.4436798095703125,1.0
2-3-1,Run1,189131133661,2.9204864501953125,3.459075927734375,1.0
2-3-1,Run1,189131150316,2.92364501953125,3.462020874023437,1.0
2-3-1,Run1,189131166970,2.9299774169921875,3.4549713134765625,1.0
2-3-1,Run1,189131183625,2.947250366210937,3.455718994140625,1.0
2-3-1,Run1,189131200280,2.941146850585937,3.5681915283203125,1.0
2-3-1,Run1,189131216934,2.967010498046875,3.592636108398437,1.0
2-3-1,Run1,189131233589,2.976898193359375,3.592636108398437,1.0
2-3-1,Run1,189131250244,2.95123291015625,3.4724273681640625,1.0
2-3-1,Run1,189131266899,2.96319580078125,3.3522186279296875,1.0
2-3-1,Run1,189131283553,2.941146850585937,3.3479156494140625,1.0
2-3-1,Run1,189131300208,2.9524688720703125,3.307281494140625,1.0
2-3-1,Run1,189131316864,2.947540283203125,3.39654541015625,1.0
2-3-1,Run1,189131333518,2.941375732421875,3.386322021484375,1.0
2-3-1,Run1,189131350173,2.95526123046875,3.280792236328125,1.0
2-3-1,Run1,189131366828,2.9573516845703125,3.300445556640625,1.0
2-3-1,Run1,189131383482,2.9480438232421875,3.397491455078125,1.0
2-3-1,Run1,189131400136,2.926132202148437,3.441513061523437,1.0
2-3-1,Run1,189131416791,2.937835693359375,3.4333953857421875,1.0
2-3-1,Run1,189131433445,2.942367553710937,3.4059600830078125,1.0
2-3-1,Run1,189131450100,2.9376678466796875,3.30450439453125,1.0
2-3-1,Run1,189131466755,2.959945678710937,3.268096923828125,1.0
2-3-1,Run1,189131483410,2.9557037353515625,3.2733154296875,1.0
2-3-1,Run1,189131500065,3.10565185546875,3.1839668967507104,1.0
2-3-1,Run1,189131516720,3.050421578543527,3.0946183638139204,0.0
2-3-1,Run1,189131533375,2.9951913016183034,3.005269830877131,0.0
2-3-1,Run1,189131550029,2.9399610246930803,2.915921297940341,0.0
2-3-1,Run1,189131566684,2.884730747767857,2.8265727650035513,0.0
2-3-1,Run1,189131583339,2.829500470842634,2.7372242320667612,0.0
2-3-1,Run1,189131599993,2.7742701939174106,2.6478756991299717,0.0
2-3-1,Run1,189131616648,2.7190399169921875,2.5585271661931817,1.0
2-3-1,Run1,189131633303,2.7190399169921875,2.469178633256392,1.0
2-3-1,Run1,189131649958,3.2887725830078125,2.379830100319602,1.0
2-3-1,Run1,189131666613,3.041046142578125,2.2904815673828125,1.0
2-3-1,Run1,189131683268,3.0245513916015625,2.8318023681640625,1.0
2-3-1,Run1,189131699922,3.094329833984375,3.3931884765625,1.0
2-3-1,Run1,189131716577,3.0938720703125,3.4180908203125,1.0
2-3-1,Run1,189131733232,3.088775634765625,3.49993896484375,1.0
2-3-1,Run1,189131749886,3.086700439453125,3.5512237548828125,1.0
2-3-1,Run1,189131766541,3.0979766845703125,3.58563232421875,1.0
2-3-1,Run1,189131783196,3.097518920898437,3.6146087646484375,1.0
2-3-1,Run1,189131799851,3.091583251953125,3.6239166259765625,1.0
2-3-1,Run1,189131816505,3.0894317626953125,3.579696655273437,1.0
2-3-1,Run1,189131833161,3.0926513671875,3.601837158203125,1.0
2-3-1,Run1,189131849816,3.1088104248046875,3.626983642578125,1.0
2-3-1,Run1,189131866470,3.08673095703125,3.6614990234375,1.0
2-3-1,Run1,189131883125,3.073715209960937,3.649017333984375,1.0
2-3-1,Run1,189131899780,3.0980987548828125,3.6136474609375,1.0
2-3-1,Run1,189131916434,3.025665283203125,3.5296630859375,1.0
2-3-1,Run1,189131933089,3.0553131103515625,3.557861328125,1.0
2-3-1,Run1,189131949744,3.099700927734375,3.557861328125,1.0
2-3-1,Run1,189131966398,3.1763916015625,3.6699676513671875,1.0
2-3-1,Run1,189131983053,3.180267333984375,3.782073974609375,1.0
2-3-1,Run1,189131999709,3.102279663085937,3.64947509765625,1.0
2-3-1,Run1,189132016363,3.1197052001953125,3.59771728515625,1.0
2-3-1,Run1,189132033018,3.2227020263671875,3.584136962890625,1.0
2-3-1,Run1,189132049673,3.129241943359375,3.5669708251953125,1.0
2-3-1,Run1,189132066328,3.067489624023437,3.59039306640625,1.0
2-3-1,Run1,189132082982,3.0731658935546875,3.5467987060546875,1.0
2-3-1,Run1,189132099637,3.024169921875,3.525146484375,1.0
2-3-1,Run1,189132116292,2.932601928710937,3.560089111328125,1.0
2-3-1,Run1,189132132946,3.0263595581054688,3.658843994140625,1.0
2-3-1,Run1,189132149601,3.1201171875,3.628509521484375,1.0
2-3-1,Run1,189132166257,2.97259521484375,3.5002593994140625,1.0
2-3-1,Run1,189132182911,2.977447509765625,3.470611572265625,1.0
2-3-1,Run1,189132199566,2.95941162109375,3.44769287109375,1.0
2-3-1,Run1,189132216221,2.9272003173828125,3.4437255859375,1.0
2-3-1,Run1,189132232875,2.8933868408203125,3.4324188232421875,1.0
2-3-1,Run1,189132249530,2.861663818359375,3.4148406982421875,1.0
2-3-1,Run1,189132266185,2.824371337890625,3.378997802734375,1.0
2-3-1,Run1,189132282839,2.833770751953125,3.370712280273437,1.0
2-3-1,Run1,189132299494,2.815414428710937,3.34820556640625,1.0
2-3-1,Run1,189132316149,2.8203887939453125,3.358673095703125,1.0
2-3-1,Run1,189132332804,2.7910614013671875,3.347686767578125,1.0
2-3-1,Run1,189132349459,2.739288330078125,3.32269287109375,1.0
2-3-1,Run1,189132366114,2.7262725830078125,3.288299560546875,1.0
2-3-1,Run1,189132382769,2.7379608154296875,3.3030242919921875,1.0
2-3-1,Run1,189132399423,2.728759765625,3.3028106689453125,1.0
2-3-1,Run1,189132416078,2.685546875,3.282440185546875,1.0
2-3-1,Run1,189132432733,2.652206420898437,3.2569732666015625,1.0
2-3-1,Run1,189132449387,2.5389862060546875,3.1704254150390625,1.0
2-3-1,Run1,189132466042,2.61260986328125,3.185308837890625,1.0
2-3-1,Run1,189132482697,2.563629150390625,3.2001922607421873,0.0
2-3-1,Run1,189132499351,2.5146484375,3.21507568359375,0.0
2-3-1,Run1,189132516007,2.465667724609375,3.2299591064453126,0.0
2-3-1,Run1,189132532662,2.41668701171875,3.244842529296875,0.0
2-3-1,Run1,189132549316,2.367706298828125,3.2597259521484374,0.0
2-3-1,Run1,189132565971,2.3187255859375,3.274609375,0.0
2-3-1,Run1,189132582626,2.269744873046875,3.2894927978515627,1.0
2-3-1,Run1,189132599281,2.464019775390625,3.304376220703125,1.0
2-3-1,Run1,189132615935,2.6099853515625,3.3192596435546875,1.0
2-3-1,Run1,189132632590,2.5748443603515625,3.3192596435546875,1.0
2-3-1,Run1,189132649245,2.707305908203125,3.296615600585937,1.0
2-3-1,Run1,189132665899,2.740219116210937,3.18994140625,1.0
2-3-1,Run1,189132682555,2.7377471923828125,3.2737579345703125,1.0
2-3-1,Run1,189132699210,2.730560302734375,3.3097686767578125,1.0
2-3-1,Run1,189132715864,2.736907958984375,3.307952880859375,1.0
2-3-1,Run1,189132732519,2.774688720703125,3.310333251953125,1.0
2-3-1,Run1,189132749174,2.7927398681640625,3.333343505859375,1.0
2-3-1,Run1,189132765828,2.756927490234375,3.3588104248046875,1.0
2-3-1,Run1,189132782483,2.770263671875,3.316925048828125,1.0
2-3-1,Run1,189132799138,2.823883056640625,3.3259429931640625,1.0
2-3-1,Run1,189132815792,2.870025634765625,3.3147735595703125,1.0
2-3-1,Run1,189132832447,2.849365234375,3.3251953125,1.0
2-3-1,Run1,189132849102,2.8350830078125,3.35321044921875,1.0
2-3-1,Run1,189132865758,2.8438262939453125,3.360992431640625,1.0
2-3-1,Run1,189132882412,2.8546142578125,3.356201171875,1.0
2-3-1,Run1,189132899067,2.8720245361328125,3.3916473388671875,1.0
2-3-1,Run1,189132915722,2.8687744140625,3.40521240234375,1.0
2-3-1,Run1,189132932376,2.871932983398437,3.369537353515625,1.0
2-3-1,Run1,189132949031,2.885101318359375,3.36712646484375,1.0
2-3-1,Run1,189132965686,2.8803863525390625,3.3743133544921875,1.0
2-3-1,Run1,189132982340,2.89190673828125,3.369613647460937,1.0
2-3-1,Run1,189132998995,3.097381591796875,3.5097198486328125,1.0
2-3-1,Run1,189133015650,3.07666015625,3.4447021484375,1.0
2-3-1,Run1,189133032305,2.9174041748046875,3.4447021484375,1.0
2-3-1,Run1,189133048960,2.929183959960937,3.3854827880859375,1.0
2-3-1,Run1,189133065615,2.901641845703125,3.326263427734375,1.0
2-3-1,Run1,189133082269,2.888885498046875,3.3901519775390625,1.0
2-3-1,Run1,189133098924,2.8778076171875,3.3958740234375,1.0
2-3-1,Run1,189133115579,2.8812408447265625,3.396591186523437,1.0
2-3-1,Run1,189133132234,2.8997039794921875,3.3971099853515625,1.0
2-3-1,Run1,189133148888,2.8910369873046875,3.4158935546875,1.0
2-3-1,Run1,189133165543,2.899261474609375,3.410186767578125,1.0
2-3-1,Run1,189133182198,2.9102325439453125,3.3845367431640625,1.0
2-3-1,Run1,189133198853,2.89447021484375,3.382904052734375,1.0
2-3-1,Run1,189133215508,2.8889312744140625,3.403076171875,1.0
2-3-1,Run1,189133232163,3.073883056640625,3.4317626953125,1.0
2-3-1,Run1,189133248817,3.0774383544921875,3.4207305908203125,1.0
2-3-1,Run1,189133265472,3.0774383544921875,3.527496337890625,1.0
2-3-1,Run1,189133282127,2.9430084228515625,3.5150604248046875,1.0
2-3-1,Run1,189133298781,2.808578491210937,3.405731201171875,1.0
2-3-1,Run1,189133315436,2.925384521484375,3.434844970703125,1.0
2-3-1,Run1,189133332091,2.95086669921875,3.599349975585937,1.0
2-3-1,Run1,189133348745,2.9324493408203125,3.629180908203125,1.0
2-3-1,Run1,189133365400,3.088485717773437,3.629180908203125,1.0
2-3-1,Run1,189133382056,3.0287390814887147,3.6018702189127603,0.0
2-3-1,Run1,189133398711,2.9689924452039924,3.574559529622396,0.0
2-3-1,Run1,189133415365,2.9092458089192705,3.5472488403320312,0.0
2-3-1,Run1,189133432020,2.849499172634548,3.5199381510416665,0.0
2-3-1,Run1,189133448675,2.789752536349826,3.4926274617513022,0.0
2-3-1,Run1,189133465329,2.7300059000651036,3.4653167724609375,0.0
2-3-1,Run1,189133481984,2.6702592637803813,3.4380060831705728,0.0
2-3-1,Run1,189133498639,2.6105126274956594,3.4106953938802085,0.0
2-3-1,Run1,189133515293,2.550765991210937,3.3833847045898438,1.0
2-3-1,Run1,189133531948,2.7303619384765625,3.356074015299479,1.0
2-3-1,Run1,189133548604,2.8234405517578125,3.3287633260091147,1.0
2-3-1,Run1,189133565258,2.908554077148437,3.30145263671875,1.0
2-3-1,Run1,189133581913,3.0023956298828125,3.284576416015625,1.0
2-3-1,Run1,189133598568,3.028076171875,3.350006103515625,1.0
2-3-1,Run1,189133615222,3.032379150390625,3.451507568359375,1.0
2-3-1,Run1,189133631877,3.011810302734375,3.4727935791015625,1.0
2-3-1,Run1,189133648532,3.0129852294921875,3.401641845703125,1.0
2-3-1,Run1,189133665187,3.0039215087890625,3.4055633544921875,1.0
2-3-1,Run1,189133681841,3.0123291015625,3.501861572265625,1.0
2-3-1,Run1,189133698496,3.01226806640625,3.514495849609375,1.0
2-3-1,Run1,189133715152,3.0128173828125,3.507843017578125,1.0
2-3-1,Run1,189133731806,3.012069702148437,3.486846923828125,1.0
2-3-1,Run1,189133748461,3.00518798828125,3.4962158203125,1.0
2-3-1,Run1,189133765116,3.0183563232421875,3.5133209228515625,1.0
2-3-1,Run1,189133781770,3.033111572265625,3.539413452148437,1.0
2-3-1,Run1,189133798425,3.0140380859375,3.708251953125,1.0
2-3-1,Run1,189133815080,3.0234375,3.587127685546875,1.0
2-3-1,Run1,189133831734,3.0393218994140625,3.587127685546875,1.0
2-3-1,Run1,189133848389,3.0259552001953125,3.5296783447265625,1.0
2-3-1,Run1,189133865044,3.01385498046875,3.47222900390625,1.0
2-3-1,Run1,189133881698,3.004119873046875,3.529266357421875,1.0
2-3-1,Run1,189133898354,2.99267578125,3.531005859375,1.0
2-3-1,Run1,189133915009,3.0027313232421875,3.521087646484375,1.0
2-3-1,Run1,189133931664,2.9954833984375,3.5041656494140625,1.0
2-3-1,Run1,189133948318,2.9835357666015625,3.50616455078125,1.0
2-3-1,Run1,189133964973,2.9779815673828125,3.5055389404296875,1.0
2-3-1,Run1,189133981628,2.964096069335937,3.49169921875,1.0
2-3-1,Run1,189133998282,2.958251953125,3.47857666015625,1.0
2-3-1,Run1,189134014937,2.959564208984375,3.4468231201171875,1.0
2-3-1,Run1,189134031592,2.963775634765625,3.4434967041015625,1.0
2-3-1,Run1,189134048246,2.9715576171875,3.475921630859375,1.0
2-3-1,Run1,189134064902,2.94036865234375,3.455307006835937,1.0
2-3-1,Run1,189134081557,2.90350341796875,3.4422760009765625,1.0
2-3-1,Run1,189134098211,3.0699615478515625,3.415985107421875,1.0
2-3-1,Run1,189134114866,3.121795654296875,3.434295654296875,1.0
2-3-1,Run1,189134131521,2.92822265625,3.4464111328125,1.0
2-3-1,Run1,189134148175,2.909637451171875,3.4163970947265625,1.0
2-3-1,Run1,189134164830,2.9166412353515625,3.4141387939453125,1.0
2-3-1,Run1,189134181485,2.9158172607421875,3.394439697265625,1.0
2-3-1,Run1,189134198140,2.912353515625,3.3772735595703125,1.0
2-3-1,Run1,189134214794,2.89166259765625,3.38079833984375,1.0
2-3-1,Run1,189134231450,2.86431884765625,3.4120025634765625,1.0
2-3-1,Run1,189134248105,2.8772430419921875,3.4229736328125,1.0
2-3-1,Run1,189134264759,2.883056640625,3.397857666015625,1.0
2-3-1,Run1,189134281414,2.877792358398437,3.3855743408203125,1.0
2-3-1,Run1,189134298069,2.8800506591796875,3.38006591796875,1.0
2-3-1,Run1,189134314723,2.876953125,3.4044952392578125,1.0
2-3-1,Run1,189134331378,2.8674468994140625,3.403778076171875,1.0
2-3-1,Run1,189134348033,2.8697967529296875,3.38226318359375,1.0
2-3-1,Run1,189134364687,2.8629913330078125,3.3890838623046875,1.0
2-3-1,Run1,189134381342,2.857269287109375,3.4203033447265625,1.0
2-3-1,Run1,189134397997,2.8392486572265625,3.4083251953125,1.0
2-3-1,Run1,189134414652,2.8233642578125,3.381927490234375,1.0
2-3-1,Run1,189134431307,2.867462158203125,3.368148803710937,1.0
2-3-1,Run1,189134447962,2.8819732666015625,3.35748291015625,1.0
2-3-1,Run1,189134464617,3.038314819335937,3.365447998046875,1.0
2-3-1,Run1,189134481271,3.07476806640625,3.358795166015625,1.0
2-3-1,Run1,189134497926,2.88238525390625,3.346710205078125,1.0
2-3-1,Run1,189134514581,2.8563232421875,3.37103271484375,1.0
2-3-1,Run1,189134531235,3.020492553710937,3.3834686279296875,1.0
2-3-1,Run1,189134547890,3.021575927734375,3.378326416015625,1.0
2-3-1,Run1,189134564545,2.850128173828125,3.3419647216796875,1.0
2-3-1,Run1,189134581200,2.843902587890625,3.3524627685546875,1.0
2-3-1,Run1,189134597855,2.8645477294921875,3.397933959960937,1.0
2-3-1,Run1,189134614510,2.878021240234375,3.37396240234375,1.0
2-3-1,Run1,189134631164,2.861190795898437,3.37176513671875,1.0
2-3-1,Run1,189134647819,2.875701904296875,3.3726959228515625,1.0
2-3-1,Run1,189134664474,2.872894287109375,3.3622589111328125,1.0
2-3-1,Run1,189134681128,2.876083374023437,3.3784332275390625,1.0
2-3-1,Run1,189134697783,2.9071807861328125,3.371612548828125,1.0
2-3-1,Run1,189134714438,2.8991241455078125,3.36944580078125,1.0
2-3-1,Run1,189134731093,2.9212188720703125,3.377105712890625,1.0
2-3-1,Run1,189134747748,2.81170654296875,3.3079376220703125,1.0
2-3-1,Run1,189134764403,2.80770026312934,3.306766086154514,0.0
2-3-1,Run1,189134781058,2.8036939832899304,3.305594550238715,0.0
2-3-1,Run1,189134797712,2.799687703450521,3.3044230143229165,0.0
2-3-1,Run1,189134814367,2.795681423611111,3.303251478407118,0.0
2-3-1,Run1,189134831022,2.7916751437717013,3.3020799424913196,0.0
2-3-1,Run1,189134847676,2.7876688639322915,3.300908406575521,0.0
2-3-1,Run1,189134864331,2.783662584092882,3.2997368706597223,0.0
2-3-1,Run1,189134880986,2.7796563042534723,3.2985653347439237,0.0
2-3-1,Run1,189134897640,2.7756500244140625,3.297393798828125,1.0
2-3-1,Run1,189134914295,2.912628173828125,3.402069091796875,1.0
2-3-1,Run1,189134930951,2.9564666748046875,3.3388214111328125,1.0
2-3-1,Run1,189134947605,2.958831787109375,3.3677215576171875,1.0
2-3-1,Run1,189134964260,2.9508056640625,3.4151611328125,1.0
2-3-1,Run1,189134980915,2.9679412841796875,3.469451904296875,1.0
2-3-1,Run1,189134997570,2.9849090576171875,3.5094451904296875,1.0
2-3-1,Run1,189135014224,2.974594116210937,3.470123291015625,1.0
2-3-1,Run1,189135030879,2.97216796875,3.494384765625,1.0
2-3-1,Run1,189135047534,2.9808807373046875,3.462158203125,1.0
2-3-1,Run1,189135064188,2.9821929931640625,3.457855224609375,1.0
2-3-1,Run1,189135080843,3.003265380859375,3.4894256591796875,1.0
2-3-1,Run1,189135097499,2.9971923828125,3.4999542236328125,1.0
2-3-1,Run1,189135114153,3.0108184814453125,3.5052642822265625,1.0
2-3-1,Run1,189135130808,3.007904052734375,3.5080108642578125,1.0
2-3-1,Run1,189135147463,2.9909820556640625,3.495391845703125,1.0
2-3-1,Run1,189135164117,3.0190887451171875,3.5047607421875,1.0
2-3-1,Run1,189135180772,3.0162811279296875,3.5564117431640625,1.0
2-3-1,Run1,189135197427,2.993499755859375,3.526596069335937,1.0
2-3-1,Run1,189135214081,2.9962310791015625,3.5155487060546875,1.0
2-3-1,Run1,189135230736,3.1529541015625,3.52838134765625,1.0
2-3-1,Run1,189135247391,3.1267852783203125,3.5126190185546875,1.0
2-3-1,Run1,189135264047,2.9897003173828125,3.506561279296875,1.0
2-3-1,Run1,189135280701,3.0092315673828125,3.50677490234375,1.0
2-3-1,Run1,189135297356,2.973373413085937,3.5017242431640625,1.0
2-3-1,Run1,189135314011,2.9385528564453125,3.5102691650390625,1.0
2-3-1,Run1,189135330665,2.925140380859375,3.5024871826171875,1.0
2-3-1,Run1,189135347320,2.9344940185546875,3.4797515869140625,1.0
2-3-1,Run1,189135363975,2.945953369140625,3.4571990966796875,1.0
2-3-1,Run1,189135380629,2.9485015869140625,3.454452514648437,1.0
2-3-1,Run1,189135397284,2.955429077148437,3.445541381835937,1.0
2-3-1,Run1,189135413939,2.974349975585937,3.4511871337890625,1.0
2-3-1,Run1,189135430593,2.9597320556640625,3.5951385498046875,1.0
2-3-1,Run1,189135447249,2.9140777587890625,3.530364990234375,1.0
2-3-1,Run1,189135463904,2.90997314453125,3.43536376953125,1.0
2-3-1,Run1,189135480558,2.91656494140625,3.4237060546875,1.0
2-3-1,Run1,189135497213,2.942489624023437,3.4053192138671875,1.0
2-3-1,Run1,189135513868,2.934310913085937,3.4018096923828125,1.0
2-3-1,Run1,189135530523,2.905120849609375,3.387298583984375,1.0
2-3-1,Run1,189135547177,2.9139556884765625,3.4172821044921875,1.0
2-3-1,Run1,189135563832,2.9036102294921875,3.407379150390625,1.0
2-3-1,Run1,189135580487,2.908782958984375,3.380828857421875,1.0
2-3-1,Run1,189135597141,2.9129180908203125,3.3571929931640625,1.0
2-3-1,Run1,189135613797,2.912841796875,3.370513916015625,1.0
2-3-1,Run1,189135630452,2.942977905273437,3.4037322998046875,1.0
2-3-1,Run1,189135647106,2.9339599609375,3.412200927734375,1.0
2-3-1,Run1,189135663761,2.926132202148437,3.425155639648437,1.0
2-3-1,Run1,189135680416,2.941436767578125,3.406723022460937,1.0
2-3-1,Run1,189135697070,2.9318389892578125,3.399154663085937,1.0
2-3-1,Run1,189135713725,2.955047607421875,3.4282989501953125,1.0
2-3-1,Run1,189135730380,3.152816772460937,3.592132568359375,1.0
2-3-1,Run1,189135747034,3.10711669921875,3.606109619140625,1.0
2-3-1,Run1,189135763689,2.956207275390625,3.606109619140625,1.0
2-3-1,Run1,189135780345,2.981964111328125,3.4767532348632812,1.0
2-3-1,Run1,189135797000,2.9703826904296875,3.347396850585937,1.0
2-3-1,Run1,189135813654,2.960540771484375,3.3966217041015625,1.0
2-3-1,Run1,189135830309,2.979766845703125,3.421981811523437,1.0
2-3-1,Run1,189135846964,2.9745025634765625,3.415145874023437,1.0
2-3-1,Run1,189135863618,2.9615020751953125,3.3975372314453125,1.0
2-3-1,Run1,189135880273,2.979354858398437,3.421722412109375,1.0
2-3-1,Run1,189135896928,2.97991943359375,3.4380645751953125,1.0
2-3-1,Run1,189135913582,2.991439819335937,3.43878173828125,1.0
2-3-1,Run1,189135930237,2.9911651611328125,3.4364776611328125,1.0
2-3-1,Run1,189135946892,2.965301513671875,3.43914794921875,1.0
2-3-1,Run1,189135963547,2.95635986328125,3.424423217773437,1.0
2-3-1,Run1,189135980202,2.947540283203125,3.4084625244140625,1.0
2-3-1,Run1,189135996857,2.959197998046875,3.3903350830078125,1.0
2-3-1,Run1,189136013511,2.9399871826171875,3.394439697265625,1.0
2-3-1,Run1,189136030166,2.9217071533203125,3.520904541015625,1.0
2-3-1,Run1,189136046821,2.970077514648437,3.60369873046875,1.0
2-3-1,Run1,189136063476,2.979888916015625,3.60369873046875,1.0
2-3-1,Run1,189136080130,2.830291748046875,3.4542205810546873,1.0
2-3-1,Run1,189136096785,2.8282046847873263,3.304742431640625,0.0
2-3-1,Run1,189136113440,2.8261176215277777,3.1552642822265624,0.0
2-3-1,Run1,189136130095,2.824030558268229,3.0057861328125,0.0
2-3-1,Run1,189136146750,2.8219434950086804,2.8563079833984375,0.0
2-3-1,Run1,189136163405,2.8198564317491317,2.706829833984375,0.0
2-3-1,Run1,189136180059,2.817769368489583,2.557351684570312,0.0
2-3-1,Run1,189136196714,2.8156823052300344,2.40787353515625,0.0
2-3-1,Run1,189136213369,2.8135952419704857,2.2583953857421877,0.0
2-3-1,Run1,189136230023,2.811508178710937,2.108917236328125,1.0
2-3-1,Run1,189136246678,2.9129638671875,2.696502685546875,1.0
2-3-1,Run1,189136263333,2.941558837890625,3.291229248046875,1.0
2-3-1,Run1,189136279987,2.980316162109375,3.321136474609375,1.0
2-3-1,Run1,189136296643,2.96734619140625,3.412506103515625,1.0
2-3-1,Run1,189136313298,2.984359741210937,3.4807586669921875,1.0
2-3-1,Run1,189136329953,3.007553100585937,3.5056304931640625,1.0
2-3-1,Run1,189136346607,3.01043701171875,3.4761199951171875,1.0
2-3-1,Run1,189136363262,3.01947021484375,3.6229400634765625,1.0
2-3-1,Run1,189136379917,3.0363006591796875,3.6485595703125,1.0
2-3-1,Run1,189136396571,3.026718139648437,3.4921875,1.0
2-3-1,Run1,189136413226,3.033843994140625,3.501327514648437,1.0
2-3-1,Run1,189136429881,3.2214813232421875,3.5107574462890625,1.0
2-3-1,Run1,189136446535,3.213958740234375,3.4922332763671875,1.0
2-3-1,Run1,189136463190,3.213958740234375,3.48822021484375,1.0
2-3-1,Run1,189136479846,3.1773834228515625,3.4864501953125,1.0
2-3-1,Run1,189136496500,3.14080810546875,3.5276641845703125,1.0
2-3-1,Run1,189136513155,3.1042327880859375,3.5302734375,1.0
2-3-1,Run1,189136529810,3.067657470703125,3.530548095703125,1.0
2-3-1,Run1,189136546464,3.0310821533203125,3.540283203125,1.0
2-3-1,Run1,189136563119,2.9945068359375,3.56353759765625,1.0
2-3-1,Run1,189136579774,3.1247711181640625,3.5752716064453125,1.0
2-3-1,Run1,189136596429,3.1220855712890625,3.5643768310546875,1.0
2-3-1,Run1,189136613083,3.0999298095703125,3.5522613525390625,1.0
2-3-1,Run1,189136629738,3.097991943359375,3.537826538085937,1.0
2-3-1,Run1,189136646394,3.1177978515625,3.539581298828125,1.0
2-3-1,Run1,189136663048,3.126190185546875,3.64141845703125,1.0
2-3-1,Run1,189136679703,3.095687866210937,3.6273040771484375,1.0
2-3-1,Run1,189136696358,3.08355712890625,3.6273040771484375,1.0
2-3-1,Run1,189136713012,3.124908447265625,3.5589447021484375,1.0
2-3-1,Run1,189136729667,3.0895233154296875,3.490585327148437,1.0
2-3-1,Run1,189136746322,3.0223846435546875,3.5568389892578125,1.0
2-3-1,Run1,189136762976,3.0090789794921875,3.53155517578125,1.0
2-3-1,Run1,189136779631,3.0145721435546875,3.50927734375,1.0
2-3-1,Run1,189136796286,3.0101470947265625,3.5172271728515625,1.0
2-3-1,Run1,189136812941,3.0200958251953125,3.5262451171875,1.0
2-3-1,Run1,189136829596,3.0104217529296875,3.639480590820313,1.0
2-3-1,Run1,189136846251,2.9845123291015625,3.66650390625,1.0
2-3-1,Run1,189136862906,3.0316162109375,3.5239715576171875,1.0
2-3-1,Run1,189136879560,3.0402984619140625,3.51837158203125,1.0
2-3-1,Run1,189136896216,3.006439208984375,3.5189666748046875,1.0
2-3-1,Run1,189136912871,3.0165557861328125,3.512969970703125,1.0
2-3-1,Run1,189136929525,3.058319091796875,3.502227783203125,1.0
2-3-1,Run1,189136946180,3.058197021484375,3.50189208984375,1.0
2-3-1,Run1,189136962835,3.198959350585937,3.6431884765625,1.0
2-3-1,Run1,189136979489,3.21820068359375,3.692214965820313,1.0
2-3-1,Run1,189136996145,3.060287475585937,3.5401763916015625,1.0
2-3-1,Run1,189137012800,3.0816650390625,3.529998779296875,1.0
2-3-1,Run1,189137029454,3.1107635498046875,3.535186767578125,1.0
2-3-1,Run1,189137046109,3.1098175048828125,3.5612335205078125,1.0
2-3-1,Run1,189137062764,3.109619140625,3.580810546875,1.0
2-3-1,Run1,189137079418,3.1197662353515625,3.558349609375,1.0
2-3-1,Run1,189137096073,3.300262451171875,3.5509185791015625,1.0
2-3-1,Run1,189137112729,3.333770751953125,3.55975341796875,1.0
2-3-1,Run1,189137129384,3.162216186523437,3.5891876220703125,1.0
2-3-1,Run1,189137146038,3.1691436767578125,3.6079254150390634,1.0
2-3-1,Run1,189137162694,3.176254272460937,3.6427001953125,1.0
2-3-1,Run1,189137179349,3.173446655273437,3.6275787353515625,1.0
2-3-1,Run1,189137196003,3.1891021728515625,3.721099853515625,1.0
2-3-1,Run1,189137212658,3.167510986328125,3.25299072265625,1.0
2-3-1,Run1,189137229313,3.3048095703125,3.25299072265625,1.0
2-3-1,Run1,189137245967,3.2670242309570314,3.219244384765625,0.0
2-3-1,Run1,189137262622,3.2292388916015624,3.185498046875,0.0
2-3-1,Run1,189137279277,3.191453552246094,3.151751708984375,0.0
2-3-1,Run1,189137295931,3.153668212890625,3.11800537109375,0.0
2-3-1,Run1,189137312587,3.1158828735351562,3.084259033203125,0.0
2-3-1,Run1,189137329243,3.0780975341796877,3.0505126953125,0.0
2-3-1,Run1,189137345897,3.0403121948242187,3.016766357421875,0.0
2-3-1,Run1,189137362552,3.00252685546875,2.98302001953125,0.0
2-3-1,Run1,189137379207,2.964741516113281,2.949273681640625,0.0
2-3-1,Run1,189137395862,2.9269561767578125,2.91552734375,1.0
2-3-1,Run1,189137412516,3.079193115234375,3.297760009765625,1.0
2-3-1,Run1,189137429171,3.132919311523437,3.534210205078125,1.0
2-3-1,Run1,189137445826,3.1515655517578125,3.608795166015625,1.0
2-3-1,Run1,189137462480,3.1531524658203125,3.6412353515625,1.0
2-3-1,Run1,189137479135,3.1472930908203125,3.62860107421875,1.0
2-3-1,Run1,189137495791,3.1583709716796875,3.6412353515625,1.0
2-3-1,Run1,189137512445,3.1669921875,3.615875244140625,1.0
2-3-1,Run1,189137529101,3.17291259765625,3.6461181640625,1.0
2-3-1,Run1,189137545756,3.1958465576171875,3.65960693359375,1.0
2-3-1,Run1,189137562410,3.217041015625,3.6890716552734375,1.0
2-3-1,Run1,189137579065,3.210922241210937,3.679031372070313,1.0
2-3-1,Run1,189137595720,3.2003936767578125,3.6794281005859375,1.0
2-3-1,Run1,189137612374,3.2035064697265625,3.673583984375,1.0
2-3-1,Run1,189137629029,3.221710205078125,3.6546630859375,1.0
2-3-1,Run1,189137645684,3.23321533203125,3.662139892578125,1.0
2-3-1,Run1,189137662339,3.37652587890625,3.674530029296875,1.0
2-3-1,Run1,189137678994,3.314605712890625,3.6614990234375,1.0
2-3-1,Run1,189137695649,3.19305419921875,3.6490631103515625,1.0
2-3-1,Run1,189137712304,3.1927947998046875,3.64959716796875,1.0
2-3-1,Run1,189137728959,3.1449737548828125,3.647140502929688,1.0
2-3-1,Run1,189137745614,3.0297088623046875,3.613235473632813,1.0
2-3-1,Run1,189137762269,3.030517578125,3.5546875,1.0
2-3-1,Run1,189137778923,3.124847412109375,3.57861328125,1.0
2-3-1,Run1,189137795578,3.1220245361328125,3.592803955078125,1.0
2-3-1,Run1,189137812233,3.0199432373046875,3.61444091796875,1.0
2-3-1,Run1,189137828887,2.982162475585937,3.57415771484375,1.0
2-3-1,Run1,189137845543,2.982162475585937,3.6254730224609375,1.0
2-3-1,Run1,189137862198,2.9847398237748575,3.9647216796875,1.0
2-3-1,Run1,189137878852,2.987317171963778,3.8427225748697915,0.0
2-3-1,Run1,189137895507,2.9898945201526987,3.7207234700520835,0.0
2-3-1,Run1,189137912162,2.992471868341619,3.598724365234375,0.0
2-3-1,Run1,189137928817,2.9950492165305396,3.4767252604166665,0.0
2-3-1,Run1,189137945472,2.99762656471946,3.3547261555989585,0.0
2-3-1,Run1,189137962127,3.0002039129083804,3.23272705078125,0.0
2-3-1,Run1,189137978782,3.002781261097301,3.110727945963542,0.0
2-3-1,Run1,189137995436,3.0053586092862217,2.9887288411458335,0.0
2-3-1,Run1,189138012091,3.007935957475142,2.866729736328125,1.0
2-3-1,Run1,189138028747,3.0105133056640625,3.139801025390625,1.0
2-3-1,Run1,189138045401,3.08349609375,3.4455718994140625,1.0
2-3-1,Run1,189138062056,3.060791015625,3.5064239501953125,1.0
2-3-1,Run1,189138078711,3.0692596435546875,3.484222412109375,1.0
2-3-1,Run1,189138095366,3.053558349609375,3.5135040283203125,1.0
2-3-1,Run1,189138112021,3.0625,3.4854736328125,1.0
2-3-1,Run1,189138128676,3.0730743408203125,3.4724884033203125,1.0
2-3-1,Run1,189138145330,3.079574584960937,3.48663330078125,1.0
2-3-1,Run1,189138161985,3.2387237548828125,3.509857177734375,1.0
2-3-1,Run1,189138178640,3.256744384765625,3.52044677734375,1.0
2-3-1,Run1,189138195296,3.0966796875,3.490509033203125,1.0
2-3-1,Run1,189138211950,3.1121368408203125,3.47857666015625,1.0
2-3-1,Run1,189138228605,3.121673583984375,3.5002593994140625,1.0
2-3-1,Run1,189138245260,3.115875244140625,3.516708374023437,1.0
2-3-1,Run1,189138261914,3.1483612060546875,3.5363311767578125,1.0
2-3-1,Run1,189138278569,3.16241455078125,3.547225952148437,1.0
2-3-1,Run1,189138295225,3.155380249023437,3.542465209960937,1.0
2-3-1,Run1,189138311879,3.16259765625,3.522308349609375,1.0
2-3-1,Run1,189138328534,3.1602325439453125,3.5399169921875,1.0
2-3-1,Run1,189138345189,3.1533203125,3.5541229248046875,1.0
2-3-1,Run1,189138361844,3.145660400390625,3.52947998046875,1.0
2-3-1,Run1,189138378499,3.1227264404296875,3.503570556640625,1.0
2-3-1,Run1,189138395154,3.1123046875,3.4974365234375,1.0
2-3-1,Run1,189138411808,3.0949859619140625,3.5118560791015625,1.0
2-3-1,Run1,189138428463,3.0838775634765625,3.4778594970703125,1.0
2-3-1,Run1,189138445118,3.0854949951171875,3.4770965576171875,1.0
2-3-1,Run1,189138461773,3.0543212890625,3.4938201904296875,1.0
2-3-1,Run1,189138478427,3.064483642578125,3.476058959960937,1.0
2-3-1,Run1,189138495083,3.072998046875,3.4713897705078125,1.0
2-3-1,Run1,189138511738,3.077850341796875,3.479721069335937,1.0
2-3-1,Run1,189138528392,3.075714111328125,3.4732208251953125,1.0
2-3-1,Run1,189138545047,3.0646514892578125,3.492431640625,1.0
2-3-1,Run1,189138561703,3.061248779296875,3.64105224609375,1.0
2-3-1,Run1,189138578357,3.0573272705078125,3.587753295898437,1.0
2-3-1,Run1,189138595012,3.2795562744140625,3.587753295898437,1.0
2-3-1,Run1,189138611667,3.254479544503348,3.563559395926339,0.0
2-3-1,Run1,189138628321,3.229402814592634,3.539365495954241,0.0
2-3-1,Run1,189138644976,3.2043260846819197,3.5151715959821423,0.0
2-3-1,Run1,189138661631,3.1792493547712053,3.4909776960100443,0.0
2-3-1,Run1,189138678285,3.154172624860491,3.466783796037946,0.0
2-3-1,Run1,189138694941,3.129095894949777,3.442589896065848,0.0
2-3-1,Run1,189138711596,3.1040191650390625,3.41839599609375,0.0
2-3-1,Run1,189138728252,3.078942435128348,3.3942020961216515,0.0
2-3-1,Run1,189138744906,3.053865705217634,3.3700081961495534,0.0
2-3-1,Run1,189138761561,3.0287889753069197,3.3458142961774553,0.0
2-3-1,Run1,189138792863,3.0037122453962053,3.321620396205357,0.0
2-3-1,Run1,189138809517,2.9786355154854913,3.2974264962332587,0.0
2-3-1,Run1,189138843565,2.953558785574777,3.2732325962611606,0.0
2-3-1,Run1,189138860219,2.9284820556640625,3.2490386962890625,1.0
2-3-1,Run1,189138876875,3.0258331298828125,3.3498077392578125,1.0
2-3-1,Run1,189138893531,3.071319580078125,3.364120483398437,1.0
2-3-1,Run1,189138910185,3.104721069335937,3.417343139648437,1.0
2-3-1,Run1,189138926840,3.07080078125,3.464874267578125,1.0
2-3-1,Run1,189138943495,3.0743865966796875,3.496307373046875,1.0
2-3-1,Run1,189138960149,3.100082397460937,3.518218994140625,1.0
2-3-1,Run1,189138976804,3.12225341796875,3.4796142578125,1.0
2-3-1,Run1,189138993459,3.1059112548828125,3.5049591064453125,1.0
2-3-1,Run1,189139010113,3.1154327392578125,3.510040283203125,1.0
2-3-1,Run1,189139026768,3.1256256103515625,3.5322723388671875,1.0
2-3-1,Run1,189139043424,3.1381072998046875,3.538330078125,1.0
2-3-1,Run1,189139060079,3.1378936767578125,3.5175323486328125,1.0
2-3-1,Run1,189139076733,3.128875732421875,3.5122833251953125,1.0
2-3-1,Run1,189139093389,3.14794921875,3.5198516845703125,1.0
2-3-1,Run1,189139110044,3.1434326171875,3.5330047607421875,1.0
2-3-1,Run1,189139126698,3.1366729736328125,3.56011962890625,1.0
2-3-1,Run1,189139143353,3.1407470703125,3.554443359375,1.0
2-3-1,Run1,189139160008,3.14410400390625,3.672683715820313,1.0
2-3-1,Run1,189139176662,3.14862060546875,3.686065673828125,1.0
2-3-1,Run1,189139193318,3.1293182373046875,3.5567626953125,1.0
2-3-1,Run1,189139209973,3.144134521484375,3.54754638671875,1.0
2-3-1,Run1,189139226627,3.1343231201171875,3.659500122070313,1.0
2-3-1,Run1,189139243282,3.103607177734375,3.62353515625,1.0
2-3-1,Run1,189139259937,3.1025848388671875,3.5347137451171875,1.0
2-3-1,Run1,189139276591,3.0974273681640625,3.547210693359375,1.0
2-3-1,Run1,189139293247,3.26806640625,3.5055694580078125,1.0
2-3-1,Run1,189139309902,3.3686676025390625,3.4980621337890625,1.0
2-3-1,Run1,189139326557,3.3686676025390625,3.4960479736328125,1.0
2-3-1,Run1,189139343211,3.1701812744140625,3.4930419921875,1.0
2-3-1,Run1,189139359866,2.9716949462890625,3.51031494140625,1.0
2-3-1,Run1,189139376522,3.0840606689453125,3.4825897216796875,1.0
2-3-1,Run1,189139393176,3.0699920654296875,3.4504852294921875,1.0
2-3-1,Run1,189139409831,3.055267333984375,3.463531494140625,1.0
2-3-1,Run1,189139426486,3.0638580322265625,3.469757080078125,1.0
2-3-1,Run1,189139443140,3.054656982421875,3.483856201171875,1.0
2-3-1,Run1,189139459795,3.015487670898437,3.4541473388671875,1.0
2-3-1,Run1,189139476450,2.9966278076171875,3.4296417236328125,1.0
2-3-1,Run1,189139493105,3.1605987548828125,3.43206787109375,1.0
2-3-1,Run1,189139509760,3.2552032470703125,3.43035888671875,1.0
2-3-1,Run1,189139526415,3.0518341064453125,3.427825927734375,1.0
2-3-1,Run1,189139543069,3.028060913085937,3.4461669921875,1.0
2-3-1,Run1,189139559724,3.1852264404296875,3.444244384765625,1.0
2-3-1,Run1,189139576380,3.221527099609375,3.429168701171875,1.0
2-3-1,Run1,189139593035,3.0242156982421875,3.402069091796875,1.0
2-3-1,Run1,189139609689,3.013824462890625,3.40423583984375,1.0
2-3-1,Run1,189139626344,2.93743896484375,3.298797607421875,1.0
2-3-1,Run1,189139642999,2.788818359375,3.1142120361328125,1.0
2-3-1,Run1,189139659653,2.8028717041015625,3.1212259928385415,0.0
2-3-1,Run1,189139676309,2.816925048828125,3.128239949544271,0.0
2-3-1,Run1,189139692964,2.8309783935546875,3.13525390625,0.0
2-3-1,Run1,189139709618,2.84503173828125,3.142267862955729,0.0
2-3-1,Run1,189139726273,2.8590850830078125,3.1492818196614585,0.0
2-3-1,Run1,189139742929,2.873138427734375,3.1562957763671875,0.0
2-3-1,Run1,189139759583,2.8871917724609375,3.1633097330729165,0.0
2-3-1,Run1,189139776238,2.9012451171875,3.170323689778646,0.0
2-3-1,Run1,189139792893,2.9152984619140625,3.177337646484375,1.0
2-3-1,Run1,189139809547,3.0325927734375,3.334136962890625,1.0
2-3-1,Run1,189139826203,3.0598907470703125,3.403106689453125,1.0
2-3-1,Run1,189139842858,3.068450927734375,3.379913330078125,1.0
2-3-1,Run1,189139859513,3.070419311523437,3.4152374267578125,1.0
2-3-1,Run1,189139876167,3.091659545898437,3.430938720703125,1.0
2-3-1,Run1,189139892822,3.120361328125,3.4665985107421875,1.0
2-3-1,Run1,189139909478,3.1075592041015625,3.44342041015625,1.0
2-3-1,Run1,189139926132,3.095932006835937,3.448104858398437,1.0
2-3-1,Run1,189139942787,3.102767944335937,3.474029541015625,1.0
2-3-1,Run1,189139959442,3.1144256591796875,3.499740600585937,1.0
2-3-1,Run1,189139976096,3.139862060546875,3.499969482421875,1.0
2-3-1,Run1,189139992752,3.157379150390625,3.50299072265625,1.0
2-3-1,Run1,189140009407,3.156890869140625,3.529449462890625,1.0
2-3-1,Run1,189140026061,3.16339111328125,3.539276123046875,1.0
2-3-1,Run1,189140042716,3.15252685546875,3.512924194335937,1.0
2-3-1,Run1,189140059371,3.16973876953125,3.510711669921875,1.0
2-3-1,Run1,189140076025,3.1682891845703125,3.5391845703125,1.0
2-3-1,Run1,189140092681,3.318328857421875,3.553497314453125,1.0
2-3-1,Run1,189140109336,3.3321075439453125,3.530181884765625,1.0
2-3-1,Run1,189140125991,3.1623687744140625,3.533187866210937,1.0
2-3-1,Run1,189140142645,3.1574859619140625,3.53643798828125,1.0
2-3-1,Run1,189140159301,3.163818359375,3.5611724853515625,1.0
2-3-1,Run1,189140175956,3.169052124023437,3.5672760009765625,1.0
2-3-1,Run1,189140192610,3.16070556640625,3.5267333984375,1.0
2-3-1,Run1,189140209265,3.15557861328125,3.5345611572265625,1.0
2-3-1,Run1,189140225920,3.1351318359375,3.5594940185546875,1.0
2-3-1,Run1,189140242574,3.110595703125,3.5492095947265625,1.0
2-3-1,Run1,189140259229,2.9493408203125,3.6556549072265625,1.0
2-3-1,Run1,189140275884,2.679779052734375,3.6359119415283203,1.0
2-3-1,Run1,189140292539,2.7238758632114957,3.616168975830078,0.0
2-3-1,Run1,189140309194,2.767972673688616,3.596426010131836,0.0
2-3-1,Run1,189140325849,2.8120694841657365,3.5766830444335938,0.0
2-3-1,Run1,189140342504,2.856166294642857,3.5569400787353516,0.0
2-3-1,Run1,189140359159,2.900263105119978,3.5371971130371094,0.0
2-3-1,Run1,189140375814,2.944359915597098,3.517454147338867,0.0
2-3-1,Run1,189140392469,2.9884567260742188,3.497711181640625,0.0
2-3-1,Run1,189140409123,3.0325535365513394,3.477968215942383,0.0
2-3-1,Run1,189140425778,3.07665034702846,3.4582252502441406,0.0
2-3-1,Run1,189140456889,3.1207471575055803,3.4384822845458984,0.0
2-3-1,Run1,189140473543,3.164843967982701,3.4187393188476562,0.0
2-3-1,Run1,189140490198,3.208940778459821,3.398996353149414,0.0
2-3-1,Run1,189140525577,3.253037588936942,3.379253387451172,0.0
2-3-1,Run1,189140542233,3.2971343994140625,3.3595104217529297,1.0
2-3-1,Run1,189140558887,3.1715850830078125,3.3397674560546875,1.0
2-3-1,Run1,189140575542,3.182098388671875,3.3397674560546875,1.0
2-3-1,Run1,189140592197,3.161163330078125,3.3969268798828125,1.0
2-3-1,Run1,189140608853,3.165023803710937,3.49493408203125,1.0
2-3-1,Run1,189140625507,3.1957244873046875,3.537811279296875,1.0
2-3-1,Run1,189140642162,3.2012939453125,3.528289794921875,1.0
2-3-1,Run1,189140658817,3.17266845703125,3.5370025634765625,1.0
2-3-1,Run1,189140675471,3.1966094970703125,3.573211669921875,1.0
2-3-1,Run1,189140692126,3.19354248046875,3.6041107177734375,1.0
2-3-1,Run1,189140708781,3.194854736328125,3.611175537109375,1.0
2-3-1,Run1,189140725436,3.2252197265625,3.6083831787109375,1.0
2-3-1,Run1,189140742091,3.2317047119140625,3.611785888671875,1.0
2-3-1,Run1,189140758746,3.2326812744140625,3.61163330078125,1.0
2-3-1,Run1,189140775401,3.2371826171875,3.5885467529296875,1.0
2-3-1,Run1,189140792056,3.2370758056640625,3.5955352783203125,1.0
2-3-1,Run1,189140808711,3.220077514648437,3.6096038818359375,1.0
2-3-1,Run1,189140825365,3.20758056640625,3.73974609375,1.0
2-3-1,Run1,189140842020,3.2200927734375,3.6854400634765625,1.0
2-3-1,Run1,189140858675,3.2095184326171875,3.583282470703125,1.0
2-3-1,Run1,189140875330,3.1873016357421875,3.5810699462890625,1.0
2-3-1,Run1,189140891984,3.1690826416015625,3.555206298828125,1.0
2-3-1,Run1,189140908639,3.157333374023437,3.562728881835937,1.0
2-3-1,Run1,189140925295,3.1453857421875,3.577301025390625,1.0
2-3-1,Run1,189140941950,3.1545867919921875,3.554779052734375,1.0
2-3-1,Run1,189140958605,3.154693603515625,3.515594482421875,1.0
2-3-1,Run1,189140975260,3.1544952392578125,3.5156707763671875,1.0
2-3-1,Run1,189140991914,3.1339111328125,3.5382232666015625,1.0
2-3-1,Run1,189141008569,3.12725830078125,3.5264892578125,1.0
2-3-1,Run1,189141025224,3.124114990234375,3.5012664794921875,1.0
2-3-1,Run1,189141041878,3.13128662109375,3.501678466796875,1.0
2-3-1,Run1,189141058533,3.115570068359375,3.49005126953125,1.0
2-3-1,Run1,189141075188,3.1040802001953125,3.491317749023437,1.0
2-3-1,Run1,189141091843,3.090087890625,3.511581420898437,1.0
2-3-1,Run1,189141108498,3.06768798828125,3.5214385986328125,1.0
2-3-1,Run1,189141125154,3.0760498046875,3.62969970703125,1.0
2-3-1,Run1,189141141809,3.0795440673828125,3.608612060546875,1.0
2-3-1,Run1,189141158463,3.1058807373046875,3.48193359375,1.0
2-3-1,Run1,189141175118,3.092071533203125,3.4655303955078125,1.0
2-3-1,Run1,189141191773,3.0594940185546875,3.5508575439453125,1.0
2-3-1,Run1,189141208427,3.06060791015625,3.5936737060546875,1.0
2-3-1,Run1,189141225082,3.039398193359375,3.474700927734375,1.0
2-3-1,Run1,189141241738,3.0453643798828125,3.483367919921875,1.0
2-3-1,Run1,189141258392,3.07080078125,3.6240234375,1.0
2-3-1,Run1,189141275047,3.0753631591796875,3.5971832275390625,1.0
2-3-1,Run1,189141291702,3.04412841796875,3.5971832275390625,1.0
2-3-1,Run1,189141308357,3.044097900390625,3.5665435791015625,1.0
2-3-1,Run1,189141325012,3.0809478759765625,3.465301513671875,1.0
2-3-1,Run1,189141341667,3.076400756835937,3.4972686767578125,1.0
2-3-1,Run1,189141358321,3.0708465576171875,3.43994140625,1.0
2-3-1,Run1,189141374976,3.07275390625,3.3999176025390625,1.0
2-3-1,Run1,189141391631,3.085601806640625,3.355072021484375,1.0
2-3-1,Run1,189141408287,3.1015167236328125,3.34283447265625,1.0
2-3-1,Run1,189141424941,3.1036834716796875,3.5453643798828125,1.0
2-3-1,Run1,189141441596,3.075592041015625,3.646194458007813,1.0
2-3-1,Run1,189141458251,3.080413818359375,3.646194458007813,1.0
2-3-1,Run1,189141474905,3.0654296875,3.2156524658203125,1.0
2-3-1,Run1,189141491561,3.045745849609375,2.7851104736328125,1.0
2-3-1,Run1,189141508216,3.08453369140625,2.9029083251953125,1.0
2-3-1,Run1,189141524870,3.076202392578125,3.0374298095703125,1.0
2-3-1,Run1,189141541525,2.9517364501953125,2.9588775634765625,1.0
2-3-1,Run1,189141558181,2.94846428765191,2.893057929144965,0.0
2-3-1,Run1,189141574835,2.945192125108507,2.827238294813368,0.0
2-3-1,Run1,189141591490,2.941919962565104,2.761418660481771,0.0
2-3-1,Run1,189141608145,2.9386478000217013,2.6955990261501737,0.0
2-3-1,Run1,189141624799,2.9353756374782987,2.6297793918185763,0.0
2-3-1,Run1,189141641454,2.932103474934896,2.563959757486979,0.0
2-3-1,Run1,189141658109,2.928831312391493,2.498140123155382,0.0
2-3-1,Run1,189141674764,2.92555914984809,2.432320488823785,0.0
2-3-1,Run1,189141691419,2.9222869873046875,2.3665008544921875,1.0
2-3-1,Run1,189141708074,3.1199188232421875,2.3665008544921875,1.0
2-3-1,Run1,189141724730,3.176422119140625,3.330352783203125,1.0
2-3-1,Run1,189141741384,3.2329864501953125,3.4777069091796875,1.0
2-3-1,Run1,189141758039,3.2868804931640625,3.5537261962890625,1.0
2-3-1,Run1,189141774694,3.251937866210937,3.572021484375,1.0
2-3-1,Run1,189141791348,3.259017944335937,3.604278564453125,1.0
2-3-1,Run1,189141808003,3.2499542236328125,3.60064697265625,1.0
2-3-1,Run1,189141824658,3.2558135986328125,3.64385986328125,1.0
2-3-1,Run1,189141841312,3.2853546142578125,3.64813232421875,1.0
2-3-1,Run1,189141857967,3.2841796875,3.66943359375,1.0
2-3-1,Run1,189141874623,3.30572509765625,3.667312622070313,1.0
2-3-1,Run1,189141891277,3.302352905273437,3.790084838867188,1.0
2-3-1,Run1,189141907932,3.2982635498046875,3.7526702880859375,1.0
2-3-1,Run1,189141924587,3.492660522460937,3.662261962890625,1.0
2-3-1,Run1,189141941242,3.468231201171875,3.67279052734375,1.0
2-3-1,Run1,189141957896,3.3206329345703125,3.697799682617188,1.0
2-3-1,Run1,189141974551,3.325958251953125,3.69732666015625,1.0
2-3-1,Run1,189141991206,3.317901611328125,3.68511962890625,1.0
2-3-1,Run1,189142007860,3.302825927734375,3.675994873046875,1.0
2-3-1,Run1,189142024515,3.307357788085937,3.687744140625,1.0
2-3-1,Run1,189142041171,3.2926177978515625,3.7135009765625,1.0
2-3-1,Run1,189142057825,3.259506225585937,3.702239990234375,1.0
2-3-1,Run1,189142074480,3.24688720703125,3.679489135742188,1.0
2-3-1,Run1,189142091135,3.2248687744140625,3.649261474609375,1.0
2-3-1,Run1,189142107789,3.24884033203125,3.64910888671875,1.0
2-3-1,Run1,189142124444,3.2350616455078125,3.64398193359375,1.0
2-3-1,Run1,189142141099,3.2427520751953125,3.65234375,1.0
2-3-1,Run1,189142157753,3.2083740234375,3.616058349609375,1.0
2-3-1,Run1,189142174408,3.1621551513671875,3.587554931640625,1.0
2-3-1,Run1,189142191064,3.15887451171875,3.5711669921875,1.0
2-3-1,Run1,189142207719,3.158309936523437,3.5742340087890625,1.0
2-3-1,Run1,189142224373,3.1479949951171875,3.58074951171875,1.0
2-3-1,Run1,189142241028,3.1116943359375,3.5620574951171875,1.0
2-3-1,Run1,189142257683,3.103622436523437,3.537994384765625,1.0
2-3-1,Run1,189142274337,3.104583740234375,3.550689697265625,1.0
2-3-1,Run1,189142290992,3.081817626953125,3.5472564697265625,1.0
2-3-1,Run1,189142307647,3.0986785888671875,3.548095703125,1.0
2-3-1,Run1,189142324301,3.09735107421875,3.5299530029296875,1.0
2-3-1,Run1,189142340957,3.076400756835937,3.5236358642578125,1.0
2-3-1,Run1,189142357612,3.0832672119140625,3.519271850585937,1.0
2-3-1,Run1,189142374266,3.1270751953125,3.49908447265625,1.0
2-3-1,Run1,189142390921,3.15216064453125,3.4897918701171875,1.0
2-3-1,Run1,189142407576,3.1046142578125,3.4937744140625,1.0
2-3-1,Run1,189142424230,3.2183074951171875,3.4918212890625,1.0
2-3-1,Run1,189142440885,3.239852905273437,3.5066070556640625,1.0
2-3-1,Run1,189142457540,3.0711669921875,3.478485107421875,1.0
2-3-1,Run1,189142474195,3.116485595703125,3.478302001953125,1.0
2-3-1,Run1,189142490849,3.1055450439453125,3.50006103515625,1.0
2-3-1,Run1,189142507505,3.053817749023437,3.483642578125,1.0
2-3-1,Run1,189142524160,3.034088134765625,3.468597412109375,1.0
2-3-1,Run1,189142540814,3.05718994140625,3.4636383056640625,1.0
2-3-1,Run1,189142557469,3.06719970703125,3.47381591796875,1.0
2-3-1,Run1,189142574124,3.0604705810546875,3.4677886962890625,1.0
2-3-1,Run1,189142590778,3.055755615234375,3.47021484375,1.0
2-3-1,Run1,189142607433,3.038803100585937,3.485214233398437,1.0
2-3-1,Run1,189142624088,3.07196044921875,3.484603881835937,1.0
2-3-1,Run1,189142640742,3.08380126953125,3.486190795898437,1.0
2-3-1,Run1,189142657398,3.0765533447265625,3.486312866210937,1.0
2-3-1,Run1,189142674053,3.0890350341796875,3.50408935546875,1.0
2-3-1,Run1,189142690707,3.098388671875,3.5030517578125,1.0
2-3-1,Run1,189142707362,3.134857177734375,3.4966583251953125,1.0
2-3-1,Run1,189142724017,3.11358642578125,3.5001678466796875,1.0
2-3-1,Run1,189142740672,3.078582763671875,3.491424560546875,1.0
2-3-1,Run1,189142757326,3.1031036376953125,3.4972381591796875,1.0
2-3-1,Run1,189142773981,3.117416381835937,3.492904663085937,1.0
2-3-1,Run1,189142790636,3.087509155273437,3.454071044921875,1.0
2-3-1,Run1,189142807290,3.0296630859375,3.3169403076171875,1.0
2-3-1,Run1,189142823946,3.1965484619140625,3.0714569091796875,1.0
2-3-1,Run1,189142840601,2.9892476399739585,2.9707005818684897,0.0
2-3-1,Run1,189142857255,2.781946818033854,2.8699442545572915,0.0
2-3-1,Run1,189142873910,2.57464599609375,2.7691879272460938,0.0
2-3-1,Run1,189142890565,2.3673451741536455,2.668431599934896,0.0
2-3-1,Run1,189142907219,2.1600443522135415,2.5676752726236978,0.0
2-3-1,Run1,189142923874,1.9527435302734373,2.4669189453125,1.0
2-3-1,Run1,189142940529,2.5509490966796875,2.4669189453125,1.0
2-3-1,Run1,189142957183,3.0605621337890625,3.250228881835937,1.0
2-3-1,Run1,189142973839,3.0484161376953125,3.3728179931640625,1.0
2-3-1,Run1,189142990494,3.06414794921875,3.448516845703125,1.0
2-3-1,Run1,189143007149,3.0782012939453125,3.4456024169921875,1.0
2-3-1,Run1,189143023803,3.073760986328125,3.4780426025390625,1.0
2-3-1,Run1,189143040458,3.0914764404296875,3.473602294921875,1.0
2-3-1,Run1,189143057113,3.0918121337890625,3.4633941650390625,1.0
2-3-1,Run1,189143073767,3.105575561523437,3.4808349609375,1.0
2-3-1,Run1,189143090422,3.124542236328125,3.490447998046875,1.0
2-3-1,Run1,189143107077,3.098236083984375,3.4669342041015625,1.0
2-3-1,Run1,189143123731,3.0872955322265625,3.4711151123046875,1.0
2-3-1,Run1,189143140387,3.1157684326171875,3.4897003173828125,1.0
2-3-1,Run1,189143157042,3.13262939453125,3.525131225585937,1.0
2-3-1,Run1,189143173696,3.16552734375,3.5244903564453125,1.0
2-3-1,Run1,189143190351,3.193939208984375,3.529693603515625,1.0
2-3-1,Run1,189143207006,3.1569366455078125,3.518173217773437,1.0
2-3-1,Run1,189143223660,3.1754913330078125,3.54010009765625,1.0
2-3-1,Run1,189143240315,3.191680908203125,3.5670623779296875,1.0
2-3-1,Run1,189143256970,3.203338623046875,3.575469970703125,1.0
2-3-1,Run1,189143273625,3.206039428710937,3.572494506835937,1.0
2-3-1,Run1,189143290280,3.2031402587890625,3.576934814453125,1.0
2-3-1,Run1,189143306935,3.2137603759765625,3.575958251953125,1.0
2-3-1,Run1,189143323590,3.21923828125,3.5563201904296875,1.0
2-3-1,Run1,189143340244,3.246490478515625,3.56658935546875,1.0
2-3-1,Run1,189143356899,3.2357635498046875,3.5938262939453125,1.0
2-3-1,Run1,189143373554,3.18792724609375,3.599227905273437,1.0
2-3-1,Run1,189143390208,3.186752319335937,3.5853271484375,1.0
2-3-1,Run1,189143406863,3.164413452148437,3.5846710205078125,1.0
2-3-1,Run1,189143423518,3.160797119140625,3.580062866210937,1.0
2-3-1,Run1,189143440172,3.1832427978515625,3.60528564453125,1.0
2-3-1,Run1,189143456828,3.343353271484375,3.7972259521484375,1.0
2-3-1,Run1,189143473483,3.152301788330078,3.6792953491210936,0.0
2-3-1,Run1,189143490137,2.9612503051757812,3.56136474609375,0.0
2-3-1,Run1,189143506792,2.7701988220214844,3.443434143066406,0.0
2-3-1,Run1,189143523447,2.5791473388671875,3.3255035400390627,0.0
2-3-1,Run1,189143540102,2.3880958557128906,3.2075729370117188,0.0
2-3-1,Run1,189143556756,2.1970443725585938,3.089642333984375,0.0
2-3-1,Run1,189143573411,2.005992889404297,2.9717117309570313,0.0
2-3-1,Run1,189143590066,1.81494140625,2.8537811279296874,1.0
2-3-1,Run1,189143606721,2.6737213134765625,2.735850524902344,1.0
2-3-1,Run1,189143623376,3.0937652587890625,2.617919921875,1.0
2-3-1,Run1,189143640031,3.1298980712890625,3.1622314453125,1.0
2-3-1,Run1,189143656685,3.177841186523437,3.5097198486328125,1.0
2-3-1,Run1,189143673340,3.1275787353515625,3.4645538330078125,1.0
2-3-1,Run1,189143689995,3.141204833984375,3.510238647460937,1.0
2-3-1,Run1,189143706649,3.1834716796875,3.5636138916015625,1.0
2-3-1,Run1,189143723304,3.1916046142578125,3.607177734375,1.0
2-3-1,Run1,189143739959,3.209381103515625,3.5760650634765625,1.0
2-3-1,Run1,189143756613,3.216827392578125,3.6034088134765625,1.0
2-3-1,Run1,189143773269,3.2196197509765625,3.6174468994140634,1.0
2-3-1,Run1,189143789924,3.394149780273437,3.60809326171875,1.0
2-3-1,Run1,189143806579,3.4752349853515625,3.59881591796875,1.0
2-3-1,Run1,189143823233,3.235870361328125,3.60205078125,1.0
2-3-1,Run1,189143839888,3.2071075439453125,3.605682373046875,1.0
2-3-1,Run1,189143856543,3.2368927001953125,3.59783935546875,1.0
2-3-1,Run1,189143873197,3.2422332763671875,3.590316772460937,1.0
2-3-1,Run1,189143889852,3.2068328857421875,3.609664916992188,1.0
2-3-1,Run1,189143906507,3.19122314453125,3.623626708984375,1.0
2-3-1,Run1,189143923162,3.1794891357421875,3.61627197265625,1.0
2-3-1,Run1,189143939817,3.173187255859375,3.606231689453125,1.0
2-3-1,Run1,189143956472,3.1732177734375,3.5968017578125,1.0
2-3-1,Run1,189143973126,3.1464385986328125,3.594024658203125,1.0
2-3-1,Run1,189143989781,3.130523681640625,3.580718994140625,1.0
2-3-1,Run1,189144006436,3.156646728515625,3.57470703125,1.0
2-3-1,Run1,189144023090,3.14544677734375,3.5540313720703125,1.0
2-3-1,Run1,189144039745,3.0981903076171875,3.540008544921875,1.0
2-3-1,Run1,189144056400,3.071762084960937,3.5386962890625,1.0
2-3-1,Run1,189144073056,3.095916748046875,3.5382080078125,1.0
2-3-1,Run1,189144089710,3.096435546875,3.5361785888671875,1.0
2-3-1,Run1,189144106365,3.08673095703125,3.53741455078125,1.0
2-3-1,Run1,189144123020,3.067733764648437,3.511627197265625,1.0
2-3-1,Run1,189144139674,3.0913848876953125,3.5008544921875,1.0
2-3-1,Run1,189144156329,3.0762481689453125,3.481307983398437,1.0
2-3-1,Run1,189144172984,3.028671264648437,3.5042724609375,1.0
2-3-1,Run1,189144189638,3.0316619873046875,3.511459350585937,1.0
2-3-1,Run1,189144206293,3.0486602783203125,3.4982452392578125,1.0
2-3-1,Run1,189144222948,3.0690460205078125,3.497406005859375,1.0
2-3-1,Run1,189144239603,3.053695678710937,3.481048583984375,1.0
2-3-1,Run1,189144256258,3.0349273681640625,3.591583251953125,1.0
2-3-1,Run1,189144272913,3.058502197265625,3.61279296875,1.0
2-3-1,Run1,189144289567,3.2876739501953125,3.4980621337890625,1.0
2-3-1,Run1,189144306222,3.240570068359375,3.498382568359375,1.0
2-3-1,Run1,189144322877,3.0408935546875,3.491973876953125,1.0
2-3-1,Run1,189144339532,3.0207672119140625,3.4924468994140625,1.0
2-3-1,Run1,189144356186,3.0234832763671875,3.483749389648437,1.0
2-3-1,Run1,189144372841,3.048324584960937,3.4894561767578125,1.0
2-3-1,Run1,189144389497,3.0452880859375,3.4822235107421875,1.0
2-3-1,Run1,189144406151,3.046630859375,3.468170166015625,1.0
2-3-1,Run1,189144422806,3.0368804931640625,3.4605712890625,1.0
2-3-1,Run1,189144439461,3.037322998046875,3.472747802734375,1.0
2-3-1,Run1,189144456115,3.0197296142578125,3.4771881103515625,1.0
2-3-1,Run1,189144472770,3.033432006835937,3.47021484375,1.0
2-3-1,Run1,189144489425,3.301010131835937,3.45245361328125,1.0
2-3-1,Run1,189144506079,3.32025146484375,3.4274444580078125,1.0
2-3-1,Run1,189144522734,3.07501220703125,3.4405975341796875,1.0
2-3-1,Run1,189144539389,3.06195068359375,3.449951171875,1.0
2-3-1,Run1,189144556044,3.0543365478515625,3.474838256835937,1.0
2-3-1,Run1,189144572699,3.0824432373046875,3.478134155273437,1.0
2-3-1,Run1,189144589354,3.108993530273437,3.4572296142578125,1.0
2-3-1,Run1,189144606009,3.10791015625,3.470199584960937,1.0
2-3-1,Run1,189144622663,3.099029541015625,3.488128662109375,1.0
2-3-1,Run1,189144639318,3.082366943359375,3.4792938232421875,1.0
2-3-1,Run1,189144655973,3.058456420898437,3.5810089111328125,1.0
2-3-1,Run1,189144672627,3.064666748046875,3.6644439697265625,1.0
2-3-1,Run1,189144689282,3.3210906982421875,3.536651611328125,1.0
2-3-1,Run1,189144705938,3.3624420166015625,3.5245819091796875,1.0
2-3-1,Run1,189144722592,3.088836669921875,3.5029449462890625,1.0
2-3-1,Run1,189144739247,3.056640625,3.5054473876953125,1.0
2-3-1,Run1,189144755902,3.1006011962890625,3.51177978515625,1.0
2-3-1,Run1,189144772556,3.0966339111328125,3.513763427734375,1.0
2-3-1,Run1,189144789211,3.068206787109375,3.635955810546875,1.0
2-3-1,Run1,189144805866,3.0583648681640625,3.6337738037109375,1.0
2-3-1,Run1,189144822520,3.052841186523437,3.52099609375,1.0
2-3-1,Run1,189144839175,3.055770874023437,3.5181427001953125,1.0
2-3-1,Run1,189144855830,3.0933990478515625,3.6309661865234375,1.0
2-3-1,Run1,189144872486,3.1067047119140625,3.619796752929688,1.0
2-3-1,Run1,189144889140,3.0969390869140625,3.554351806640625,1.0
2-3-1,Run1,189144905795,3.1072998046875,3.570068359375,1.0
2-3-1,Run1,189144922450,3.123153686523437,3.5107574462890625,1.0
2-3-1,Run1,189144939104,3.129425048828125,3.5033416748046875,1.0
2-3-1,Run1,189144955759,3.144134521484375,3.524765014648437,1.0
2-3-1,Run1,189144972414,3.1248321533203125,3.5382080078125,1.0
2-3-1,Run1,189144989068,3.110824584960937,3.5497589111328125,1.0
2-3-1,Run1,189145005723,3.1183624267578125,3.5464630126953125,1.0
2-3-1,Run1,189145022379,3.1257781982421875,3.679153442382813,1.0
2-3-1,Run1,189145039033,3.123687744140625,3.720855712890625,1.0
2-3-1,Run1,189145055688,3.125152587890625,3.582794189453125,1.0
2-3-1,Run1,189145072343,3.1268310546875,3.580230712890625,1.0
2-3-1,Run1,189145088997,3.12322998046875,3.720016479492188,1.0
2-3-1,Run1,189145105652,3.10003662109375,3.742263793945313,1.0
2-3-1,Run1,189145122307,3.245758056640625,3.56829833984375,1.0
2-3-1,Run1,189145138962,3.208453369140625,3.4281768798828125,1.0
2-3-1,Run1,189145155616,3.171148681640625,3.3389129638671875,0.0
2-3-1,Run1,189145172271,3.133843994140625,3.2496490478515625,0.0
2-3-1,Run1,189145188927,3.096539306640625,3.1603851318359375,0.0
2-3-1,Run1,189145205581,3.059234619140625,3.0711212158203125,0.0
2-3-1,Run1,189145222236,3.021929931640625,2.9818572998046875,0.0
2-3-1,Run1,189145238891,2.984625244140625,2.8925933837890625,0.0
2-3-1,Run1,189145255545,2.947320556640625,2.8033294677734375,0.0
2-3-1,Run1,189145272200,2.910015869140625,2.7140655517578125,0.0
2-3-1,Run1,189145288855,2.872711181640625,2.6248016357421875,1.0
2-3-1,Run1,189145305509,3.046234130859375,2.6248016357421875,1.0
2-3-1,Run1,189145322164,3.118881225585937,3.3070220947265625,1.0
2-3-1,Run1,189145338820,3.10345458984375,3.4631500244140625,1.0
2-3-1,Run1,189145355474,3.117660522460937,3.531356811523437,1.0
2-3-1,Run1,189145372129,3.166168212890625,3.4805145263671875,1.0
2-3-1,Run1,189145388784,3.143035888671875,3.5208740234375,1.0
2-3-1,Run1,189145405439,3.1307525634765625,3.569854736328125,1.0
2-3-1,Run1,189145422093,3.1569366455078125,3.587509155273437,1.0
2-3-1,Run1,189145438748,3.175277709960937,3.564544677734375,1.0
2-3-1,Run1,189145455403,3.1773681640625,3.578598022460937,1.0
2-3-1,Run1,189145472057,3.1586456298828125,3.5899658203125,1.0
2-3-1,Run1,189145488712,3.171722412109375,3.5770263671875,1.0
2-3-1,Run1,189145505368,3.2023468017578125,3.5940093994140625,1.0
2-3-1,Run1,189145522022,3.1934814453125,3.609161376953125,1.0
2-3-1,Run1,189145538677,3.152572631835937,3.589950561523437,1.0
2-3-1,Run1,189145555332,3.1715850830078125,3.620315551757813,1.0
2-3-1,Run1,189145571986,3.1975250244140625,3.612213134765625,1.0
2-3-1,Run1,189145588641,3.186920166015625,3.6142578125,1.0
2-3-1,Run1,189145605296,3.22149658203125,3.629364013671875,1.0
2-3-1,Run1,189145621950,3.4654083251953125,3.6038665771484375,1.0
2-3-1,Run1,189145638605,3.354644775390625,3.584213256835937,1.0
2-3-1,Run1,189145655261,3.1566314697265625,3.67840576171875,1.0
2-3-1,Run1,189145671916,3.15057373046875,3.70849609375,1.0
2-3-1,Run1,189145688570,3.1458892822265625,3.5805206298828125,1.0
2-3-1,Run1,189145705225,3.1857452392578125,3.580322265625,1.0
2-3-1,Run1,189145721880,3.1578521728515625,3.570465087890625,1.0
2-3-1,Run1,189145738534,3.107696533203125,3.5647430419921875,1.0
2-3-1,Run1,189145755189,3.11297607421875,3.555419921875,1.0
2-3-1,Run1,189145771844,3.1125946044921875,3.548675537109375,1.0
2-3-1,Run1,189145788498,3.1027374267578125,3.6596527099609375,1.0
2-3-1,Run1,189145805154,3.082244873046875,3.69195556640625,1.0
2-3-1,Run1,189145821809,3.0833892822265625,3.544647216796875,1.0
2-3-1,Run1,189145838463,3.07598876953125,3.5039520263671875,1.0
2-3-1,Run1,189145855118,3.047958374023437,3.5083160400390625,1.0
2-3-1,Run1,189145871773,3.0623321533203125,3.529266357421875,1.0
2-3-1,Run1,189145888427,3.049713134765625,3.51025390625,1.0
2-3-1,Run1,189145905082,3.017669677734375,3.52288818359375,1.0
2-3-1,Run1,189145921737,3.032867431640625,3.5096588134765625,1.0
2-3-1,Run1,189145938392,3.025970458984375,3.498260498046875,1.0
2-3-1,Run1,189145955046,3.034149169921875,3.497314453125,1.0
2-3-1,Run1,189145971702,3.050018310546875,3.504852294921875,1.0
2-3-1,Run1,189145988357,3.0572967529296875,3.6480560302734375,1.0
2-3-1,Run1,189146005011,3.0523834228515625,3.6517486572265625,1.0
2-3-1,Run1,189146021666,3.045928955078125,3.504379272460937,1.0
2-3-1,Run1,189146038321,3.059600830078125,3.50421142578125,1.0
2-3-1,Run1,189146054975,3.052734375,3.4837646484375,1.0
2-3-1,Run1,189146071630,3.08221435546875,3.4699859619140625,1.0
2-3-1,Run1,189146088285,3.08380126953125,3.4717559814453125,1.0
2-3-1,Run1,189146104939,3.0387115478515625,3.4842987060546875,1.0
2-3-1,Run1,189146121595,3.0429229736328125,3.490707397460937,1.0
2-3-1,Run1,189146138250,3.0658416748046875,3.4879302978515625,1.0
2-3-1,Run1,189146154904,3.065643310546875,3.5029296875,1.0
2-3-1,Run1,189146171559,3.0602264404296875,3.508087158203125,1.0
2-3-1,Run1,189146188214,3.0968780517578125,3.513168334960937,1.0
2-3-1,Run1,189146204869,3.0794830322265625,3.5441436767578125,1.0
2-3-1,Run1,189146221523,2.9482421875,3.769256591796875,1.0
2-3-1,Run1,189146238178,2.7488555908203125,3.7036781311035156,1.0
2-3-1,Run1,189146254833,2.8201929728190103,3.6380996704101562,0.0
2-3-1,Run1,189146271487,2.8915303548177085,3.572521209716797,0.0
2-3-1,Run1,189146288143,2.9628677368164062,3.5069427490234375,0.0
2-3-1,Run1,189146304798,3.034205118815104,3.441364288330078,0.0
2-3-1,Run1,189146321452,3.1055425008138022,3.3757858276367188,0.0
2-3-1,Run1,189146338107,3.1768798828125,3.3102073669433594,1.0
2-3-1,Run1,189146354762,3.066986083984375,3.24462890625,1.0
2-3-1,Run1,189146371416,3.114715576171875,3.398056030273437,1.0
2-3-1,Run1,189146388071,3.112457275390625,3.511703491210937,1.0
2-3-1,Run1,189146404726,3.12548828125,3.513046264648437,1.0
2-3-1,Run1,189146421380,3.1344146728515625,3.687820434570313,1.0
2-3-1,Run1,189146438036,3.1683502197265625,3.755661010742188,1.0
2-3-1,Run1,189146454691,3.17724609375,3.58331298828125,1.0
2-3-1,Run1,189146471346,3.1696929931640625,3.5600738525390625,1.0
2-3-1,Run1,189146488000,3.1823272705078125,3.6741943359375,1.0
2-3-1,Run1,189146504655,3.1744384765625,3.7688140869140634,1.0
2-3-1,Run1,189146521310,3.178451538085937,3.7688140869140634,1.0
2-3-1,Run1,189146537964,3.206817626953125,3.790008544921875,1.0
2-3-1,Run1,189146554619,3.21142578125,3.6240081787109375,1.0
2-3-1,Run1,189146571274,3.224212646484375,3.598907470703125,1.0
2-3-1,Run1,189146587928,3.2508087158203125,3.60919189453125,1.0
2-3-1,Run1,189146604584,3.2230987548828125,3.60107421875,1.0
2-3-1,Run1,189146621239,3.220794677734375,3.596893310546875,1.0
2-3-1,Run1,189146637893,3.231719970703125,3.616455078125,1.0
2-3-1,Run1,189146654548,3.2527008056640625,3.630035400390625,1.0
2-3-1,Run1,189146671203,3.2445220947265625,3.633209228515625,1.0
2-3-1,Run1,189146687857,3.254913330078125,3.645751953125,1.0
2-3-1,Run1,189146704512,3.258087158203125,3.639968872070313,1.0
2-3-1,Run1,189146721167,3.24798583984375,3.6513671875,1.0
2-3-1,Run1,189146737821,3.2586822509765625,3.6566314697265625,1.0
2-3-1,Run1,189146754476,3.2528839111328125,3.64593505859375,1.0
2-3-1,Run1,189146771131,3.22650146484375,3.6467437744140634,1.0
2-3-1,Run1,189146787786,3.212615966796875,3.636962890625,1.0
2-3-1,Run1,189146804440,3.223663330078125,3.628143310546875,1.0
2-3-1,Run1,189146821095,3.220428466796875,3.63671875,1.0
2-3-1,Run1,189146837750,3.212890625,3.6222076416015625,1.0
2-3-1,Run1,189146854404,3.171417236328125,3.60906982421875,1.0
2-3-1,Run1,189146871059,3.1556549072265625,3.6380615234375,1.0
2-3-1,Run1,189146887714,3.1451873779296875,3.5299835205078125,1.0
2-3-1,Run1,189146904368,3.046737670898437,3.3624725341796875,1.0
2-3-1,Run1,189146921024,3.080108642578125,3.1178436279296875,1.0
2-3-1,Run1,189146937679,3.0538604736328123,3.103871154785156,0.0
2-3-1,Run1,189146954333,3.0276123046875,3.089898681640625,0.0
2-3-1,Run1,189146970988,3.0013641357421874,3.0759262084960937,0.0
2-3-1,Run1,189146987643,2.975115966796875,3.0619537353515627,0.0
2-3-1,Run1,189147004298,2.9488677978515625,3.0479812622070312,0.0
2-3-1,Run1,189147020952,2.92261962890625,3.0340087890625,0.0
2-3-1,Run1,189147037607,2.8963714599609376,3.020036315917969,0.0
2-3-1,Run1,189147054262,2.870123291015625,3.0060638427734374,0.0
2-3-1,Run1,189147070917,2.8438751220703127,2.9920913696289064,0.0
2-3-1,Run1,189147087572,2.817626953125,2.978118896484375,1.0
2-3-1,Run1,189147104227,3.047454833984375,2.978118896484375,1.0
2-3-1,Run1,189147120881,3.1302032470703125,3.2441558837890625,1.0
2-3-1,Run1,189147137536,3.100372314453125,3.3952789306640625,1.0
2-3-1,Run1,189147154191,3.116561889648437,3.4940643310546875,1.0
2-3-1,Run1,189147170845,3.1497039794921875,3.4779510498046875,1.0
2-3-1,Run1,189147187500,3.153915405273437,3.535400390625,1.0
2-3-1,Run1,189147204155,3.13482666015625,3.571517944335937,1.0
2-3-1,Run1,189147220809,3.12701416015625,3.5893096923828125,1.0
2-3-1,Run1,189147237465,3.1475982666015625,3.599853515625,1.0
2-3-1,Run1,189147254120,3.141387939453125,3.613983154296875,1.0
2-3-1,Run1,189147270775,3.1497039794921875,3.6181640625,1.0
2-3-1,Run1,189147287429,3.162582397460937,3.6305084228515625,1.0
2-3-1,Run1,189147304084,3.163482666015625,3.6314849853515625,1.0
2-3-1,Run1,189147320739,3.1564178466796875,3.6441650390625,1.0
2-3-1,Run1,189147337393,3.1392059326171875,3.634201049804688,1.0
2-3-1,Run1,189147354048,3.161712646484375,3.632278442382813,1.0
2-3-1,Run1,189147370703,3.16912841796875,3.627044677734375,1.0
2-3-1,Run1,189147387358,3.157333374023437,3.6104736328125,1.0
2-3-1,Run1,189147404013,3.183258056640625,3.61688232421875,1.0
2-3-1,Run1,189147420668,3.174102783203125,3.6082916259765625,1.0
2-3-1,Run1,189147437322,3.127304077148437,3.59991455078125,1.0
2-3-1,Run1,189147453977,3.1395721435546875,3.589218139648437,1.0
2-3-1,Run1,189147470632,3.1257781982421875,3.586151123046875,1.0
2-3-1,Run1,189147487286,3.094085693359375,3.544342041015625,1.0
2-3-1,Run1,189147503941,3.0697479248046875,3.515365600585937,1.0
2-3-1,Run1,189147520596,2.9984893798828125,3.347503662109375,1.0
2-3-1,Run1,189147537252,2.8617401123046875,3.141220092773437,1.0
2-3-1,Run1,189147553906,2.8854991367885043,3.1424484252929683,0.0
2-3-1,Run1,189147570561,2.9092581612723216,3.1436767578124996,0.0
2-3-1,Run1,189147587216,2.9330171857561385,3.144905090332031,0.0
2-3-1,Run1,189147603870,2.9567762102399553,3.146133422851562,0.0
2-3-1,Run1,189147620525,2.980535234723772,3.1473617553710933,0.0
2-3-1,Run1,189147637180,3.0042942592075894,3.1485900878906246,0.0
2-3-1,Run1,189147653834,3.0280532836914062,3.1498184204101562,0.0
2-3-1,Run1,189147670489,3.051812308175223,3.1510467529296875,0.0
2-3-1,Run1,189147687144,3.0755713326590404,3.1522750854492188,0.0
2-3-1,Run1,189147703799,3.099330357142857,3.15350341796875,0.0
2-3-1,Run1,189147734934,3.123089381626674,3.1547317504882812,0.0
2-3-1,Run1,189147751589,3.1468484061104913,3.1559600830078125,0.0
2-3-1,Run1,189147785637,3.170607430594308,3.1571884155273438,0.0
2-3-1,Run1,189147802291,3.194366455078125,3.158416748046875,1.0
2-3-1,Run1,189147818946,2.977752685546875,3.229217529296875,1.0
2-3-1,Run1,189147835601,2.9475860595703125,3.350738525390625,1.0
2-3-1,Run1,189147852256,2.91693115234375,3.38232421875,1.0
2-3-1,Run1,189147868911,2.933746337890625,3.3701934814453125,1.0
2-3-1,Run1,189147885566,2.944732666015625,3.3959503173828125,1.0
2-3-1,Run1,189147902221,2.934555053710937,3.4029083251953125,1.0
2-3-1,Run1,189147918875,2.9253082275390625,3.411590576171875,1.0
2-3-1,Run1,189147935530,2.94378662109375,3.406768798828125,1.0
2-3-1,Run1,189147952185,2.9699249267578125,3.392684936523437,1.0
2-3-1,Run1,189147968839,3.0157012939453125,3.40289306640625,1.0
2-3-1,Run1,189147985494,3.03509521484375,3.4075927734375,1.0
2-3-1,Run1,189148002149,3.02471923828125,3.4039764404296875,1.0
2-3-1,Run1,189148018804,3.001373291015625,3.43890380859375,1.0
2-3-1,Run1,189148035459,2.994110107421875,3.450775146484375,1.0
2-3-1,Run1,189148052114,3.012069702148437,3.44451904296875,1.0
2-3-1,Run1,189148068768,2.8958282470703125,3.3850860595703125,1.0
2-3-1,Run1,189148085423,2.920196533203125,3.379623413085937,1.0
2-3-1,Run1,189148102078,2.920196533203125,3.430160522460937,1.0
2-3-1,Run1,189148118732,2.8979644775390625,3.4281158447265625,1.0
2-3-1,Run1,189148135387,2.9716796875,3.409652709960937,1.0
2-3-1,Run1,189148152042,2.97723388671875,3.4190673828125,1.0
2-3-1,Run1,189148168698,2.988189697265625,3.4302215576171875,1.0
2-3-1,Run1,189148185352,3.004501342773437,3.433822631835937,1.0
2-3-1,Run1,189148202007,2.9989471435546875,3.43243408203125,1.0
2-3-1,Run1,189148218662,2.967269897460937,3.396469116210937,1.0
2-3-1,Run1,189148235316,2.9703826904296875,3.3996734619140625,1.0
2-3-1,Run1,189148251971,2.963729858398437,3.4106597900390625,1.0
2-3-1,Run1,189148268626,2.9615020751953125,3.4061737060546875,1.0
2-3-1,Run1,189148285280,3.0894317626953125,3.492919921875,1.0
2-3-1,Run1,189148301935,3.1819610595703125,3.5412139892578125,1.0
2-3-1,Run1,189148318590,2.9644012451171875,3.5412139892578125,1.0
2-3-1,Run1,189148335245,2.957977294921875,3.485504150390625,1.0
2-3-1,Run1,189148351900,2.94879150390625,3.3323974609375,1.0
2-3-1,Run1,189148368555,2.9308319091796875,3.334503173828125,1.0
2-3-1,Run1,189148385209,2.916839599609375,3.3486480712890625,1.0
2-3-1,Run1,189148401863,2.9085693359375,3.351547241210937,1.0
2-3-1,Run1,189148418518,2.9071044921875,3.3361358642578125,1.0
2-3-1,Run1,189148435174,2.8728179931640625,3.339996337890625,1.0
2-3-1,Run1,189148451828,2.8634033203125,3.3437957763671875,1.0
2-3-1,Run1,189148468483,2.8773193359375,3.3256988525390625,1.0
2-3-1,Run1,189148485138,2.856048583984375,3.3072052001953125,1.0
2-3-1,Run1,189148501792,2.85382080078125,3.2950592041015625,1.0
2-3-1,Run1,189148518447,2.8109130859375,3.287750244140625,1.0
2-3-1,Run1,189148535102,2.7769317626953125,3.275604248046875,1.0
2-3-1,Run1,189148551756,2.817230224609375,3.2240447998046875,1.0
2-3-1,Run1,189148568411,2.7924957275390625,3.2310791015625,1.0
2-3-1,Run1,189148585066,2.7905731201171875,3.25848388671875,1.0
2-3-1,Run1,189148601721,2.8048095703125,3.262435913085937,1.0
2-3-1,Run1,189148618376,2.7757720947265625,3.2509765625,1.0
2-3-1,Run1,189148635031,2.8579864501953125,3.2638092041015625,1.0
2-3-1,Run1,189148651685,2.858139038085937,3.266326904296875,1.0
2-3-1,Run1,189148668340,2.803619384765625,3.2744293212890625,1.0
2-3-1,Run1,189148684995,2.82122802734375,3.3086395263671875,1.0
2-3-1,Run1,189148701650,2.832733154296875,3.2058868408203125,1.0
2-3-1,Run1,189148718304,2.873641967773437,3.2180633544921875,1.0
2-3-1,Run1,189148734959,2.8731842041015625,3.2916259765625,1.0
2-3-1,Run1,189148751615,2.8595733642578125,3.301300048828125,1.0
2-3-1,Run1,189148768269,2.862091064453125,3.286849975585937,1.0
2-3-1,Run1,189148784924,2.9044189453125,3.285858154296875,1.0
2-3-1,Run1,189148801579,2.9078369140625,3.29010009765625,1.0
2-3-1,Run1,189148818233,2.91998291015625,3.2942047119140625,1.0
2-3-1,Run1,189148834888,2.940521240234375,3.3331451416015625,1.0
2-3-1,Run1,189148851543,2.93658447265625,3.375579833984375,1.0
2-3-1,Run1,189148868197,2.9485626220703125,3.3573455810546875,1.0
2-3-1,Run1,189148884852,2.951400756835937,3.34442138671875,1.0
2-3-1,Run1,189148901507,2.957305908203125,3.2933502197265625,1.0
2-3-1,Run1,189148918162,3.1508026123046875,3.2799197110262783,1.0
2-3-1,Run1,189148934817,2.982156753540039,3.266489202325994,0.0
2-3-1,Run1,189148951472,2.8135108947753906,3.25305869362571,0.0
2-3-1,Run1,189148968127,2.644865036010742,3.239628184925426,0.0
2-3-1,Run1,189148984781,2.4762191772460938,3.2261976762251416,0.0
2-3-1,Run1,189149001436,2.3075733184814453,3.212767167524858,0.0
2-3-1,Run1,189149018091,2.138927459716797,3.1993366588245737,0.0
2-3-1,Run1,189149034745,1.9702816009521484,3.1859061501242896,0.0
2-3-1,Run1,189149051400,1.8016357421875,3.1724756414240054,1.0
2-3-1,Run1,189149068055,1.8016357421875,3.1590451327237212,1.0
2-3-1,Run1,189149084710,2.914901733398437,3.145614624023437,1.0
2-3-1,Run1,189149101365,3.049911499023437,3.2958221435546875,1.0
2-3-1,Run1,189149118020,3.101776123046875,3.415374755859375,1.0
2-3-1,Run1,189149134674,3.103866577148437,3.441146850585937,1.0
2-3-1,Run1,189149151329,3.125030517578125,3.491806030273437,1.0
2-3-1,Run1,189149167984,3.1607666015625,3.4897613525390625,1.0
2-3-1,Run1,189149184638,3.1697998046875,3.671051025390625,1.0
2-3-1,Run1,189149201293,3.135894775390625,3.746307373046875,1.0
2-3-1,Run1,189149217948,3.116302490234375,3.56854248046875,1.0
2-3-1,Run1,189149234603,3.1258544921875,3.5442657470703125,1.0
2-3-1,Run1,189149251257,3.1404266357421875,3.66082763671875,1.0
2-3-1,Run1,189149267912,3.14434814453125,3.694412231445313,1.0
2-3-1,Run1,189149284568,3.154769897460937,3.572601318359375,1.0
2-3-1,Run1,189149301222,3.1648101806640625,3.57763671875,1.0
2-3-1,Run1,189149317877,3.1621856689453125,3.5717010498046875,1.0
2-3-1,Run1,189149334532,3.176864624023437,3.5771942138671875,1.0
2-3-1,Run1,189149351186,3.1951904296875,3.586395263671875,1.0
2-3-1,Run1,189149367841,3.1685333251953125,3.576568603515625,1.0
2-3-1,Run1,189149384496,3.312225341796875,3.702850341796875,1.0
2-3-1,Run1,189149401150,3.35528564453125,3.7305755615234375,1.0
2-3-1,Run1,189149417805,3.35528564453125,3.7305755615234375,1.0
2-3-1,Run1,189149434461,3.1991500854492188,3.56640625,0.0
2-3-1,Run1,189149451115,3.0430145263671875,3.4022369384765625,1.0
2-3-1,Run1,189149467770,3.0430145263671875,3.4022369384765625,1.0
2-3-1,Run1,189149484425,3.011118108575994,3.419663747151693,0.0
2-3-1,Run1,189149501080,2.9792216907848013,3.4370905558268228,0.0
2-3-1,Run1,189149517734,2.947325272993608,3.454517364501953,0.0
2-3-1,Run1,189149534389,2.9154288552024146,3.4719441731770835,0.0
2-3-1,Run1,189149551044,2.8835324374112217,3.4893709818522134,0.0
2-3-1,Run1,189149567698,2.8516360196200283,3.5067977905273438,0.0
2-3-1,Run1,189149584354,2.819739601828835,3.524224599202474,0.0
2-3-1,Run1,189149601009,2.787843184037642,3.541651407877604,0.0
2-3-1,Run1,189149617663,2.7559467662464487,3.5590782165527344,0.0
2-3-1,Run1,189149634318,2.724050348455256,3.5765050252278647,0.0
2-3-1,Run1,189149650973,2.6921539306640625,3.5939318339029946,1.0
2-3-1,Run1,189149667627,2.957626342773437,3.611358642578125,1.0
2-3-1,Run1,189149684282,3.109344482421875,3.3782958984375,1.0
2-3-1,Run1,189149700937,3.108612060546875,3.37322998046875,1.0
2-3-1,Run1,189149717591,3.086639404296875,3.4421539306640625,1.0
2-3-1,Run1,189149734246,3.098495483398437,3.4720458984375,1.0
2-3-1,Run1,189149750902,3.13421630859375,3.55450439453125,1.0
2-3-1,Run1,189149767557,3.1445770263671875,3.562957763671875,1.0
2-3-1,Run1,189149784211,3.3052520751953125,3.693267822265625,1.0
2-3-1,Run1,189149800866,3.2774810791015625,3.746307373046875,1.0
2-3-1,Run1,189149817521,3.135162353515625,3.615386962890625,1.0
2-3-1,Run1,189149834175,3.1580047607421875,3.59814453125,1.0
2-3-1,Run1,189149850830,3.223846435546875,3.616546630859375,1.0
2-3-1,Run1,189149867485,3.163970947265625,3.5755767822265625,1.0
2-3-1,Run1,189149884139,3.1885223388671875,3.5865478515625,1.0
2-3-1,Run1,189149900795,3.270126342773437,3.647552490234375,1.0
2-3-1,Run1,189149917450,3.281646728515625,3.763839721679688,1.0
2-3-1,Run1,189149934104,3.2834014892578125,3.757781982421875,1.0
2-3-1,Run1,189149950759,3.302459716796875,3.678558349609375,1.0
2-3-1,Run1,189149967414,3.3179168701171875,3.6827239990234375,1.0
2-3-1,Run1,189149984068,3.303451538085937,3.704666137695313,1.0
2-3-1,Run1,189150000723,3.3173370361328125,3.7248382568359375,1.0
2-3-1,Run1,189150017378,3.341278076171875,3.82659912109375,1.0
2-3-1,Run1,189150034033,3.3356170654296875,3.8225250244140634,1.0
2-3-1,Run1,189150050687,3.314788818359375,3.8225250244140634,1.0
2-3-1,Run1,189150067342,3.300521850585937,3.7657852172851567,1.0
2-3-1,Run1,189150083997,3.422393798828125,3.70904541015625,1.0
2-3-1,Run1,189150100651,3.419281005859375,3.6523056030273438,1.0
2-3-1,Run1,189150117306,3.276214599609375,3.595565795898437,1.0
2-3-1,Run1,189150133961,3.2525787353515625,3.6459808349609375,1.0
2-3-1,Run1,189150150615,3.21490478515625,3.728057861328125,1.0
2-3-1,Run1,189150167270,3.205718994140625,3.7208099365234375,1.0
2-3-1,Run1,189150183925,3.3470458984375,3.6103363037109375,1.0
2-3-1,Run1,189150200579,3.2901153564453125,3.57989501953125,1.0
2-3-1,Run1,189150217235,3.1381072998046875,3.5512847900390625,1.0
2-3-1,Run1,189150233890,3.115081787109375,3.5525360107421875,1.0
2-3-1,Run1,189150250544,3.083587646484375,3.533721923828125,1.0
2-3-1,Run1,189150267199,3.065277099609375,3.5249176025390625,1.0
2-3-1,Run1,189150283854,3.2202301025390625,3.632125854492188,1.0
2-3-1,Run1,189150300509,3.107890319824219,3.468049621582032,0.0
2-3-1,Run1,189150317163,2.995550537109375,3.303973388671875,0.0
2-3-1,Run1,189150333818,2.8832107543945313,3.139897155761719,0.0
2-3-1,Run1,189150350473,2.7708709716796873,2.975820922851563,0.0
2-3-1,Run1,189150367127,2.6585311889648438,2.8117446899414062,0.0
2-3-1,Run1,189150383783,2.54619140625,2.64766845703125,0.0
2-3-1,Run1,189150400438,2.433851623535156,2.483592224121094,0.0
2-3-1,Run1,189150417092,2.3215118408203126,2.3195159912109373,0.0
2-3-1,Run1,189150433747,2.2091720581054686,2.155439758300781,0.0
2-3-1,Run1,189150450402,2.096832275390625,1.991363525390625,1.0
2-3-1,Run1,189150467056,2.752548217773437,1.991363525390625,1.0
2-3-1,Run1,189150483711,3.0397186279296875,3.2655181884765625,1.0
2-3-1,Run1,189150500366,2.97174072265625,3.3989715576171875,1.0
2-3-1,Run1,189150517020,2.957183837890625,3.4769744873046875,1.0
2-3-1,Run1,189150533675,2.9903106689453125,3.4754638671875,1.0
2-3-1,Run1,189150550331,3.0361328125,3.470733642578125,1.0
2-3-1,Run1,189150566986,3.0554962158203125,3.49737548828125,1.0
2-3-1,Run1,189150583640,3.0751953125,3.494842529296875,1.0
2-3-1,Run1,189150600295,3.086761474609375,3.4966583251953125,1.0
2-3-1,Run1,189150616950,3.08026123046875,3.5134735107421875,1.0
2-3-1,Run1,189150633604,3.112152099609375,3.5160675048828125,1.0
2-3-1,Run1,189150650259,3.134857177734375,3.651412963867188,1.0
2-3-1,Run1,189150666914,3.1459197998046875,3.666412353515625,1.0
2-3-1,Run1,189150683568,3.1458740234375,3.55157470703125,1.0
2-3-1,Run1,189150700224,3.148712158203125,3.54754638671875,1.0
2-3-1,Run1,189150716879,3.162322998046875,3.58807373046875,1.0
2-3-1,Run1,189150733533,3.071807861328125,3.555694580078125,1.0
2-3-1,Run1,189150750188,3.126983642578125,3.573455810546875,1.0
2-3-1,Run1,189150766843,3.2482147216796875,3.6413726806640634,1.0
2-3-1,Run1,189150783497,3.2627716064453125,3.637649536132813,1.0
2-3-1,Run1,189150800152,3.2734375,3.635467529296875,1.0
2-3-1,Run1,189150816807,3.270782470703125,3.6530609130859375,1.0
2-3-1,Run1,189150833462,3.248031616210937,3.665374755859375,1.0
2-3-1,Run1,189150850116,3.273590087890625,3.677581787109375,1.0
2-3-1,Run1,189150866772,3.2775421142578125,3.6649017333984375,1.0
2-3-1,Run1,189150883427,3.2564239501953125,3.6816253662109375,1.0
2-3-1,Run1,189150900081,3.254501342773437,3.675811767578125,1.0
2-3-1,Run1,189150916736,3.23834228515625,3.668869018554688,1.0
2-3-1,Run1,189150933391,3.23974609375,3.677001953125,1.0
2-3-1,Run1,189150950045,3.2395782470703125,3.66796875,1.0
2-3-1,Run1,189150966700,3.238189697265625,3.6695709228515625,1.0
2-3-1,Run1,189150983355,3.2460174560546875,3.691726684570313,1.0
2-3-1,Run1,189151000009,3.231842041015625,3.680816650390625,1.0
2-3-1,Run1,189151016664,3.236724853515625,3.671661376953125,1.0
2-3-1,Run1,189151033320,3.240966796875,3.677459716796875,1.0
2-3-1,Run1,189151049974,3.2298736572265625,3.678787231445313,1.0
2-3-1,Run1,189151066629,3.2209930419921875,3.683868408203125,1.0
2-3-1,Run1,189151083284,3.21435546875,3.66619873046875,1.0
2-3-1,Run1,189151099939,3.228744506835937,3.66326904296875,1.0
2-3-1,Run1,189151116593,3.404296875,3.766159057617188,1.0
2-3-1,Run1,189151133248,3.3513641357421875,3.6734695434570312,1.0
2-3-1,Run1,189151149903,3.2101593017578125,3.580780029296875,1.0
2-3-1,Run1,189151166557,3.2080078125,3.632003784179688,1.0
2-3-1,Run1,189151183212,2.9604034423828125,3.7327880859375,1.0
2-3-1,Run1,189151199868,2.53240966796875,3.699290466308594,1.0
2-3-1,Run1,189151216522,2.4769723074776784,3.6657928466796874,0.0
2-3-1,Run1,189151233177,2.421534946986607,3.632295227050781,0.0
2-3-1,Run1,189151249832,2.3660975864955356,3.598797607421875,0.0
2-3-1,Run1,189151266486,2.3106602260044644,3.5652999877929688,0.0
2-3-1,Run1,189151283141,2.255222865513393,3.5318023681640622,0.0
2-3-1,Run1,189151299796,2.199785505022321,3.4983047485351557,0.0
2-3-1,Run1,189151316450,2.14434814453125,3.4648071289062496,1.0
2-3-1,Run1,189151333105,2.7926788330078125,3.4313095092773436,1.0
2-3-1,Run1,189151349761,3.2213592529296875,3.397811889648437,1.0
2-3-1,Run1,189151366416,3.23748779296875,3.5229644775390625,1.0
2-3-1,Run1,189151383070,3.26568603515625,3.599517822265625,1.0
2-3-1,Run1,189151399725,3.2686920166015625,3.656036376953125,1.0
2-3-1,Run1,189151416380,3.291107177734375,3.68792724609375,1.0
2-3-1,Run1,189151433034,3.29632568359375,3.687042236328125,1.0
2-3-1,Run1,189151449689,3.3031005859375,3.6978607177734375,1.0
2-3-1,Run1,189151466344,3.3141326904296875,3.69091796875,1.0
2-3-1,Run1,189151482998,3.313217163085937,3.7252349853515625,1.0
2-3-1,Run1,189151499653,3.33172607421875,3.7190093994140634,1.0
2-3-1,Run1,189151516309,3.3621063232421875,3.7099456787109375,1.0
2-3-1,Run1,189151532963,3.3517303466796875,3.700927734375,1.0
2-3-1,Run1,189151549618,3.3548583984375,3.708053588867188,1.0
2-3-1,Run1,189151566273,3.341415405273437,3.6424713134765625,1.0
2-3-1,Run1,189151582927,3.4367218017578125,3.613204956054688,1.0
2-3-1,Run1,189151599582,3.500152587890625,3.794891357421875,1.0
2-3-1,Run1,189151616237,3.500152587890625,3.794891357421875,1.0
2-3-1,Run1,189151632892,3.398539733886719,3.7478759765625,0.0
2-3-1,Run1,189151649546,3.2969268798828124,3.700860595703125,0.0
2-3-1,Run1,189151666201,3.1953140258789063,3.65384521484375,0.0
2-3-1,Run1,189151682857,3.093701171875,3.606829833984375,0.0
2-3-1,Run1,189151699511,2.9920883178710938,3.559814453125,0.0
2-3-1,Run1,189151716166,2.8904754638671877,3.512799072265625,0.0
2-3-1,Run1,189151732821,2.788862609863281,3.46578369140625,0.0
2-3-1,Run1,189151749475,2.687249755859375,3.418768310546875,0.0
2-3-1,Run1,189151766130,2.5856369018554686,3.3717529296875,0.0
2-3-1,Run1,189151782785,2.4840240478515625,3.324737548828125,1.0
2-3-1,Run1,189151799439,2.9245758056640625,3.324737548828125,1.0
2-3-1,Run1,189151816094,3.34552001953125,3.6128082275390634,1.0
2-3-1,Run1,189151832749,3.407958984375,3.7347412109375,1.0
2-3-1,Run1,189151849404,3.4372711181640625,3.774383544921875,1.0
2-3-1,Run1,189151866059,3.39794921875,3.750564575195313,1.0
2-3-1,Run1,189151882714,3.4011688232421875,3.7802734375,1.0
2-3-1,Run1,189151899369,3.397796630859375,3.80206298828125,1.0
2-3-1,Run1,189151916023,3.401031494140625,3.8154144287109375,1.0
2-3-1,Run1,189151932678,3.4153289794921875,3.8325042724609375,1.0
2-3-1,Run1,189151949333,3.531158447265625,3.960159301757813,1.0
2-3-1,Run1,189151965987,3.5204872463060464,3.966705322265625,1.0
2-3-1,Run1,189151982642,3.5098160453464673,3.966705322265625,1.0
2-3-1,Run1,189151999298,3.4991448443868887,4.0067291259765625,1.0
2-3-1,Run1,189152015952,3.4884736434273096,3.895339965820313,1.0
2-3-1,Run1,189152032607,3.477802442467731,3.8468170166015625,1.0
2-3-1,Run1,189152049262,3.4671312415081523,3.878341674804688,1.0
2-3-1,Run1,189152065916,3.4564600405485733,3.916839599609375,1.0
2-3-1,Run1,189152082571,3.4457888395889946,3.9178619384765625,1.0
2-3-1,Run1,189152099226,3.435117638629416,3.878829956054688,1.0
2-3-1,Run1,189152115880,3.424446437669837,3.82666015625,1.0
2-3-1,Run1,189152132535,3.4137752367102583,3.82666015625,1.0
2-3-1,Run1,189152149190,3.403104035750679,3.8529586791992188,0.0
2-3-1,Run1,189152165846,3.3924328347911006,3.8792572021484375,0.0
2-3-1,Run1,189152182500,3.3817616338315215,3.9055557250976562,0.0
2-3-1,Run1,189152199155,3.371090432871943,3.931854248046875,1.0
2-3-1,Run1,189152215810,3.3604192319123642,3.822830200195313,1.0
2-3-1,Run1,189152232464,3.349748030952785,3.803543090820313,1.0
2-3-1,Run1,189152249119,3.3390768299932065,3.78369140625,1.0
2-3-1,Run1,189152265774,3.328405629033628,3.8094482421875,1.0
2-3-1,Run1,189152282428,3.317734428074049,3.792694091796875,1.0
2-3-1,Run1,189152299083,3.30706322711447,3.756866455078125,1.0
2-3-1,Run1,189152315738,3.296392026154891,3.7468414306640634,1.0
2-3-1,Run1,189152332393,3.2857208251953125,3.7520904541015625,1.0
2-3-1,Run1,189152349048,3.275049624235734,3.749343872070313,1.0
2-3-1,Run1,189152365703,3.264378423276155,3.738983154296875,1.0
2-3-1,Run1,189152382357,3.253707222316576,3.732131958007813,1.0
2-3-1,Run1,189152399012,3.243036021356997,3.732864379882813,1.0
2-3-1,Run1,189152415667,3.2323648203974185,3.7127685546875,1.0
2-3-1,Run1,189152432322,3.22169361943784,3.7133636474609375,1.0
2-3-1,Run1,189152448976,3.2110224184782608,3.7083587646484375,1.0
2-3-1,Run1,189152465631,3.200351217518682,3.6960296630859375,1.0
2-3-1,Run1,189152482286,3.1896800165591035,3.66937255859375,1.0
2-3-1,Run1,189152498941,3.1790088155995244,3.6577301025390634,1.0
2-3-1,Run1,189152515596,3.168337614639946,3.673995971679688,1.0
2-3-1,Run1,189152532251,3.1576664136803667,3.6744232177734375,1.0
2-3-1,Run1,189152548905,3.146995212720788,3.777511596679688,1.0
2-3-1,Run1,189152565560,3.136324011761209,3.7372802734375004,0.0
2-3-1,Run1,189152582215,3.1256528108016304,3.6970489501953128,0.0
2-3-1,Run1,189152598869,3.1149816098420517,3.656817626953125,0.0
2-3-1,Run1,189152615524,3.1043104088824727,3.6165863037109376,0.0
2-3-1,Run1,189152632179,3.093639207922894,3.57635498046875,0.0
2-3-1,Run1,189152648833,3.0829680069633154,3.536123657226563,0.0
2-3-1,Run1,189152665489,3.0722968060037363,3.4958923339843753,0.0
2-3-1,Run1,189152682144,3.0616256050441577,3.4556610107421877,0.0
2-3-1,Run1,189152698799,3.0509544040845786,3.4154296875,0.0
2-3-1,Run1,189152715453,3.040283203125,3.3751983642578125,1.0
2-3-1,Run1,189152732108,3.192245483398437,3.5819244384765625,1.0
2-3-1,Run1,189152748763,3.265121459960937,3.669921875,1.0
2-3-1,Run1,189152765417,3.264373779296875,3.56622314453125,1.0
2-3-1,Run1,189152782072,3.2593536376953125,3.5746917724609375,1.0
2-3-1,Run1,189152798727,3.2623748779296875,3.583160400390625,1.0
2-3-1,Run1,189152815382,3.26470947265625,3.591629028320313,1.0
2-3-1,Run1,189152832037,3.2894744873046875,3.6000976562500004,1.0
2-3-1,Run1,189152848692,3.2761383056640625,3.608566284179688,1.0
2-3-1,Run1,189152865346,3.2577056884765625,3.608566284179688,1.0
2-3-1,Run1,189152882001,3.2668609619140625,3.5924072265625,1.0
2-3-1,Run1,189152898656,3.2706756591796875,3.6625823974609375,1.0
2-3-1,Run1,189152915310,3.269287109375,3.65380859375,1.0
2-3-1,Run1,189152931965,3.2437896728515625,3.6279449462890634,1.0
2-3-1,Run1,189152948620,3.2462158203125,3.638839721679688,1.0
2-3-1,Run1,189152965275,3.286407470703125,3.6396484375,1.0
2-3-1,Run1,189152981930,3.463348388671875,3.729827880859375,1.0
2-3-1,Run1,189152998585,3.487411499023437,3.733108520507813,1.0
2-3-1,Run1,189153015240,3.288299560546875,3.733108520507813,1.0
2-3-1,Run1,189153031894,3.2948455810546875,3.729293823242188,1.0
2-3-1,Run1,189153048549,3.276840209960937,3.6007080078125,1.0
2-3-1,Run1,189153065204,3.2258453369140625,3.591064453125,1.0
2-3-1,Run1,189153081858,3.19903564453125,3.5694580078125,1.0
2-3-1,Run1,189153098513,3.18560791015625,3.569610595703125,1.0
2-3-1,Run1,189153115168,3.1743316650390625,3.551422119140625,1.0
2-3-1,Run1,189153131822,3.1624908447265625,3.5566864013671875,1.0
2-3-1,Run1,189153148478,3.143402099609375,3.5435791015625,1.0
2-3-1,Run1,189153165133,3.1331939697265625,3.5391998291015625,1.0
2-3-1,Run1,189153181787,3.1156463623046875,3.532958984375,1.0
2-3-1,Run1,189153198442,3.120361328125,3.50360107421875,1.0
2-3-1,Run1,189153215097,3.3088531494140625,3.5023956298828125,1.0
2-3-1,Run1,189153231752,3.282577514648437,3.5077056884765625,1.0
2-3-1,Run1,189153248406,3.109130859375,3.490631103515625,1.0
2-3-1,Run1,189153265061,3.094711303710937,3.4949188232421875,1.0
2-3-1,Run1,189153281716,3.078964233398437,3.4864959716796875,1.0
2-3-1,Run1,189153298370,3.093856811523437,3.4840850830078125,1.0
2-3-1,Run1,189153315026,3.27947998046875,3.6330413818359375,1.0
2-3-1,Run1,189153331681,3.300277709960937,3.6561431884765625,1.0
2-3-1,Run1,189153348335,3.0896148681640625,3.511337280273437,1.0
2-3-1,Run1,189153364990,3.0970611572265625,3.491806030273437,1.0
2-3-1,Run1,189153381645,3.13427734375,3.476165771484375,1.0
2-3-1,Run1,189153398299,3.116439819335937,3.48095703125,1.0
2-3-1,Run1,189153414954,3.1311187744140625,3.5058135986328125,1.0
2-3-1,Run1,189153431609,3.1396636962890625,3.528228759765625,1.0
2-3-1,Run1,189153448263,3.1226806640625,3.460693359375,1.0
2-3-1,Run1,189153464919,3.011993408203125,3.328598022460937,1.0
2-3-1,Run1,189153481574,3.098102569580078,3.252395629882812,0.0
2-3-1,Run1,189153498229,3.1842117309570312,3.176193237304687,0.0
2-3-1,Run1,189153514883,3.2703208923339844,3.099990844726562,0.0
2-3-1,Run1,189153531538,3.3564300537109375,3.023788452148437,0.0
2-3-1,Run1,189153548193,3.4425392150878906,2.947586059570312,0.0
2-3-1,Run1,189153564847,3.5286483764648438,2.871383666992187,0.0
2-3-1,Run1,189153581502,3.614757537841797,2.7951812744140625,0.0
2-3-1,Run1,189153598157,3.70086669921875,2.7189788818359375,0.0
2-3-1,Run1,189153614811,3.786975860595703,2.6427764892578125,0.0
2-3-1,Run1,189153631467,3.8730850219726562,2.5665740966796875,0.0
2-3-1,Run1,189153648122,3.9591941833496094,2.4903717041015625,0.0
2-3-1,Run1,189153664776,4.0453033447265625,2.4141693115234375,1.0
2-3-1,Run1,189153681431,3.4566650390625,2.3379669189453125,1.0
2-3-1,Run1,189153698086,3.113800048828125,2.3379669189453125,1.0
2-3-1,Run1,189153714740,3.187591552734375,3.2684783935546875,1.0
2-3-1,Run1,189153731395,3.245819091796875,3.458953857421875,1.0
2-3-1,Run1,189153748050,3.257186889648437,3.499862670898437,1.0
2-3-1,Run1,189153764705,3.25494384765625,3.4810791015625,1.0
2-3-1,Run1,189153781359,3.26953125,3.5120391845703125,1.0
2-3-1,Run1,189153798015,3.2417449951171875,3.5083160400390625,1.0
2-3-1,Run1,189153814670,3.228622436523437,3.565948486328125,1.0
2-3-1,Run1,189153831324,3.22998046875,3.5814208984375,1.0
2-3-1,Run1,189153847979,3.24920654296875,3.5879058837890625,1.0
2-3-1,Run1,189153864634,3.2539520263671875,3.4877471923828125,1.0
2-3-1,Run1,189153881288,3.3745880126953125,3.479736328125,1.0
2-3-1,Run1,189153897943,3.471527099609375,3.58392333984375,1.0
2-3-1,Run1,189153914598,3.471527099609375,3.576568603515625,1.0
2-3-1,Run1,189153931252,3.3263702392578125,3.562850952148437,1.0
2-3-1,Run1,189153947907,3.18121337890625,3.5836944580078125,1.0
2-3-1,Run1,189153964563,3.281890869140625,3.5887603759765625,1.0
2-3-1,Run1,189153981217,3.27459716796875,3.571563720703125,1.0
2-3-1,Run1,189153997872,3.273406982421875,3.5644683837890625,1.0
2-3-1,Run1,189154014527,3.26776123046875,3.577789306640625,1.0
2-3-1,Run1,189154031182,3.266326904296875,3.5670318603515625,1.0
2-3-1,Run1,189154047836,3.2491912841796875,3.5462799072265625,1.0
2-3-1,Run1,189154064491,3.2225799560546875,3.564727783203125,1.0
2-3-1,Run1,189154081146,3.231964111328125,3.5830078125,1.0
2-3-1,Run1,189154097800,3.255599975585937,3.579193115234375,1.0
2-3-1,Run1,189154114456,3.41387939453125,3.677001953125,1.0
2-3-1,Run1,189154131111,3.381820678710937,3.603668212890625,1.0
2-3-1,Run1,189154147765,3.2234649658203125,3.5146026611328125,1.0
2-3-1,Run1,189154164420,3.196441650390625,3.525054931640625,1.0
2-3-1,Run1,189154181075,3.2043609619140625,3.6336822509765625,1.0
2-3-1,Run1,189154197729,3.2245025634765625,3.6407318115234375,1.0
2-3-1,Run1,189154214384,3.2046661376953125,3.5103759765625,1.0
2-3-1,Run1,189154231039,3.208724975585937,3.5084228515625,1.0
2-3-1,Run1,189154247693,3.209381103515625,3.509140014648437,1.0
2-3-1,Run1,189154264348,3.1995849609375,3.504989624023437,1.0
2-3-1,Run1,189154281004,3.3688507080078125,3.623016357421875,1.0
2-3-1,Run1,189154297659,3.4066314697265625,3.654342651367188,1.0
2-3-1,Run1,189154314313,3.1190643310546875,3.654342651367188,1.0
2-3-1,Run1,189154330968,2.8684539794921875,3.6580879905007104,1.0
2-3-1,Run1,189154347623,2.9132293701171874,3.6618333296342334,0.0
2-3-1,Run1,189154364277,2.9580047607421873,3.665578668767756,0.0
2-3-1,Run1,189154380932,3.0027801513671877,3.6693240079012788,0.0
2-3-1,Run1,189154397587,3.0475555419921876,3.6730693470348013,0.0
2-3-1,Run1,189154414241,3.0923309326171875,3.676814686168324,0.0
2-3-1,Run1,189154430896,3.1371063232421874,3.6805600253018467,0.0
2-3-1,Run1,189154447552,3.1818817138671873,3.6843053644353696,0.0
2-3-1,Run1,189154464206,3.2266571044921877,3.688050703568892,0.0
2-3-1,Run1,189154480861,3.2714324951171876,3.691796042702415,0.0
2-3-1,Run1,189154497516,3.3162078857421875,3.6955413818359375,1.0
2-3-1,Run1,189154514170,3.128280639648437,3.458709716796875,1.0
2-3-1,Run1,189154530825,3.1598663330078125,3.4717559814453125,1.0
2-3-1,Run1,189154547480,3.2174835205078125,3.5189208984375,1.0
2-3-1,Run1,189154564135,3.1862945556640625,3.4991912841796875,1.0
2-3-1,Run1,189154580789,3.17059326171875,3.52008056640625,1.0
2-3-1,Run1,189154597444,3.16729736328125,3.5347900390625,1.0
2-3-1,Run1,189154614100,3.2032623291015625,3.550628662109375,1.0
2-3-1,Run1,189154630754,3.2207489013671875,3.529525756835937,1.0
2-3-1,Run1,189154647409,3.207061767578125,3.54730224609375,1.0
2-3-1,Run1,189154664064,3.2058868408203125,3.570953369140625,1.0
2-3-1,Run1,189154680718,3.215667724609375,3.5767822265625,1.0
2-3-1,Run1,189154697373,3.245086669921875,3.605255126953125,1.0
2-3-1,Run1,189154714028,3.4057159423828125,3.6249847412109375,1.0
2-3-1,Run1,189154730682,3.391815185546875,3.6400146484375,1.0
2-3-1,Run1,189154747337,3.391815185546875,3.8159027099609375,1.0
2-3-1,Run1,189154763993,3.3108367919921875,3.794158935546875,1.0
2-3-1,Run1,189154780647,3.2298583984375,3.794158935546875,1.0
2-3-1,Run1,189154797302,3.2956085205078125,3.710693359375,1.0
2-3-1,Run1,189154813957,3.3091583251953125,3.627227783203125,1.0
2-3-1,Run1,189154830612,3.3114013671875,3.685638427734375,1.0
2-3-1,Run1,189154847266,3.4063873291015625,3.794143676757813,1.0
2-3-1,Run1,189154863921,3.4055938720703125,3.757888793945313,1.0
2-3-1,Run1,189154880576,3.321502685546875,3.67352294921875,1.0
2-3-1,Run1,189154897230,3.306625366210937,3.6741790771484375,1.0
2-3-1,Run1,189154913885,3.2926177978515625,3.761749267578125,1.0
2-3-1,Run1,189154930541,3.2740478515625,3.763946533203125,1.0
2-3-1,Run1,189154947195,3.226837158203125,3.763946533203125,1.0
2-3-1,Run1,189154963850,3.2295074462890625,3.680511474609375,1.0
2-3-1,Run1,189154980505,3.17059326171875,3.572235107421875,1.0
2-3-1,Run1,189154997159,3.1547088623046875,3.574981689453125,1.0
2-3-1,Run1,189155013814,3.142059326171875,3.5564422607421875,1.0
2-3-1,Run1,189155030469,3.134628295898437,3.546417236328125,1.0
2-3-1,Run1,189155047123,3.11871337890625,3.556549072265625,1.0
2-3-1,Run1,189155063778,3.096160888671875,3.541122436523437,1.0
2-3-1,Run1,189155080433,3.07574462890625,3.5200653076171875,1.0
2-3-1,Run1,189155097089,3.0676727294921875,3.52606201171875,1.0
2-3-1,Run1,189155113743,3.0708465576171875,3.52276611328125,1.0
2-3-1,Run1,189155130398,3.0721893310546875,3.5188140869140625,1.0
2-3-1,Run1,189155147053,3.0546875,3.48907470703125,1.0
2-3-1,Run1,189155163707,3.0423583984375,3.482772827148437,1.0
2-3-1,Run1,189155180362,3.023040771484375,3.4927215576171875,1.0
2-3-1,Run1,189155197017,3.0464324951171875,3.489013671875,1.0
2-3-1,Run1,189155213671,3.038803100585937,3.490020751953125,1.0
2-3-1,Run1,189155230326,3.0224761962890625,3.460906982421875,1.0
2-3-1,Run1,189155246981,3.0275421142578125,3.4459381103515625,1.0
2-3-1,Run1,189155263636,2.998687744140625,3.464462280273437,1.0
2-3-1,Run1,189155280291,3.1734161376953125,3.590423583984375,1.0
2-3-1,Run1,189155296946,3.1310965798117896,3.5677804946899414,0.0
2-3-1,Run1,189155313600,3.088777021928267,3.545137405395508,0.0
2-3-1,Run1,189155330255,3.046457464044744,3.522494316101074,0.0
2-3-1,Run1,189155346910,3.0041379061612217,3.4998512268066406,0.0
2-3-1,Run1,189155363565,2.9618183482776987,3.477208137512207,0.0
2-3-1,Run1,189155380219,2.9194987903941763,3.4545650482177734,0.0
2-3-1,Run1,189155396874,2.8771792325106533,3.43192195892334,0.0
2-3-1,Run1,189155413530,2.834859674627131,3.4092788696289062,0.0
2-3-1,Run1,189155430184,2.792540116743608,3.386635780334472,0.0
2-3-1,Run1,189155446839,2.750220558860085,3.3639926910400386,0.0
2-3-1,Run1,189155463494,2.7079010009765625,3.341349601745605,1.0
2-3-1,Run1,189155480148,2.7079010009765625,3.3187065124511714,1.0
2-3-1,Run1,189155496803,3.2545623779296875,3.296063423156738,1.0
2-3-1,Run1,189155513458,3.2545623779296875,3.2734203338623042,1.0
2-3-1,Run1,189155530112,3.2411651611328125,3.2507772445678706,1.0
2-3-1,Run1,189155546767,3.089874267578125,3.228134155273437,1.0
2-3-1,Run1,189155563422,3.13116455078125,3.375030517578125,1.0
2-3-1,Run1,189155580077,3.139068603515625,3.4240264892578125,1.0
2-3-1,Run1,189155596732,3.1251983642578125,3.471588134765625,1.0
2-3-1,Run1,189155613387,3.16168212890625,3.50946044921875,1.0
2-3-1,Run1,189155630042,3.164642333984375,3.52734375,1.0
2-3-1,Run1,189155646696,3.1676025390625,3.544281005859375,1.0
2-3-1,Run1,189155663351,3.18865966796875,3.533599853515625,1.0
2-3-1,Run1,189155680006,3.186248779296875,3.55560302734375,1.0
2-3-1,Run1,189155696660,3.2021026611328125,3.5527496337890625,1.0
2-3-1,Run1,189155713315,3.2235260009765625,3.685745239257813,1.0
2-3-1,Run1,189155729970,3.2286376953125,3.66119384765625,1.0
2-3-1,Run1,189155746625,3.229705810546875,3.5652008056640625,1.0
2-3-1,Run1,189155763280,3.235992431640625,3.5633697509765625,1.0
2-3-1,Run1,189155779935,3.24591064453125,3.6593170166015625,1.0
2-3-1,Run1,189155796589,3.2328338623046875,3.681060791015625,1.0
2-3-1,Run1,189155813244,3.2386932373046875,3.605804443359375,1.0
2-3-1,Run1,189155829899,3.2574615478515625,3.610107421875,1.0
2-3-1,Run1,189155846553,3.2384796142578125,3.614944458007813,1.0
2-3-1,Run1,189155863208,3.23748779296875,3.611053466796875,1.0
2-3-1,Run1,189155879863,3.238739013671875,3.68182373046875,1.0
2-3-1,Run1,189155896518,3.214447021484375,3.641693115234375,1.0
2-3-1,Run1,189155913173,3.193344116210937,3.560516357421875,1.0
2-3-1,Run1,189155929828,3.2061309814453125,3.5461578369140625,1.0
2-3-1,Run1,189155946483,3.2098541259765625,3.598388671875,1.0
2-3-1,Run1,189155963137,3.196868896484375,3.6774749755859375,1.0
2-3-1,Run1,189155979792,3.199676513671875,3.547470092773437,1.0
2-3-1,Run1,189155996447,3.20294189453125,3.527740478515625,1.0
2-3-1,Run1,189156013101,3.1815338134765625,3.543685913085937,1.0
2-3-1,Run1,189156029756,3.2053985595703125,3.5362548828125,1.0
2-3-1,Run1,189156046411,3.1931610107421875,3.526214599609375,1.0
2-3-1,Run1,189156063066,3.148788452148437,3.5344696044921875,1.0
2-3-1,Run1,189156079721,3.14190673828125,3.524078369140625,1.0
2-3-1,Run1,189156096376,3.135284423828125,3.5408172607421875,1.0
2-3-1,Run1,189156113030,3.1272430419921875,3.5465545654296875,1.0
2-3-1,Run1,189156129685,3.12353515625,3.530502319335937,1.0
2-3-1,Run1,189156146340,3.1138916015625,3.514312744140625,1.0
2-3-1,Run1,189156162995,3.1147613525390625,3.517822265625,1.0
2-3-1,Run1,189156179649,3.2871246337890625,3.538299560546875,1.0
2-3-1,Run1,189156196304,3.249908447265625,3.536239624023437,1.0
2-3-1,Run1,189156212959,3.087020874023437,3.502655029296875,1.0
2-3-1,Run1,189156229614,3.0966949462890625,3.4958953857421875,1.0
2-3-1,Run1,189156246269,3.124267578125,3.50030517578125,1.0
2-3-1,Run1,189156262924,3.127548217773437,3.5088043212890625,1.0
2-3-1,Run1,189156279578,3.110748291015625,3.50616455078125,1.0
2-3-1,Run1,189156296233,3.116561889648437,3.5064849853515625,1.0
2-3-1,Run1,189156312888,3.11004638671875,3.493637084960937,1.0
2-3-1,Run1,189156329542,3.1132965087890625,3.494125366210937,1.0
2-3-1,Run1,189156346197,3.1272125244140625,3.5064849853515625,1.0
2-3-1,Run1,189156362852,3.105926513671875,3.4959869384765625,1.0
2-3-1,Run1,189156379506,3.1311187744140625,3.486434936523437,1.0
2-3-1,Run1,189156396162,3.1783599853515625,3.4878387451171875,1.0
2-3-1,Run1,189156412817,3.1415252685546875,3.4891815185546875,1.0
2-3-1,Run1,189156429472,3.120590209960937,3.496566772460937,1.0
2-3-1,Run1,189156446126,3.1541900634765625,3.510223388671875,1.0
2-3-1,Run1,189156462781,3.14990234375,3.5047607421875,1.0
2-3-1,Run1,189156479436,3.1092987060546875,3.516876220703125,1.0
2-3-1,Run1,189156496090,3.1107635498046875,3.53125,1.0
2-3-1,Run1,189156512745,3.12860107421875,3.64764404296875,1.0
2-3-1,Run1,189156529400,3.117462158203125,3.6251373291015625,1.0
2-3-1,Run1,189156546054,3.1175537109375,3.505584716796875,1.0
2-3-1,Run1,189156562710,3.1371612548828125,3.5034332275390625,1.0
2-3-1,Run1,189156579365,3.142608642578125,3.5054168701171875,1.0
2-3-1,Run1,189156596019,3.15533447265625,3.5008697509765625,1.0
2-3-1,Run1,189156612674,3.3578338623046875,3.4915008544921875,1.0
2-3-1,Run1,189156629329,3.323333740234375,3.523773193359375,1.0
2-3-1,Run1,189156645983,3.1150665283203125,3.5447235107421875,1.0
2-3-1,Run1,189156662638,3.0971832275390625,3.5280914306640625,1.0
2-3-1,Run1,189156679293,3.1326446533203125,3.488006591796875,1.0
2-3-1,Run1,189156695948,3.136077880859375,3.639480590820313,1.0
2-3-1,Run1,189156712603,3.1271514892578125,3.610275268554688,1.0
2-3-1,Run1,189156729258,3.0225830078125,3.2818756103515625,1.0
2-3-1,Run1,189156745913,2.9150804792131697,3.2539859347873263,0.0
2-3-1,Run1,189156762567,2.8075779506138394,3.22609625922309,0.0
2-3-1,Run1,189156779222,2.7000754220145087,3.198206583658854,0.0
2-3-1,Run1,189156795877,2.5925728934151784,3.170316908094618,0.0
2-3-1,Run1,189156812531,2.485070364815848,3.1424272325303817,0.0
2-3-1,Run1,189156829186,2.377567836216518,3.1145375569661455,0.0
2-3-1,Run1,189156845841,2.2700653076171875,3.0866478814019094,1.0
2-3-1,Run1,189156862495,2.964935302734375,3.058758205837673,1.0
2-3-1,Run1,189156879151,3.429534912109375,3.030868530273437,1.0
2-3-1,Run1,189156895806,3.355087280273437,3.1316070556640625,1.0
2-3-1,Run1,189156912460,3.274383544921875,3.25848388671875,1.0
2-3-1,Run1,189156929115,3.2678375244140625,3.549896240234375,1.0
2-3-1,Run1,189156945770,3.29248046875,3.5503387451171875,1.0
2-3-1,Run1,189156962425,3.3208770751953125,3.623489379882813,1.0
2-3-1,Run1,189156979079,3.4119873046875,3.65362548828125,1.0
2-3-1,Run1,189156995734,3.4590301513671875,3.67437744140625,1.0
2-3-1,Run1,189157012389,3.4590301513671875,3.723968505859375,1.0
2-3-1,Run1,189157029043,3.453985595703125,3.722854614257813,1.0
2-3-1,Run1,189157045699,3.4489410400390623,3.810516357421875,1.0
2-3-1,Run1,189157062354,3.443896484375,3.7186660766601562,0.0
2-3-1,Run1,189157079008,3.4388519287109376,3.6268157958984375,1.0
2-3-1,Run1,189157095663,3.433807373046875,3.699630737304688,1.0
2-3-1,Run1,189157112318,3.28118896484375,3.721099853515625,1.0
2-3-1,Run1,189157128972,3.292144775390625,3.710372924804688,1.0
2-3-1,Run1,189157145627,3.2833709716796875,3.68365478515625,1.0
2-3-1,Run1,189157162282,3.2638702392578125,3.6869049072265625,1.0
2-3-1,Run1,189157178936,3.244125366210937,3.671051025390625,1.0
2-3-1,Run1,189157195591,3.2387237548828125,3.64923095703125,1.0
2-3-1,Run1,189157212247,3.402801513671875,3.645904541015625,1.0
2-3-1,Run1,189157228902,3.32916259765625,3.63531494140625,1.0
2-3-1,Run1,189157245556,3.16790771484375,3.616043090820313,1.0
2-3-1,Run1,189157262211,3.14996337890625,3.61102294921875,1.0
2-3-1,Run1,189157278866,3.14093017578125,3.581787109375,1.0
2-3-1,Run1,189157295520,3.133041381835937,3.574005126953125,1.0
2-3-1,Run1,189157312175,3.1220703125,3.5566864013671875,1.0
2-3-1,Run1,189157328831,3.1341705322265625,3.5345001220703125,1.0
2-3-1,Run1,189157345485,3.1084747314453125,3.519744873046875,1.0
2-3-1,Run1,189157362140,3.088226318359375,3.537750244140625,1.0
2-3-1,Run1,189157378795,3.068099975585937,3.51763916015625,1.0
2-3-1,Run1,189157395449,3.0844268798828125,3.511199951171875,1.0
2-3-1,Run1,189157412105,3.106689453125,3.513412475585937,1.0
2-3-1,Run1,189157428760,3.1228485107421875,3.4940185546875,1.0
2-3-1,Run1,189157445414,3.13897705078125,3.492584228515625,1.0
2-3-1,Run1,189157462069,3.12188720703125,3.5090789794921875,1.0
2-3-1,Run1,189157478724,3.114959716796875,3.48468017578125,1.0
2-3-1,Run1,189157495379,3.0084991455078125,3.404022216796875,1.0
2-3-1,Run1,189157512033,3.0500946044921875,3.4499053955078125,1.0
2-3-1,Run1,189157528689,3.127105712890625,3.4499053955078125,1.0
2-3-1,Run1,189157545344,3.1154327392578125,3.4073486328125,1.0
2-3-1,Run1,189157561998,3.1149444580078125,3.451080322265625,1.0
2-3-1,Run1,189157578653,3.102783203125,3.4730224609375,1.0
2-3-1,Run1,189157595308,3.1054840087890625,3.4697418212890625,1.0
2-3-1,Run1,189157611962,3.110824584960937,3.4629669189453125,1.0
2-3-1,Run1,189157628617,3.1147003173828125,3.4769287109375,1.0
2-3-1,Run1,189157645272,3.145370483398437,3.4798736572265625,1.0
2-3-1,Run1,189157661926,3.1534576416015625,3.4876251220703125,1.0
2-3-1,Run1,189157678581,3.2666168212890625,3.498077392578125,1.0
2-3-1,Run1,189157695237,3.24346923828125,3.470565795898437,1.0
2-3-1,Run1,189157711891,3.1654052734375,3.474945068359375,1.0
2-3-1,Run1,189157728546,3.103546142578125,3.4545135498046875,1.0
2-3-1,Run1,189157745201,3.2125244140625,3.5228500366210938,0.0
2-3-1,Run1,189157761856,3.321502685546875,3.5911865234375,1.0
2-3-1,Run1,189157778510,3.1527557373046875,3.4732208251953125,1.0
2-3-1,Run1,189157795165,3.1338653564453125,3.48358154296875,1.0
2-3-1,Run1,189157811820,3.283477783203125,3.486663818359375,1.0
2-3-1,Run1,189157828474,3.234893798828125,3.4541778564453125,1.0
2-3-1,Run1,189157845129,3.081771850585937,3.4219207763671875,1.0
2-3-1,Run1,189157861785,3.083648681640625,3.4281158447265625,1.0
2-3-1,Run1,189157878439,3.0592498779296875,3.421249389648437,1.0
2-3-1,Run1,189157895094,3.047592163085937,3.4516143798828125,1.0
2-3-1,Run1,189157911749,3.0469207763671875,3.469467163085937,1.0
2-3-1,Run1,189157928404,3.01397705078125,3.4207000732421875,1.0
2-3-1,Run1,189157945059,2.9876251220703125,3.370574951171875,1.0
2-3-1,Run1,189157961714,2.97576904296875,3.370819091796875,1.0
2-3-1,Run1,189157978368,2.971710205078125,3.378692626953125,1.0
2-3-1,Run1,189157995023,2.981048583984375,3.410247802734375,1.0
2-3-1,Run1,189158011678,2.9493408203125,3.39410400390625,1.0
2-3-1,Run1,189158028334,2.989959716796875,3.3660888671875,1.0
2-3-1,Run1,189158044988,2.99591064453125,3.368988037109375,1.0
2-3-1,Run1,189158061643,2.9561309814453125,3.3581085205078125,1.0
2-3-1,Run1,189158078298,2.972442626953125,3.361419677734375,1.0
2-3-1,Run1,189158094952,2.8617095947265625,3.2966461181640625,1.0
2-3-1,Run1,189158111607,2.887847900390625,3.3536376953125,1.0
2-3-1,Run1,189158128262,2.887847900390625,3.3536376953125,1.0
2-3-1,Run1,189158144916,2.985504150390625,3.3607177734375,1.0
2-3-1,Run1,189158161571,3.083160400390625,3.393173217773437,1.0
2-3-1,Run1,189158178227,3.022613525390625,3.464462280273437,1.0
2-3-1,Run1,189158194881,3.02935791015625,3.471710205078125,1.0
2-3-1,Run1,189158211536,3.044540405273437,3.4032745361328125,1.0
2-3-1,Run1,189158228191,3.0503692626953125,3.400390625,1.0
2-3-1,Run1,189158244845,3.0675811767578125,3.4123077392578125,1.0
2-3-1,Run1,189158261500,3.089263916015625,3.429183959960937,1.0
2-3-1,Run1,189158278155,3.1804351806640625,3.45330810546875,1.0
2-3-1,Run1,189158294810,3.2230377197265625,3.4630126953125,1.0
2-3-1,Run1,189158311464,3.2230377197265625,3.4596405029296875,1.0
2-3-1,Run1,189158328119,3.1587295532226562,3.4625701904296875,1.0
2-3-1,Run1,189158344775,3.09442138671875,3.4820098876953125,1.0
2-3-1,Run1,189158361429,3.142852783203125,3.49749755859375,1.0
2-3-1,Run1,189158378084,3.2301177978515625,3.51129150390625,1.0
2-3-1,Run1,189158394739,3.335845947265625,3.4965972900390625,1.0
2-3-1,Run1,189158411393,3.335845947265625,3.564666748046875,1.0
2-3-1,Run1,189158428048,3.1699142456054688,3.609771728515625,1.0
2-3-1,Run1,189158444704,3.0039825439453125,3.471298217773437,1.0
2-3-1,Run1,189158461358,3.1331939697265625,3.4631805419921875,1.0
2-3-1,Run1,189158478013,3.10198974609375,3.442123413085937,1.0
2-3-1,Run1,189158494668,3.0948638916015625,3.45147705078125,1.0
2-3-1,Run1,189158511322,3.074859619140625,3.4495086669921875,1.0
2-3-1,Run1,189158527977,3.063507080078125,3.415267944335937,1.0
2-3-1,Run1,189158544632,3.0703277587890625,3.4287109375,1.0
2-3-1,Run1,189158561287,3.0594940185546875,3.418319702148437,1.0
2-3-1,Run1,189158577942,3.0355987548828125,3.368072509765625,1.0
2-3-1,Run1,189158594597,2.9554595947265625,3.302764892578125,1.0
2-3-1,Run1,189158611252,3.0957794189453125,3.2018203735351562,1.0
2-3-1,Run1,189158627906,2.987546648297991,3.1008758544921875,0.0
2-3-1,Run1,189158644561,2.8793138776506697,2.9999313354492188,0.0
2-3-1,Run1,189158661216,2.771081107003348,2.89898681640625,0.0
2-3-1,Run1,189158677871,2.662848336356027,2.7980422973632812,0.0
2-3-1,Run1,189158694526,2.5546155657087053,2.6970977783203125,0.0
2-3-1,Run1,189158711181,2.4463827950613837,2.5961532592773433,0.0
2-3-1,Run1,189158727835,2.3381500244140625,2.4952087402343746,1.0
2-3-1,Run1,189158744490,2.3381500244140625,2.394264221191406,1.0
2-3-1,Run1,189158761145,2.362045288085937,2.293319702148437,1.0
2-3-1,Run1,189158777799,2.362045288085937,2.293319702148437,1.0
2-3-1,Run1,189158794454,2.2343902587890625,2.5373992919921875,1.0
2-3-1,Run1,189158811109,2.5142822265625,2.525909423828125,1.0
2-3-1,Run1,189158827765,2.740951538085937,2.6189117431640625,1.0
2-3-1,Run1,189158844419,2.884994506835937,3.074951171875,1.0
2-3-1,Run1,189158861074,3.014190673828125,3.355865478515625,1.0
2-3-1,Run1,189158877729,3.0778350830078125,3.400619506835937,1.0
2-3-1,Run1,189158894383,3.0820770263671875,3.419464111328125,1.0
2-3-1,Run1,189158911038,3.074920654296875,3.4018096923828125,1.0
2-3-1,Run1,189158927693,3.00177001953125,3.4041290283203125,1.0
2-3-1,Run1,189158944347,3.1286468505859375,3.50408935546875,1.0
2-3-1,Run1,189158961002,3.255523681640625,3.5042724609375,1.0
2-3-1,Run1,189158977657,3.0731964111328125,3.4189910888671875,1.0
2-3-1,Run1,189158994312,3.0649871826171875,3.4205322265625,1.0
2-3-1,Run1,189159010967,3.2307586669921875,3.5124053955078125,1.0
2-3-1,Run1,189159027622,3.27734375,3.563751220703125,1.0
2-3-1,Run1,189159044276,3.1095733642578125,3.4676971435546875,1.0
2-3-1,Run1,189159060931,3.1079254150390625,3.470672607421875,1.0
2-3-1,Run1,189159077587,3.2716217041015625,3.5730133056640625,1.0
2-3-1,Run1,189159094242,3.298187255859375,3.5787506103515625,1.0
2-3-1,Run1,189159110896,3.1427764892578125,3.4606170654296875,1.0
2-3-1,Run1,189159127551,3.138168334960937,3.473968505859375,1.0
2-3-1,Run1,189159144206,3.120330810546875,3.626617431640625,1.0
2-3-1,Run1,189159160860,3.107528686523437,3.595565795898437,1.0
2-3-1,Run1,189159177515,3.0933074951171875,3.595565795898437,1.0
2-3-1,Run1,189159194170,3.0970916748046875,2.98944091796875,1.0
2-3-1,Run1,189159210824,3.2907257080078125,2.3833160400390625,1.0
2-3-1,Run1,189159227479,3.195261174982244,2.3833160400390625,1.0
2-3-1,Run1,189159244135,3.0997966419566763,2.4511073185847354,0.0
2-3-1,Run1,189159260789,3.004332108931108,2.5188985971304088,0.0
2-3-1,Run1,189159277444,2.90886757590554,2.5866898756760817,0.0
2-3-1,Run1,189159294099,2.8134030428799717,2.654481154221755,0.0
2-3-1,Run1,189159310753,2.7179385098544033,2.722272432767428,0.0
2-3-1,Run1,189159327409,2.622473976828835,2.790063711313101,0.0
2-3-1,Run1,189159344064,2.527009443803267,2.857854989858774,0.0
2-3-1,Run1,189159360719,2.431544910777699,2.925646268404447,0.0
2-3-1,Run1,189159377373,2.336080377752131,2.99343754695012,0.0
2-3-1,Run1,189159394028,2.2406158447265625,3.0612288254957933,1.0
2-3-1,Run1,189159410683,2.2406158447265625,3.1290201040414662,1.0
2-3-1,Run1,189159427337,2.5416717529296875,3.196811382587139,0.0
2-3-1,Run1,189159443992,2.8427276611328125,3.2646026611328125,1.0
2-3-1,Run1,189159460647,3.0019989013671875,3.3985137939453125,1.0
2-3-1,Run1,189159477302,3.004913330078125,3.3249664306640625,1.0
2-3-1,Run1,189159493957,3.023651123046875,3.3495025634765625,1.0
2-3-1,Run1,189159510612,3.04132080078125,3.374298095703125,1.0
2-3-1,Run1,189159527266,3.03326416015625,3.39373779296875,1.0
2-3-1,Run1,189159543921,3.0230712890625,3.44287109375,1.0
2-3-1,Run1,189159560577,3.0378875732421875,3.41845703125,1.0
2-3-1,Run1,189159577231,3.08282470703125,3.4351348876953125,1.0
2-3-1,Run1,189159593886,2.9925537109375,3.3720245361328125,1.0
2-3-1,Run1,189159610541,2.9918975830078125,3.358749389648437,1.0
2-3-1,Run1,189159627196,3.052703857421875,3.402435302734375,1.0
2-3-1,Run1,189159643850,3.04412841796875,3.425155639648437,1.0
2-3-1,Run1,189159660505,3.0756988525390625,3.44342041015625,1.0
2-3-1,Run1,189159677160,3.219879150390625,3.4673309326171875,1.0
2-3-1,Run1,189159693814,3.227386474609375,3.4822998046875,1.0
2-3-1,Run1,189159710469,3.1093902587890625,3.47662353515625,1.0
2-3-1,Run1,189159727125,3.11279296875,3.45660400390625,1.0
2-3-1,Run1,189159743779,3.11090087890625,3.4706573486328125,1.0
2-3-1,Run1,189159760434,3.0236053466796875,3.51690673828125,1.0
2-3-1,Run1,189159777089,3.1456756591796875,3.487533569335937,1.0
2-3-1,Run1,189159793743,3.2677459716796875,3.4561004638671875,1.0
2-3-1,Run1,189159810398,3.0977325439453125,3.4680938720703125,1.0
2-3-1,Run1,189159827053,3.0911407470703125,3.4639129638671875,1.0
2-3-1,Run1,189159843707,3.080673217773437,3.4589996337890625,1.0
2-3-1,Run1,189159860362,3.087677001953125,3.462631225585937,1.0
2-3-1,Run1,189159877017,3.0924224853515625,3.4381103515625,1.0
2-3-1,Run1,189159893673,3.076446533203125,3.4440155029296875,1.0
2-3-1,Run1,189159910327,3.044540405273437,3.4424285888671875,1.0
2-3-1,Run1,189159926982,3.043792724609375,3.4563446044921875,1.0
2-3-1,Run1,189159943637,3.008514404296875,3.43914794921875,1.0
2-3-1,Run1,189159960291,2.9951324462890625,3.42230224609375,1.0
2-3-1,Run1,189159976947,2.993759155273437,3.392074584960937,1.0
2-3-1,Run1,189159993602,3.0047760009765625,3.3852081298828125,1.0
2-3-1,Run1,189160010256,2.975448608398437,3.39007568359375,1.0
2-3-1,Run1,189160026911,2.8240966796875,3.31292724609375,1.0
2-3-1,Run1,189160043566,2.885604858398437,3.3294830322265625,1.0
2-3-1,Run1,189160060220,2.885604858398437,3.3294830322265625,1.0
2-3-1,Run1,189160076875,2.871795654296875,3.3715972900390625,1.0
2-3-1,Run1,189160093530,2.962493896484375,3.4137115478515625,1.0
2-3-1,Run1,189160110185,2.96942138671875,3.3250274658203125,1.0
2-3-1,Run1,189160126840,2.961517333984375,3.3343963623046875,1.0
2-3-1,Run1,189160143495,2.942535400390625,3.3558349609375,1.0
2-3-1,Run1,189160160150,2.94793701171875,3.3606414794921875,1.0
2-3-1,Run1,189160176804,2.9806671142578125,3.3628387451171875,1.0
2-3-1,Run1,189160193459,2.972442626953125,3.359603881835937,1.0
2-3-1,Run1,189160210114,2.9555816650390625,3.339080810546875,1.0
2-3-1,Run1,189160226769,2.954925537109375,3.34686279296875,1.0
2-3-1,Run1,189160243424,2.9600372314453125,3.359481811523437,1.0
2-3-1,Run1,189160260079,2.977035522460937,3.359344482421875,1.0
2-3-1,Run1,189160276733,2.984100341796875,3.3709869384765625,1.0
2-3-1,Run1,189160293388,2.9044342041015625,3.322128295898437,1.0
2-3-1,Run1,189160310043,3.0110092163085938,3.4275131225585938,0.0
2-3-1,Run1,189160326697,3.117584228515625,3.53289794921875,1.0
2-3-1,Run1,189160343352,2.9510955810546875,3.372283935546875,1.0
2-3-1,Run1,189160360007,2.9427947998046875,3.358795166015625,1.0
2-3-1,Run1,189160376661,2.9359588623046875,3.3458404541015625,1.0
2-3-1,Run1,189160393317,2.938629150390625,3.33770751953125,1.0
2-3-1,Run1,189160409972,2.914276123046875,3.318817138671875,1.0
2-3-1,Run1,189160426627,2.915679931640625,3.3104248046875,1.0
2-3-1,Run1,189160443281,2.8962860107421875,3.286712646484375,1.0
2-3-1,Run1,189160459936,2.885650634765625,3.261749267578125,1.0
2-3-1,Run1,189160476591,2.8737945556640625,3.2624053955078125,1.0
2-3-1,Run1,189160493245,2.8706207275390625,3.267852783203125,1.0
2-3-1,Run1,189160509900,2.8556671142578125,3.2563934326171875,1.0
2-3-1,Run1,189160526556,2.8399200439453125,3.2555084228515625,1.0
2-3-1,Run1,189160543210,2.8578338623046875,3.2480926513671875,1.0
2-3-1,Run1,189160559865,2.823577880859375,3.1701202392578125,1.0
2-3-1,Run1,189160576520,2.971893310546875,3.168024698893229,1.0
2-3-1,Run1,189160593174,2.7714691162109375,3.165929158528646,0.0
2-3-1,Run1,189160609829,2.571044921875,3.1638336181640625,0.0
2-3-1,Run1,189160626485,2.3706207275390625,3.161738077799479,0.0
2-3-1,Run1,189160643139,2.170196533203125,3.159642537434896,0.0
2-3-1,Run1,189160659794,1.9697723388671875,3.1575469970703125,1.0
2-3-1,Run1,189160676449,2.3384552001953125,3.155451456705729,1.0
2-3-1,Run1,189160693104,2.568466186523437,3.153355916341146,1.0
2-3-1,Run1,189160709758,2.8079376220703125,3.1512603759765625,1.0
2-3-1,Run1,189160726414,2.8414306640625,3.213531494140625,1.0
2-3-1,Run1,189160743069,2.8673248291015625,3.2792510986328125,1.0
2-3-1,Run1,189160759723,2.944442749023437,3.25042724609375,1.0
2-3-1,Run1,189160776378,2.9443817138671875,3.259796142578125,1.0
2-3-1,Run1,189160793033,2.9601287841796875,3.298370361328125,1.0
2-3-1,Run1,189160809687,3.004425048828125,3.3525390625,1.0
2-3-1,Run1,189160826342,2.9262237548828125,3.4395294189453125,1.0
2-3-1,Run1,189160842997,3.0647811889648438,3.4395294189453125,1.0
2-3-1,Run1,189160859651,3.203338623046875,3.3929061889648438,1.0
2-3-1,Run1,189160876306,3.019805908203125,3.346282958984375,1.0
2-3-1,Run1,189160892962,3.01934814453125,3.396270751953125,1.0
2-3-1,Run1,189160909616,3.0449371337890625,3.381591796875,1.0
2-3-1,Run1,189160926271,3.0451202392578125,3.38677978515625,1.0
2-3-1,Run1,189160942926,3.036895751953125,3.400619506835937,1.0
2-3-1,Run1,189160959581,3.0369110107421875,3.4017791748046875,1.0
2-3-1,Run1,189160976235,3.0472564697265625,3.529083251953125,1.0
2-3-1,Run1,189160992890,3.06182861328125,3.5578765869140625,1.0
2-3-1,Run1,189161009545,3.0377960205078125,3.5578765869140625,1.0
2-3-1,Run1,189161026199,3.0227203369140625,3.4577713012695312,1.0
2-3-1,Run1,189161042854,3.01654052734375,3.357666015625,1.0
2-3-1,Run1,189161059510,2.997467041015625,3.3898162841796875,1.0
2-3-1,Run1,189161076164,3.1597900390625,3.374252319335937,1.0
2-3-1,Run1,189161092819,3.2574920654296875,3.3800201416015625,1.0
2-3-1,Run1,189161109474,3.00689697265625,3.337188720703125,1.0
2-3-1,Run1,189161126128,2.95294189453125,3.346054077148437,1.0
2-3-1,Run1,189161142783,2.911956787109375,3.3564453125,1.0
2-3-1,Run1,189161159439,2.9244842529296875,3.329437255859375,1.0
2-3-1,Run1,189161176093,2.9441070556640625,3.328399658203125,1.0
2-3-1,Run1,189161192748,2.931747436523437,3.3401031494140625,1.0
2-3-1,Run1,189161209403,2.91180419921875,3.309722900390625,1.0
2-3-1,Run1,189161226059,2.9565887451171875,3.3029327392578125,1.0
2-3-1,Run1,189161242713,2.948883056640625,3.290023803710937,1.0
2-3-1,Run1,189161259368,2.9249420166015625,3.305511474609375,1.0
2-3-1,Run1,189161276023,2.94818115234375,3.317138671875,1.0
2-3-1,Run1,189161292677,2.925628662109375,3.33294677734375,1.0
2-3-1,Run1,189161309332,2.9097137451171875,3.3256378173828125,1.0
2-3-1,Run1,189161325987,2.8968658447265625,3.3199005126953125,1.0
2-3-1,Run1,189161342641,2.885223388671875,3.326904296875,1.0
2-3-1,Run1,189161359296,2.889251708984375,3.2450408935546875,1.0
2-3-1,Run1,189161375952,3.1533660888671875,3.2385989102450283,1.0
2-3-1,Run1,189161392606,2.9662303924560547,3.232156926935369,0.0
2-3-1,Run1,189161409261,2.779094696044922,3.22571494362571,0.0
2-3-1,Run1,189161425916,2.591958999633789,3.219272960316051,0.0
2-3-1,Run1,189161442570,2.4048233032226562,3.2128309770063916,0.0
2-3-1,Run1,189161459225,2.2176876068115234,3.206388993696733,0.0
2-3-1,Run1,189161475880,2.0305519104003906,3.1999470103870737,0.0
2-3-1,Run1,189161492535,1.8434162139892578,3.1935050270774146,0.0
2-3-1,Run1,189161509189,1.656280517578125,3.1870630437677554,1.0
2-3-1,Run1,189161525844,1.656280517578125,3.1806210604580962,1.0
2-3-1,Run1,189161542500,2.8441314697265625,3.174179077148437,1.0
2-3-1,Run1,189161559154,2.9752960205078125,3.328109741210937,1.0
2-3-1,Run1,189161575809,3.0121307373046875,3.402984619140625,1.0
2-3-1,Run1,189161592464,3.001495361328125,3.3757781982421875,1.0
2-3-1,Run1,189161609118,3.0210113525390625,3.3898468017578125,1.0
2-3-1,Run1,189161625773,3.084075927734375,3.385238647460937,1.0
2-3-1,Run1,189161642428,3.071075439453125,3.3995361328125,1.0
2-3-1,Run1,189161659082,3.06964111328125,3.426025390625,1.0
2-3-1,Run1,189161675737,3.100326538085937,3.440185546875,1.0
2-3-1,Run1,189161692392,3.0791015625,3.426727294921875,1.0
2-3-1,Run1,189161709047,3.243392944335937,3.446868896484375,1.0
2-3-1,Run1,189161725702,3.2422231038411455,3.4082489013671875,1.0
2-3-1,Run1,189161742357,3.241053263346354,3.463653564453125,1.0
2-3-1,Run1,189161759012,3.2398834228515625,3.505126953125,1.0
2-3-1,Run1,189161775667,3.150177001953125,3.4984130859375,1.0
2-3-1,Run1,189161792322,3.1793365478515625,3.4934539794921875,1.0
2-3-1,Run1,189161808977,3.1710205078125,3.50286865234375,1.0
2-3-1,Run1,189161825631,3.1551971435546875,3.5288238525390625,1.0
2-3-1,Run1,189161842286,3.1661529541015625,3.5446319580078125,1.0
2-3-1,Run1,189161858941,3.200775146484375,3.5383758544921875,1.0
2-3-1,Run1,189161875596,3.3488922119140625,3.610748291015625,1.0
2-3-1,Run1,189161892251,3.288192749023437,3.6275787353515625,1.0
2-3-1,Run1,189161908906,3.288192749023437,3.5345611572265625,1.0
2-3-1,Run1,189161925560,3.237747192382812,3.544662475585937,1.0
2-3-1,Run1,189161942215,3.187301635742187,3.56317138671875,1.0
2-3-1,Run1,189161958870,3.1368560791015625,3.5544891357421875,1.0
2-3-1,Run1,189161975524,3.0864105224609375,3.640457153320313,1.0
2-3-1,Run1,189161992179,3.0359649658203125,3.66839599609375,1.0
2-3-1,Run1,189162008834,2.9855194091796875,3.66839599609375,1.0
2-3-1,Run1,189162025489,3.12872314453125,3.638275146484375,1.0
2-3-1,Run1,189162042144,3.1328277587890625,3.638275146484375,1.0
2-3-1,Run1,189162058799,3.0935516357421875,3.5821075439453125,1.0
2-3-1,Run1,189162075454,3.10162353515625,3.5821075439453125,1.0
2-3-1,Run1,189162092108,3.089874267578125,3.573455810546875,1.0
2-3-1,Run1,189162108763,3.0263671875,3.4269561767578125,1.0
2-3-1,Run1,189162125418,3.024505615234375,3.411529541015625,1.0
2-3-1,Run1,189162142072,3.040679931640625,3.379730224609375,1.0
2-3-1,Run1,189162158727,3.035858154296875,3.34466552734375,1.0
2-3-1,Run1,189162175382,3.015380859375,3.3536529541015625,1.0
2-3-1,Run1,189162192036,2.84613037109375,3.3185577392578125,1.0
2-3-1,Run1,189162208692,2.7549285888671875,3.3010657174246654,1.0
2-3-1,Run1,189162225347,2.663584899902344,3.283573695591518,0.0
2-3-1,Run1,189162242001,2.5722412109375,3.2660816737583707,0.0
2-3-1,Run1,189162258656,2.4808975219726563,3.248589651925223,0.0
2-3-1,Run1,189162275311,2.3895538330078123,3.231097630092076,0.0
2-3-1,Run1,189162291966,2.2982101440429688,3.2136056082589284,0.0
2-3-1,Run1,189162308620,2.206866455078125,3.1961135864257812,0.0
2-3-1,Run1,189162325275,2.115522766113281,3.178621564592634,0.0
2-3-1,Run1,189162341930,2.0241790771484376,3.1611295427594865,0.0
2-3-1,Run1,189162358584,1.9328353881835936,3.1436375209263394,0.0
2-3-1,Run1,189162375240,1.84149169921875,3.126145499093192,1.0
2-3-1,Run1,189162391895,1.84149169921875,3.1086534772600447,1.0
2-3-1,Run1,189162408549,2.739349365234375,3.091161455426897,1.0
2-3-1,Run1,189162425204,2.902099609375,3.07366943359375,1.0
2-3-1,Run1,189162441859,2.957977294921875,3.126251220703125,1.0
2-3-1,Run1,189162458513,2.971542358398437,3.2263641357421875,1.0
2-3-1,Run1,189162475168,2.9749298095703125,3.276580810546875,1.0
2-3-1,Run1,189162491823,2.9730224609375,3.3048858642578125,1.0
2-3-1,Run1,189162508477,2.96771240234375,3.314208984375,1.0
2-3-1,Run1,189162525132,2.9763946533203125,3.3259735107421875,1.0
2-3-1,Run1,189162541788,2.984710693359375,3.347885131835937,1.0
2-3-1,Run1,189162558443,2.9790496826171875,3.3341522216796875,1.0
2-3-1,Run1,189162575097,2.9954986572265625,3.3403778076171875,1.0
2-3-1,Run1,189162591752,2.987701416015625,3.362518310546875,1.0
2-3-1,Run1,189162608407,2.9759063720703125,3.3767242431640625,1.0
2-3-1,Run1,189162625061,2.983642578125,3.3702545166015625,1.0
2-3-1,Run1,189162641716,3.0176239013671875,3.385955810546875,1.0
2-3-1,Run1,189162658371,3.0483856201171875,3.4082489013671875,1.0
2-3-1,Run1,189162675025,3.0418853759765625,3.368560791015625,1.0
2-3-1,Run1,189162691681,3.07366943359375,3.4019317626953125,1.0
2-3-1,Run1,189162708336,3.066009521484375,3.4578094482421875,1.0
2-3-1,Run1,189162724990,3.035675048828125,3.45306396484375,1.0
2-3-1,Run1,189162741645,3.0691680908203125,3.447479248046875,1.0
2-3-1,Run1,189162758300,3.1024627685546875,3.4414825439453125,1.0
2-3-1,Run1,189162774954,3.08392333984375,3.445404052734375,1.0
2-3-1,Run1,189162791609,3.085418701171875,3.419097900390625,1.0
2-3-1,Run1,189162808264,3.080429077148437,3.3954315185546875,1.0
2-3-1,Run1,189162824919,3.035003662109375,3.4170074462890625,1.0
2-3-1,Run1,189162841573,3.0363311767578125,3.416610717773437,1.0
2-3-1,Run1,189162858229,3.0854949951171875,3.397186279296875,1.0
2-3-1,Run1,189162874884,3.067626953125,3.5155792236328125,1.0
2-3-1,Run1,189162891538,3.017486572265625,3.513427734375,1.0
2-3-1,Run1,189162908193,3.040023803710937,3.4059295654296875,1.0
2-3-1,Run1,189162924848,3.036956787109375,3.393951416015625,1.0
2-3-1,Run1,189162941502,3.008544921875,3.368896484375,1.0
2-3-1,Run1,189162958157,2.998870849609375,3.40728759765625,1.0
2-3-1,Run1,189162974812,3.011474609375,3.41021728515625,1.0
2-3-1,Run1,189162991466,3.028915405273437,3.379058837890625,1.0
2-3-1,Run1,189163008121,3.011093139648437,3.38348388671875,1.0
2-3-1,Run1,189163024777,3.014617919921875,3.374481201171875,1.0
2-3-1,Run1,189163041431,3.0257720947265625,3.3899383544921875,1.0
2-3-1,Run1,189163058086,3.0106658935546875,3.396728515625,1.0
2-3-1,Run1,189163074741,2.993408203125,3.3271026611328125,1.0
2-3-1,Run1,189163091396,2.9582061767578125,3.243026733398437,1.0
2-3-1,Run1,189163108050,3.151611328125,3.18471937913161,1.0
2-3-1,Run1,189163124705,3.010103498186384,3.1264120248647833,0.0
2-3-1,Run1,189163141360,2.868595668247768,3.068104670597956,0.0
2-3-1,Run1,189163158014,2.727087838309152,3.0097973163311296,0.0
2-3-1,Run1,189163174669,2.5855800083705356,2.9514899620643025,0.0
2-3-1,Run1,189163191325,2.4440721784319197,2.893182607797476,0.0
2-3-1,Run1,189163207979,2.302564348493304,2.8348752535306487,0.0
2-3-1,Run1,189163224634,2.1610565185546875,2.776567899263822,1.0
2-3-1,Run1,189163241289,2.1610565185546875,2.718260544996995,1.0
2-3-1,Run1,189163257943,2.5621719360351562,2.6599531907301683,0.0
2-3-1,Run1,189163274598,2.963287353515625,2.6016458364633412,1.0
2-3-1,Run1,189163291253,2.963287353515625,2.543338482196514,1.0
2-3-1,Run1,189163307907,2.7931671142578125,2.4850311279296875,1.0
2-3-1,Run1,189163324562,2.9511871337890625,2.8918914794921875,1.0
2-3-1,Run1,189163341217,2.9921417236328125,3.2998199462890625,1.0
2-3-1,Run1,189163357873,2.9806671142578125,3.3361053466796875,1.0
2-3-1,Run1,189163374527,2.9941558837890625,3.374496459960937,1.0
2-3-1,Run1,189163391182,3.0465545654296875,3.3214111328125,1.0
2-3-1,Run1,189163407837,3.0598297119140625,3.3352813720703125,1.0
2-3-1,Run1,189163424491,3.039535522460937,3.37091064453125,1.0
2-3-1,Run1,189163441146,3.031280517578125,3.3898162841796875,1.0
2-3-1,Run1,189163457801,3.0249786376953125,3.4192352294921875,1.0
2-3-1,Run1,189163474455,3.016937255859375,3.4324493408203125,1.0
2-3-1,Run1,189163491110,3.0372314453125,3.43707275390625,1.0
2-3-1,Run1,189163507765,3.246368408203125,3.4188995361328125,1.0
2-3-1,Run1,189163524420,3.229156494140625,3.402740478515625,1.0
2-3-1,Run1,189163541075,3.0597381591796875,3.4227447509765625,1.0
2-3-1,Run1,189163557730,3.06781005859375,3.4277801513671875,1.0
2-3-1,Run1,189163574384,3.2465362548828125,3.4138336181640625,1.0
2-3-1,Run1,189163591039,3.29925537109375,3.3838043212890625,1.0
2-3-1,Run1,189163607694,3.29925537109375,3.404266357421875,1.0
2-3-1,Run1,189163624349,3.26055908203125,3.419464111328125,1.0
2-3-1,Run1,189163641003,3.22186279296875,3.39385986328125,1.0
2-3-1,Run1,189163657658,3.18316650390625,3.342269897460937,1.0
2-3-1,Run1,189163674313,3.14447021484375,3.3067343575613837,0.0
2-3-1,Run1,189163690968,3.10577392578125,3.27119881766183,0.0
2-3-1,Run1,189163707623,3.06707763671875,3.2356632777622765,0.0
2-3-1,Run1,189163724278,3.02838134765625,3.200127737862723,0.0
2-3-1,Run1,189163740932,2.98968505859375,3.1645921979631693,0.0
2-3-1,Run1,189163757587,2.95098876953125,3.129056658063616,0.0
2-3-1,Run1,189163774242,2.91229248046875,3.093521118164062,0.0
2-3-1,Run1,189163790896,2.87359619140625,3.0579855782645087,0.0
2-3-1,Run1,189163807551,2.83489990234375,3.0224500383649553,0.0
2-3-1,Run1,189163824206,2.79620361328125,2.9869144984654015,0.0
2-3-1,Run1,189163840860,2.75750732421875,2.951378958565848,0.0
2-3-1,Run1,189163871049,2.71881103515625,2.9158434186662943,0.0
2-3-1,Run1,189163887703,2.68011474609375,2.880307878766741,0.0
2-3-1,Run1,189163904358,2.64141845703125,2.8447723388671875,0.0
2-3-1,Run1,189163921013,2.60272216796875,2.8092367989676337,0.0
2-3-1,Run1,189163937667,2.56402587890625,2.7737012590680803,0.0
2-3-1,Run1,189163954322,2.52532958984375,2.738165719168527,0.0
2-3-1,Run1,189163989734,2.48663330078125,2.702630179268973,0.0
2-3-1,Run1,189164006389,2.44793701171875,2.6670946393694197,1.0
2-3-1,Run1,189164023044,2.44793701171875,2.6315590994698663,1.0
2-3-1,Run1,189164039699,2.941925048828125,2.5960235595703125,1.0
2-3-1,Run1,189164056354,2.9745635986328125,2.5960235595703125,1.0
2-3-1,Run1,189164073008,3.0147857666015625,3.1785888671875,1.0
2-3-1,Run1,189164089663,3.105453491210937,3.1785888671875,1.0
2-3-1,Run1,189164106318,3.1079559326171875,3.2725067138671875,1.0
2-3-1,Run1,189164122972,3.116119384765625,3.4141845703125,1.0
2-3-1,Run1,189164139627,3.1424713134765625,3.43341064453125,1.0
2-3-1,Run1,189164156282,3.1670379638671875,3.497314453125,1.0
2-3-1,Run1,189164172936,3.1726531982421875,3.531341552734375,1.0
2-3-1,Run1,189164189592,3.158920288085937,3.497467041015625,1.0
2-3-1,Run1,189164206247,3.33599853515625,3.5189971923828125,1.0
2-3-1,Run1,189164222901,3.3371124267578125,3.515350341796875,1.0
2-3-1,Run1,189164239556,3.15924072265625,3.525741577148437,1.0
2-3-1,Run1,189164256211,3.1812286376953125,3.5406494140625,1.0
2-3-1,Run1,189164272866,3.193954467773437,3.55572509765625,1.0
2-3-1,Run1,189164289520,3.209808349609375,3.5354461669921875,1.0
2-3-1,Run1,189164306175,3.187255859375,3.5479736328125,1.0
2-3-1,Run1,189164322830,3.174530029296875,3.5321044921875,1.0
2-3-1,Run1,189164339484,3.1753387451171875,3.52349853515625,1.0
2-3-1,Run1,189164356140,3.1650543212890625,3.53900146484375,1.0
2-3-1,Run1,189164372795,3.1548004150390625,3.524398803710937,1.0
2-3-1,Run1,189164389449,3.167999267578125,3.509735107421875,1.0
2-3-1,Run1,189164406104,3.158294677734375,3.49383544921875,1.0
2-3-1,Run1,189164422759,3.113754272460937,3.470794677734375,1.0
2-3-1,Run1,189164439413,3.1003570556640625,3.476043701171875,1.0
2-3-1,Run1,189164456068,3.113632202148437,3.4966278076171875,1.0
2-3-1,Run1,189164472723,3.112274169921875,3.4928131103515625,1.0
2-3-1,Run1,189164489377,3.1027069091796875,3.4962615966796875,1.0
2-3-1,Run1,189164506033,3.0732879638671875,3.4788360595703125,1.0
2-3-1,Run1,189164522688,3.062835693359375,3.464096069335937,1.0
2-3-1,Run1,189164539343,3.0388946533203125,3.47186279296875,1.0
2-3-1,Run1,189164555997,3.027206420898437,3.4668731689453125,1.0
2-3-1,Run1,189164572652,3.0155029296875,3.44219970703125,1.0
2-3-1,Run1,189164589307,2.99871826171875,3.4380035400390625,1.0
2-3-1,Run1,189164605961,3.19537353515625,3.412261962890625,1.0
2-3-1,Run1,189164622616,3.1987762451171875,3.389739990234375,1.0
2-3-1,Run1,189164639271,2.969696044921875,3.3911895751953125,1.0
2-3-1,Run1,189164655925,2.95330810546875,3.39398193359375,1.0
2-3-1,Run1,189164672581,2.964385986328125,3.359466552734375,1.0
2-3-1,Run1,189164689236,2.9700927734375,3.371978759765625,1.0
2-3-1,Run1,189164705890,2.9567108154296875,3.358139038085937,1.0
2-3-1,Run1,189164722545,2.959823608398437,3.3466796875,1.0
2-3-1,Run1,189164739200,2.945281982421875,3.341293334960937,1.0
2-3-1,Run1,189164755854,2.959564208984375,3.3252716064453125,1.0
2-3-1,Run1,189164772509,2.9298553466796875,3.3289947509765625,1.0
2-3-1,Run1,189164789164,2.9114227294921875,3.318359375,1.0
2-3-1,Run1,189164805819,2.9475555419921875,3.3184967041015625,1.0
2-3-1,Run1,189164822473,2.929550170898437,3.344711303710937,1.0
2-3-1,Run1,189164839129,2.915802001953125,3.33258056640625,1.0
2-3-1,Run1,189164855784,2.936508178710937,3.327255249023437,1.0
2-3-1,Run1,189164872438,2.893280029296875,3.3393707275390625,1.0
2-3-1,Run1,189164889093,2.895004272460937,3.32086181640625,1.0
2-3-1,Run1,189164905748,2.9542388916015625,3.407440185546875,1.0
2-3-1,Run1,189164922402,2.79998779296875,3.327742258707682,1.0
2-3-1,Run1,189164939057,2.800147316672585,3.2480443318684897,0.0
2-3-1,Run1,189164955712,2.8003068403764204,3.168346405029297,0.0
2-3-1,Run1,189164972366,2.8004663640802554,3.088648478190104,0.0
2-3-1,Run1,189164989021,2.800625887784091,3.0089505513509116,0.0
2-3-1,Run1,189165005677,2.800785411487926,2.9292526245117188,0.0
2-3-1,Run1,189165022331,2.8009449351917612,2.8495546976725263,0.0
2-3-1,Run1,189165038986,2.8011044588955962,2.7698567708333335,0.0
2-3-1,Run1,189165055641,2.8012639825994317,2.6901588439941406,0.0
2-3-1,Run1,189165072296,2.8014235063032666,2.610460917154948,0.0
2-3-1,Run1,189165088950,2.801583030007102,2.5307629903157554,0.0
2-3-1,Run1,189165105605,2.801742553710937,2.4510650634765625,1.0
2-3-1,Run1,189165122260,2.932037353515625,2.4510650634765625,1.0
2-3-1,Run1,189165138914,2.975936889648437,3.119232177734375,1.0
2-3-1,Run1,189165155569,3.0102691650390625,3.2494049072265625,1.0
2-3-1,Run1,189165172225,3.009368896484375,3.324920654296875,1.0
2-3-1,Run1,189165188879,2.999664306640625,3.24346923828125,1.0
2-3-1,Run1,189165205534,3.018280029296875,3.31298828125,1.0
2-3-1,Run1,189165222189,3.020858764648437,3.3882293701171875,1.0
2-3-1,Run1,189165238843,3.0363922119140625,3.4160919189453125,1.0
2-3-1,Run1,189165255498,3.0413360595703125,3.40692138671875,1.0
2-3-1,Run1,189165272153,3.0382232666015625,3.426239013671875,1.0
2-3-1,Run1,189165288807,3.04681396484375,3.4452056884765625,1.0
2-3-1,Run1,189165305462,3.240234375,3.5769195556640625,1.0
2-3-1,Run1,189165322117,3.225082397460937,3.51214599609375,1.0
2-3-1,Run1,189165338773,3.0709686279296875,3.51214599609375,1.0
2-3-1,Run1,189165355427,3.092926025390625,3.479400634765625,1.0
2-3-1,Run1,189165372082,3.13250732421875,3.4466552734375,1.0
2-3-1,Run1,189165388737,3.1545562744140625,3.4912109375,1.0
2-3-1,Run1,189165405391,3.3305206298828125,3.476913452148437,1.0
2-3-1,Run1,189165422046,3.287811279296875,3.4879608154296875,1.0
2-3-1,Run1,189165438701,3.12579345703125,3.510101318359375,1.0
2-3-1,Run1,189165455355,3.1527862548828125,3.523712158203125,1.0
2-3-1,Run1,189165472010,3.1407012939453125,3.5051422119140625,1.0
2-3-1,Run1,189165488665,3.13751220703125,3.5025177001953125,1.0
2-3-1,Run1,189165505320,3.1744384765625,3.5230865478515625,1.0
2-3-1,Run1,189165521975,3.1687774658203125,3.509796142578125,1.0
2-3-1,Run1,189165538630,3.152984619140625,3.5102691650390625,1.0
2-3-1,Run1,189165555284,3.156967163085937,3.5373992919921875,1.0
2-3-1,Run1,189165571939,3.3493804931640625,3.536972045898437,1.0
2-3-1,Run1,189165588594,3.361328125,3.5116119384765625,1.0
2-3-1,Run1,189165605249,3.1535797119140625,3.510604858398437,1.0
2-3-1,Run1,189165621903,3.1331024169921875,3.4901275634765625,1.0
2-3-1,Run1,189165638558,3.130477905273437,3.4762420654296875,1.0
2-3-1,Run1,189165655213,3.141448974609375,3.4875640869140625,1.0
2-3-1,Run1,189165671868,3.1229705810546875,3.5838775634765625,1.0
2-3-1,Run1,189165688523,2.988861083984375,3.404444376627604,1.0
2-3-1,Run1,189165705178,3.023820495605469,3.2250111897786455,0.0
2-3-1,Run1,189165721832,3.0587799072265627,3.0455780029296875,0.0
2-3-1,Run1,189165738487,3.093739318847656,2.866144816080729,0.0
2-3-1,Run1,189165755142,3.12869873046875,2.6867116292317705,0.0
2-3-1,Run1,189165771796,3.1636581420898438,2.5072784423828125,0.0
2-3-1,Run1,189165788451,3.1986175537109376,2.327845255533854,0.0
2-3-1,Run1,189165805106,3.2335769653320314,2.1484120686848955,0.0
2-3-1,Run1,189165821760,3.268536376953125,1.9689788818359373,1.0
2-3-1,Run1,189165838416,3.3034957885742187,1.9689788818359373,1.0
2-3-1,Run1,189165855071,3.3384552001953125,2.5672378540039062,1.0
2-3-1,Run1,189165871726,3.064544677734375,3.165496826171875,1.0
2-3-1,Run1,189165888380,3.057479858398437,3.165496826171875,1.0
2-3-1,Run1,189165905035,3.06903076171875,3.24371337890625,1.0
2-3-1,Run1,189165921690,3.064208984375,3.295883178710937,1.0
2-3-1,Run1,189165938344,3.079681396484375,3.30291748046875,1.0
2-3-1,Run1,189165954999,3.08148193359375,3.374542236328125,1.0
2-3-1,Run1,189165971654,3.0924530029296875,3.410491943359375,1.0
2-3-1,Run1,189165988309,3.0963592529296875,3.365951538085937,1.0
2-3-1,Run1,189166004964,3.093109130859375,3.406112670898437,1.0
2-3-1,Run1,189166021619,3.111175537109375,3.469085693359375,1.0
2-3-1,Run1,189166038273,3.10723876953125,3.4683990478515625,1.0
2-3-1,Run1,189166054928,3.079345703125,3.464813232421875,1.0
2-3-1,Run1,189166071583,3.095932006835937,3.6160736083984375,1.0
2-3-1,Run1,189166088237,3.111724853515625,3.5450439453125,1.0
2-3-1,Run1,189166104892,3.104888916015625,3.455352783203125,1.0
2-3-1,Run1,189166121547,3.08221435546875,3.463226318359375,1.0
2-3-1,Run1,189166138202,3.065460205078125,3.443572998046875,1.0
2-3-1,Run1,189166154857,3.0813446044921875,3.4338531494140625,1.0
2-3-1,Run1,189166171512,3.092315673828125,3.4281768798828125,1.0
2-3-1,Run1,189166188167,3.1249237060546875,3.443267822265625,1.0
2-3-1,Run1,189166204821,3.11492919921875,3.468978881835937,1.0
2-3-1,Run1,189166221476,3.070419311523437,3.45928955078125,1.0
2-3-1,Run1,189166238131,3.05609130859375,3.4251708984375,1.0
2-3-1,Run1,189166254785,3.062774658203125,3.4406280517578125,1.0
2-3-1,Run1,189166271440,3.0398406982421875,3.6106109619140634,1.0
2-3-1,Run1,189166288095,3.042831420898437,3.49072265625,1.0
2-3-1,Run1,189166304749,3.041000366210937,3.3815460205078125,1.0
2-3-1,Run1,189166321405,3.029891967773437,3.3740997314453125,1.0
2-3-1,Run1,189166338060,3.016571044921875,3.35589599609375,1.0
2-3-1,Run1,189166354714,2.9823150634765625,3.3506622314453125,1.0
2-3-1,Run1,189166371369,2.9775390625,3.3530426025390625,1.0
2-3-1,Run1,189166388024,2.9811248779296875,3.3778228759765625,1.0
2-3-1,Run1,189166404679,2.95880126953125,3.388427734375,1.0
2-3-1,Run1,189166421333,3.0134735107421875,3.358642578125,1.0
2-3-1,Run1,189166437988,3.008392333984375,3.326019287109375,1.0
2-3-1,Run1,189166454643,2.9596710205078125,3.3368377685546875,1.0
2-3-1,Run1,189166471297,2.948089599609375,3.344390869140625,1.0
2-3-1,Run1,189166487953,2.951995849609375,3.3346405029296875,1.0
2-3-1,Run1,189166504608,2.936370849609375,3.3418426513671875,1.0
2-3-1,Run1,189166521262,2.94854736328125,3.345550537109375,1.0
2-3-1,Run1,189166537917,2.9583282470703125,3.3340301513671875,1.0
2-3-1,Run1,189166554572,2.9592437744140625,3.352264404296875,1.0
2-3-1,Run1,189166571226,2.9619903564453125,3.339630126953125,1.0
2-3-1,Run1,189166587881,2.9487762451171875,3.32415771484375,1.0
2-3-1,Run1,189166604536,2.94580078125,3.335052490234375,1.0
2-3-1,Run1,189166621190,2.9615478515625,3.339111328125,1.0
2-3-1,Run1,189166637845,2.983245849609375,3.3428955078125,1.0
2-3-1,Run1,189166654501,2.988037109375,3.3249969482421875,1.0
2-3-1,Run1,189166671156,2.98760986328125,3.3348846435546875,1.0
2-3-1,Run1,189166687810,2.9515533447265625,3.337005615234375,1.0
2-3-1,Run1,189166704465,2.9391021728515625,3.2349853515625,1.0
2-3-1,Run1,189166721120,2.828353881835937,3.147567749023437,1.0
2-3-1,Run1,189166737774,2.748950534396701,3.133038330078125,0.0
2-3-1,Run1,189166754429,2.6695471869574647,3.118508911132812,0.0
2-3-1,Run1,189166771084,2.590143839518229,3.1039794921874995,0.0
2-3-1,Run1,189166787738,2.510740492078993,3.0894500732421872,0.0
2-3-1,Run1,189166804393,2.4313371446397567,3.074920654296875,0.0
2-3-1,Run1,189166821049,2.3519337972005205,3.0603912353515623,0.0
2-3-1,Run1,189166837703,2.272530449761285,3.0458618164062496,0.0
2-3-1,Run1,189166854358,2.1931271023220487,3.0313323974609374,0.0
2-3-1,Run1,189166871013,2.1137237548828125,3.016802978515625,1.0
2-3-1,Run1,189166887667,2.1137237548828125,3.0022735595703125,1.0
2-3-1,Run1,189166904322,2.9114532470703125,3.12481689453125,1.0
2-3-1,Run1,189166920977,2.9930572509765625,3.2478790283203125,1.0
2-3-1,Run1,189166937632,3.0076141357421875,3.279876708984375,1.0
2-3-1,Run1,189166954286,3.028350830078125,3.365463256835937,1.0
2-3-1,Run1,189166970941,3.0532989501953125,3.410400390625,1.0
2-3-1,Run1,189166987597,3.05743408203125,3.3855133056640625,1.0
2-3-1,Run1,189167004251,3.055755615234375,3.3953857421875,1.0
2-3-1,Run1,189167020906,3.0552520751953125,3.38580322265625,1.0
2-3-1,Run1,189167037561,3.050537109375,3.3714752197265625,1.0
2-3-1,Run1,189167054215,3.0687408447265625,3.3815460205078125,1.0
2-3-1,Run1,189167070870,3.217864990234375,3.531234741210937,1.0
2-3-1,Run1,189167087525,3.2486114501953125,3.514556884765625,1.0
2-3-1,Run1,189167104179,3.051132202148437,3.4104156494140625,1.0
2-3-1,Run1,189167120834,3.0820770263671875,3.417388916015625,1.0
2-3-1,Run1,189167137489,3.3352203369140625,3.4065399169921875,1.0
2-3-1,Run1,189167154144,3.2216033935546875,3.4349365234375,1.0
2-3-1,Run1,189167170799,3.0484771728515625,3.44000244140625,1.0
2-3-1,Run1,189167187454,3.065292358398437,3.404541015625,1.0
2-3-1,Run1,189167204109,3.033447265625,3.40460205078125,1.0
2-3-1,Run1,189167220763,3.039901733398437,3.4174957275390625,1.0
2-3-1,Run1,189167237418,3.041122436523437,3.3973541259765625,1.0
2-3-1,Run1,189167254073,2.98602294921875,3.3807830810546875,1.0
2-3-1,Run1,189167270727,2.9823455810546875,3.369140625,1.0
2-3-1,Run1,189167287382,3.007904052734375,3.3777618408203125,1.0
2-3-1,Run1,189167304037,2.9837646484375,3.3604278564453125,1.0
2-3-1,Run1,189167320692,2.9722137451171875,3.363006591796875,1.0
2-3-1,Run1,189167337347,2.9517974853515625,3.5300445556640625,1.0
2-3-1,Run1,189167354002,2.9505615234375,3.5247039794921875,1.0
2-3-1,Run1,189167370656,2.93267822265625,3.3759765625,1.0
2-3-1,Run1,189167387311,2.9271240234375,3.346099853515625,1.0
2-3-1,Run1,189167403966,2.9193878173828125,3.330535888671875,1.0
2-3-1,Run1,189167420620,2.920135498046875,3.335479736328125,1.0
2-3-1,Run1,189167437275,2.9462127685546875,3.3353424072265625,1.0
2-3-1,Run1,189167453930,2.954452514648437,3.3270721435546875,1.0
2-3-1,Run1,189167470585,2.9818267822265625,3.327178955078125,1.0
2-3-1,Run1,189167487240,2.9768829345703125,3.360076904296875,1.0
2-3-1,Run1,189167503895,2.965560913085937,3.52069091796875,1.0
2-3-1,Run1,189167520550,2.95562744140625,3.4687957763671875,1.0
2-3-1,Run1,189167537204,2.9532470703125,3.3473052978515625,1.0
2-3-1,Run1,189167553859,2.965911865234375,3.35943603515625,1.0
2-3-1,Run1,189167570514,3.1786346435546875,3.3802490234375,1.0
2-3-1,Run1,189167587168,3.24359130859375,3.368316650390625,1.0
2-3-1,Run1,189167603823,3.0004119873046875,3.350311279296875,1.0
2-3-1,Run1,189167620478,2.9924774169921875,3.3575897216796875,1.0
2-3-1,Run1,189167637133,3.001449584960937,3.3590545654296875,1.0
2-3-1,Run1,189167653788,2.990203857421875,3.3582000732421875,1.0
2-3-1,Run1,189167670443,2.985824584960937,3.3553009033203125,1.0
2-3-1,Run1,189167687097,2.9815673828125,3.340728759765625,1.0
2-3-1,Run1,189167703752,3.0054473876953125,3.375640869140625,1.0
2-3-1,Run1,189167720407,3.02783203125,3.41827392578125,1.0
2-3-1,Run1,189167737062,3.0416259765625,3.42669677734375,1.0
2-3-1,Run1,189167753716,3.067413330078125,3.4152374267578125,1.0
2-3-1,Run1,189167770371,3.0879364013671875,3.43853759765625,1.0
2-3-1,Run1,189167787026,3.063751220703125,3.4475555419921875,1.0
2-3-1,Run1,189167803681,3.046173095703125,3.56048583984375,1.0
2-3-1,Run1,189167820336,3.089691162109375,3.4709625244140625,1.0
2-3-1,Run1,189167836991,3.338485717773437,3.419540405273437,1.0
2-3-1,Run1,189167853646,3.2475738525390625,3.457916259765625,1.0
2-3-1,Run1,189167870301,3.0591278076171875,3.449493408203125,1.0
2-3-1,Run1,189167886956,3.0763702392578125,3.448028564453125,1.0
2-3-1,Run1,189167903610,3.083099365234375,3.468109130859375,1.0
2-3-1,Run1,189167920265,3.1090240478515625,3.4733123779296875,1.0
2-3-1,Run1,189167936920,3.116455078125,3.46044921875,1.0
2-3-1,Run1,189167953574,3.0883941650390625,3.47845458984375,1.0
2-3-1,Run1,189167970229,3.088485717773437,3.486907958984375,1.0
2-3-1,Run1,189167986884,3.108871459960937,3.489364624023437,1.0
2-3-1,Run1,189168003540,3.1230926513671875,3.524444580078125,1.0
2-3-1,Run1,189168020194,3.095077514648437,3.510894775390625,1.0
2-3-1,Run1,189168036849,3.1091461181640625,3.506332397460937,1.0
2-3-1,Run1,189168053504,3.139739990234375,3.524871826171875,1.0
2-3-1,Run1,189168070158,3.1546173095703125,3.528305053710937,1.0
2-3-1,Run1,189168086813,3.048492431640625,3.5260009765625,1.0
2-3-1,Run1,189168103468,3.133773803710937,3.573516845703125,1.0
2-3-1,Run1,189168120122,3.133773803710937,3.530792236328125,1.0
2-3-1,Run1,189168136778,3.232879638671875,3.534576416015625,1.0
2-3-1,Run1,189168153433,3.3319854736328125,3.587753295898437,1.0
2-3-1,Run1,189168170087,3.214752197265625,3.590576171875,1.0
2-3-1,Run1,189168186742,3.212371826171875,3.5839385986328125,1.0
2-3-1,Run1,189168203397,3.195907592773437,3.589813232421875,1.0
2-3-1,Run1,189168220051,3.2041778564453125,3.58447265625,1.0
2-3-1,Run1,189168236706,3.230682373046875,3.5947265625,1.0
2-3-1,Run1,189168253361,3.21905517578125,3.581878662109375,1.0
2-3-1,Run1,189168270016,3.216339111328125,3.5684967041015625,1.0
2-3-1,Run1,189168286670,3.1376495361328125,3.54559326171875,1.0
2-3-1,Run1,189168303326,3.2405242919921875,3.52532958984375,1.0
2-3-1,Run1,189168319981,3.3433990478515625,3.5743865966796875,1.0
2-3-1,Run1,189168336635,3.204071044921875,3.6678466796875,1.0
2-3-1,Run1,189168353290,3.2261962890625,3.70770263671875,1.0
2-3-1,Run1,189168369945,3.2113800048828125,3.5813140869140625,1.0
2-3-1,Run1,189168386599,3.205322265625,3.58978271484375,1.0
2-3-1,Run1,189168403254,3.202133178710937,3.590789794921875,1.0
2-3-1,Run1,189168419909,3.2001190185546875,3.5536651611328125,1.0
2-3-1,Run1,189168436563,3.18487548828125,3.52667236328125,1.0
2-3-1,Run1,189168453218,3.180282592773437,3.5462188720703125,1.0
2-3-1,Run1,189168469874,3.162704467773437,3.689849853515625,1.0
2-3-1,Run1,189168486528,3.1341552734375,3.690231323242188,1.0
2-3-1,Run1,189168503183,3.1221160888671875,3.690231323242188,1.0
2-3-1,Run1,189168519838,3.1014862060546875,3.63983154296875,1.0
2-3-1,Run1,189168536493,3.2713165283203125,3.63983154296875,1.0
2-3-1,Run1,189168553147,3.1796787806919644,3.5581258138020835,0.0
2-3-1,Run1,189168569802,3.088041033063616,3.4764200846354165,0.0
2-3-1,Run1,189168586457,2.996403285435268,3.39471435546875,0.0
2-3-1,Run1,189168603111,2.9047655378069197,3.3130086263020835,0.0
2-3-1,Run1,189168619766,2.8131277901785716,3.2313028971354165,0.0
2-3-1,Run1,189168636422,2.721490042550223,3.14959716796875,0.0
2-3-1,Run1,189168653076,2.629852294921875,3.067891438802083,1.0
2-3-1,Run1,189168669731,2.3845672607421875,2.9861857096354165,1.0
2-3-1,Run1,189168686386,2.2096405029296875,2.90447998046875,1.0
2-3-1,Run1,189168703040,2.910400390625,3.11065673828125,1.0
2-3-1,Run1,189168719695,3.004302978515625,3.406585693359375,1.0
2-3-1,Run1,189168736350,3.0039825439453125,3.4453887939453125,1.0
2-3-1,Run1,189168753004,3.044921875,3.4067840576171875,1.0
2-3-1,Run1,189168769659,3.07403564453125,3.421417236328125,1.0
2-3-1,Run1,189168786314,3.0614471435546875,3.392196655273437,1.0
2-3-1,Run1,189168802970,3.0447235107421875,3.426177978515625,1.0
2-3-1,Run1,189168819624,3.054916381835937,3.464096069335937,1.0
2-3-1,Run1,189168836279,3.04937744140625,3.45806884765625,1.0
2-3-1,Run1,189168852935,3.0865478515625,3.4187774658203125,1.0
2-3-1,Run1,189168869589,3.1048583984375,3.441131591796875,1.0
2-3-1,Run1,189168886244,3.099212646484375,3.4708404541015625,1.0
2-3-1,Run1,189168902899,3.10748291015625,3.479339599609375,1.0
2-3-1,Run1,189168919553,3.154815673828125,3.4737548828125,1.0
2-3-1,Run1,189168936208,3.1798553466796875,3.5677642822265625,1.0
2-3-1,Run1,189168952863,3.163055419921875,3.65972900390625,1.0
2-3-1,Run1,189168969517,3.174774169921875,3.53753662109375,1.0
2-3-1,Run1,189168986173,3.1845703125,3.5404815673828125,1.0
2-3-1,Run1,189169002828,3.1996002197265625,3.558502197265625,1.0
2-3-1,Run1,189169019482,3.1798553466796875,3.5622100830078125,1.0
2-3-1,Run1,189169036137,3.195709228515625,3.5633697509765625,1.0
2-3-1,Run1,189169052792,3.2269287109375,3.57293701171875,1.0
2-3-1,Run1,189169069447,3.2495269775390625,3.70953369140625,1.0
2-3-1,Run1,189169086101,3.2418212890625,3.68829345703125,1.0
2-3-1,Run1,189169102756,3.423065185546875,3.5887451171875,1.0
2-3-1,Run1,189169119411,3.4298095703125,3.6172943115234375,1.0
2-3-1,Run1,189169136065,3.267333984375,3.652053833007813,1.0
2-3-1,Run1,189169152721,3.27880859375,3.6439208984375,1.0
2-3-1,Run1,189169169376,3.262847900390625,3.632034301757813,1.0
2-3-1,Run1,189169186030,3.235214233398437,3.6252288818359375,1.0
2-3-1,Run1,189169202685,3.245223999023437,3.730392456054688,1.0
2-3-1,Run1,189169219340,3.2653350830078125,3.757659912109375,1.0
2-3-1,Run1,189169235994,3.2755889892578125,3.651565551757813,1.0
2-3-1,Run1,189169252649,3.27032470703125,3.63427734375,1.0
2-3-1,Run1,189169269304,3.2656402587890625,3.6228179931640634,1.0
2-3-1,Run1,189169285958,3.252426147460937,3.622222900390625,1.0
2-3-1,Run1,189169302613,3.249542236328125,3.646438598632813,1.0
2-3-1,Run1,189169319269,3.2657928466796875,3.6437835693359375,1.0
2-3-1,Run1,189169335924,3.24993896484375,3.650848388671875,1.0
2-3-1,Run1,189169352578,3.24658203125,3.678253173828125,1.0
2-3-1,Run1,189169369233,3.236785888671875,3.636566162109375,1.0
2-3-1,Run1,189169385888,3.2261199951171875,3.623001098632813,1.0
2-3-1,Run1,189169402542,3.2057037353515625,3.6173095703125,1.0
2-3-1,Run1,189169419197,3.17742919921875,3.685791015625,1.0
2-3-1,Run1,189169435852,3.163970947265625,3.6024322509765625,1.0
2-3-1,Run1,189169452507,3.12518310546875,3.39715576171875,1.0
2-3-1,Run1,189169469162,3.266754150390625,3.345049344576322,1.0
2-3-1,Run1,189169485817,3.2155253092447915,3.292942927433894,0.0
2-3-1,Run1,189169502471,3.1642964680989585,3.2408365102914662,0.0
2-3-1,Run1,189169519126,3.113067626953125,3.1887300931490383,0.0
2-3-1,Run1,189169535781,3.0618387858072915,3.1366236760066104,0.0
2-3-1,Run1,189169552435,3.0106099446614585,3.0845172588641825,0.0
2-3-1,Run1,189169569090,2.959381103515625,3.032410841721755,0.0
2-3-1,Run1,189169585745,2.9081522623697915,2.980304424579327,0.0
2-3-1,Run1,189169602400,2.8569234212239585,2.928198007436899,0.0
2-3-1,Run1,189169619055,2.805694580078125,2.8760915902944713,0.0
2-3-1,Run1,189169635710,2.7544657389322915,2.8239851731520433,0.0
2-3-1,Run1,189169652365,2.703236897786458,2.7718787560096154,0.0
2-3-1,Run1,189169669019,2.652008056640625,2.7197723388671875,1.0
2-3-1,Run1,189169685674,2.921722412109375,3.140975952148437,1.0
2-3-1,Run1,189169702329,3.065673828125,3.725051879882813,1.0
2-3-1,Run1,189169718983,3.1082763671875,3.857223510742188,1.0
2-3-1,Run1,189169735638,3.1959381103515625,3.857223510742188,1.0
2-3-1,Run1,189169752293,3.1919403076171875,3.830535888671875,1.0
2-3-1,Run1,189169768947,3.1979522705078125,3.6219635009765625,1.0
2-3-1,Run1,189169785603,3.218612670898437,3.6170654296875,1.0
2-3-1,Run1,189169802258,3.417877197265625,3.6673431396484375,1.0
2-3-1,Run1,189169818912,3.35845947265625,3.649368286132813,1.0
2-3-1,Run1,189169835567,3.226104736328125,3.65643310546875,1.0
2-3-1,Run1,189169852223,3.23663330078125,3.673187255859375,1.0
2-3-1,Run1,189169868878,3.2441864013671875,3.6866455078125,1.0
2-3-1,Run1,189169885532,3.248779296875,3.6668853759765625,1.0
2-3-1,Run1,189169902187,3.3963165283203125,3.761199951171875,1.0
2-3-1,Run1,189169918842,3.4184112548828125,3.744918823242188,1.0
2-3-1,Run1,189169935496,3.282958984375,3.711395263671875,1.0
2-3-1,Run1,189169952151,3.2857666015625,3.7437896728515625,1.0
2-3-1,Run1,189169968806,3.272430419921875,3.722091674804688,1.0
2-3-1,Run1,189169985461,3.2616119384765625,3.695846557617188,1.0
2-3-1,Run1,189170002116,3.3999176025390625,3.7630462646484375,1.0
2-3-1,Run1,189170018771,3.343002319335937,3.3478546142578125,1.0
2-3-1,Run1,189170035425,3.343002319335937,3.3478546142578125,1.0
2-3-1,Run1,189170052080,3.2765426635742188,3.5109176635742188,0.0
2-3-1,Run1,189170068735,3.2100830078125,3.673980712890625,1.0
2-3-1,Run1,189170085389,3.2597808837890625,3.730392456054688,1.0
2-3-1,Run1,189170102044,3.3350982666015625,3.7235260009765625,1.0
2-3-1,Run1,189170118699,3.382049560546875,3.710006713867188,1.0
2-3-1,Run1,189170135354,3.2520904541015625,3.79449462890625,1.0
2-3-1,Run1,189170152009,3.2235260009765625,3.7901763916015625,1.0
2-3-1,Run1,189170168664,3.207183837890625,3.6949310302734375,1.0
2-3-1,Run1,189170185319,3.2057037353515625,3.988815307617188,1.0
2-3-1,Run1,189170201973,3.310638427734375,4.649017333984375,1.0
2-3-1,Run1,189170218628,3.28466796875,3.668411254882813,1.0
2-3-1,Run1,189170235283,3.0783233642578125,3.668411254882813,1.0
2-3-1,Run1,189170251937,2.7426910400390625,3.6463577270507814,1.0
2-3-1,Run1,189170268592,2.904735565185547,3.6243041992187504,0.0
2-3-1,Run1,189170285247,3.0667800903320312,3.6022506713867193,0.0
2-3-1,Run1,189170301901,3.2288246154785156,3.5801971435546878,0.0
2-3-1,Run1,189170318557,3.390869140625,3.5581436157226562,1.0
2-3-1,Run1,189170335212,3.390869140625,3.536090087890625,1.0
2-3-1,Run1,189170351866,3.1605987548828125,3.514036560058594,1.0
2-3-1,Run1,189170368521,2.979339599609375,3.4919830322265626,1.0
2-3-1,Run1,189170385176,3.0184326171875,3.469929504394531,1.0
2-3-1,Run1,189170401831,3.0594635009765625,3.4478759765625,1.0
2-3-1,Run1,189170418485,3.051300048828125,3.5506134033203125,1.0
2-3-1,Run1,189170435140,3.07135009765625,3.7430419921875,1.0
2-3-1,Run1,189170451795,3.081207275390625,3.72344970703125,1.0
2-3-1,Run1,189170468449,3.0775146484375,3.72344970703125,1.0
2-3-1,Run1,189170485105,3.068634033203125,3.61328125,1.0
2-3-1,Run1,189170501760,3.0368194580078125,3.50311279296875,1.0
2-3-1,Run1,189170518414,3.0352325439453125,3.5429840087890625,1.0
2-3-1,Run1,189170535069,3.2062225341796875,3.5101776123046875,1.0
2-3-1,Run1,189170551724,3.08447265625,3.497299194335937,1.0
2-3-1,Run1,189170568378,2.98809814453125,3.40545654296875,1.0
2-3-1,Run1,189170585033,2.9380035400390625,3.318939208984375,1.0
2-3-1,Run1,189170601688,2.953945583767361,3.3198293621620434,0.0
2-3-1,Run1,189170618343,2.96988762749566,3.320719515339712,0.0
2-3-1,Run1,189170634998,2.985829671223958,3.3216096685173806,0.0
2-3-1,Run1,189170651653,3.0017717149522567,3.322499821695049,0.0
2-3-1,Run1,189170668308,3.0177137586805554,3.323389974872718,0.0
2-3-1,Run1,189170684962,3.033655802408854,3.324280128050386,0.0
2-3-1,Run1,189170701617,3.0495978461371527,3.3251702812280546,0.0
2-3-1,Run1,189170718272,3.0655398898654513,3.3260604344057234,0.0
2-3-1,Run1,189170734926,3.08148193359375,3.326950587583392,0.0
2-3-1,Run1,189170751581,3.097423977322048,3.32784074076106,0.0
2-3-1,Run1,189170783093,3.113366021050347,3.328730893938729,0.0
2-3-1,Run1,189170799748,3.1293080647786455,3.3296210471163974,0.0
2-3-1,Run1,189170816403,3.145250108506944,3.330511200294066,0.0
2-3-1,Run1,189170833057,3.161192152235243,3.3314013534717346,0.0
2-3-1,Run1,189170849713,3.1771341959635415,3.332291506649403,0.0
2-3-1,Run1,189170866368,3.1930762396918397,3.333181659827072,0.0
2-3-1,Run1,189170899788,3.2090182834201384,3.33407181300474,0.0
2-3-1,Run1,189170916443,3.224960327148437,3.3349619661824086,1.0
2-3-1,Run1,189170933097,3.1071929931640625,3.3358521193600774,1.0
2-3-1,Run1,189170949752,3.046127319335937,3.336742272537746,1.0
2-3-1,Run1,189170966408,3.014877319335937,3.337632425715414,1.0
2-3-1,Run1,189170983062,3.014877319335937,3.338522578893083,1.0
2-3-1,Run1,189170999717,3.143524169921875,3.3394127320707514,0.0
2-3-1,Run1,189171016372,3.2721710205078125,3.34030288524842,1.0
2-3-1,Run1,189171033026,3.1336822509765625,3.3411930384260886,1.0
2-3-1,Run1,189171049681,3.152191162109375,3.342083191603757,1.0
2-3-1,Run1,189171066336,3.314666748046875,3.3429733447814254,1.0
2-3-1,Run1,189171082991,3.2892303466796875,3.343863497959094,1.0
2-3-1,Run1,189171099645,3.105575561523437,3.3447536511367626,1.0
2-3-1,Run1,189171116300,3.00543212890625,3.345643804314431,1.0
2-3-1,Run1,189171132956,3.00592041015625,3.3465339574921,0.0
2-3-1,Run1,189171149610,3.00640869140625,3.347424110669768,0.0
2-3-1,Run1,189171166265,3.00689697265625,3.3483142638474366,1.0
2-3-1,Run1,189171182920,3.095809936523437,3.3492044170251054,1.0
2-3-1,Run1,189171199574,3.09088134765625,3.350094570202774,1.0
2-3-1,Run1,189171216229,3.08599853515625,3.3509847233804426,1.0
2-3-1,Run1,189171232884,3.24261474609375,3.351874876558111,1.0
2-3-1,Run1,189171249538,3.232635498046875,3.3527650297357794,1.0
2-3-1,Run1,189171266193,3.069808959960937,3.353655182913448,1.0
2-3-1,Run1,189171282848,3.0701904296875,3.3545453360911166,1.0
2-3-1,Run1,189171299503,3.025375366210937,3.355435489268785,1.0
2-3-1,Run1,189171316158,2.992904663085937,3.356325642446454,1.0
2-3-1,Run1,189171332813,2.9813385009765625,3.357215795624122,1.0
2-3-1,Run1,189171349468,2.990234375,3.3581059488017906,1.0
2-3-1,Run1,189171366122,3.000350952148437,3.3589961019794594,1.0
2-3-1,Run1,189171382777,3.028350830078125,3.359886255157128,1.0
2-3-1,Run1,189171399432,3.0185699462890625,3.360776408334796,1.0
2-3-1,Run1,189171416086,3.006454467773437,3.361666561512465,1.0
2-3-1,Run1,189171432741,2.9962615966796875,3.3625567146901334,1.0
2-3-1,Run1,189171449396,2.958770751953125,3.363446867867802,1.0
2-3-1,Run1,189171466051,3.099029541015625,3.3643370210454706,1.0
2-3-1,Run1,189171482706,3.127655029296875,3.365227174223139,1.0
2-3-1,Run1,189171499361,2.9261016845703125,3.3661173274008074,1.0
2-3-1,Run1,189171516015,2.97357177734375,3.367007480578476,1.0
2-3-1,Run1,189171532670,3.26788330078125,3.3678976337561446,1.0
2-3-1,Run1,189171549325,3.169036865234375,3.3687877869338134,1.0
2-3-1,Run1,189171565979,2.9830322265625,3.369677940111482,1.0
2-3-1,Run1,189171582634,2.99114990234375,3.37056809328915,1.0
2-3-1,Run1,189171599289,2.956649780273437,3.371458246466819,1.0
2-3-1,Run1,189171615944,2.97222900390625,3.3723483996444874,1.0
2-3-1,Run1,189171632599,2.979156494140625,3.373238552822156,1.0
2-3-1,Run1,189171649254,2.9779510498046875,3.3741287059998246,1.0
2-3-1,Run1,189171665909,2.9781646728515625,3.375018859177493,1.0
2-3-1,Run1,189171682563,2.971893310546875,3.3759090123551614,1.0
2-3-1,Run1,189171699218,3.20550537109375,3.37679916553283,1.0
2-3-1,Run1,189171715873,3.146209716796875,3.3776893187104986,1.0
2-3-1,Run1,189171732527,2.9689483642578125,3.378579471888167,1.0
2-3-1,Run1,189171749182,2.975082397460937,3.379469625065836,1.0
2-3-1,Run1,189171765837,2.966766357421875,3.380359778243504,1.0
2-3-1,Run1,189171782491,2.9958648681640625,3.3812499314211726,1.0
2-3-1,Run1,189171799147,2.992340087890625,3.3821400845988414,1.0
2-3-1,Run1,189171815802,2.9910430908203125,3.38303023777651,1.0
2-3-1,Run1,189171832456,3.242416381835937,3.383920390954178,1.0
2-3-1,Run1,189171849112,3.164413452148437,3.384810544131847,1.0
2-3-1,Run1,189171865767,2.98297119140625,3.3857006973095154,1.0
2-3-1,Run1,189171882422,3.042236328125,3.386590850487184,1.0
2-3-1,Run1,189171899076,3.0332489013671875,3.3874810036648526,1.0
2-3-1,Run1,189171915731,2.976348876953125,3.388371156842521,1.0
2-3-1,Run1,189171932386,2.9689483642578125,3.38926131002019,1.0
2-3-1,Run1,189171949040,2.99102783203125,3.390151463197858,1.0
2-3-1,Run1,189171965696,2.97686767578125,3.3910416163755266,1.0
2-3-1,Run1,189171982351,2.956451416015625,3.3919317695531954,1.0
2-3-1,Run1,189171999005,2.9635467529296875,3.392821922730864,1.0
2-3-1,Run1,189172015660,2.9479522705078125,3.393712075908532,1.0
2-3-1,Run1,189172032315,2.9298553466796875,3.394602229086201,1.0
2-3-1,Run1,189172048969,2.93096923828125,3.3954923822638694,1.0
2-3-1,Run1,189172065624,2.979034423828125,3.396382535441538,1.0
2-3-1,Run1,189172082279,2.9836883544921875,3.3972726886192066,1.0
2-3-1,Run1,189172098933,2.9856109619140625,3.398162841796875,1.0
2-3-1,Run1,189172115588,2.99810791015625,3.4581451416015625,1.0
2-3-1,Run1,189172132244,2.996078491210937,3.426483154296875,1.0
2-3-1,Run1,189172148899,2.98785400390625,3.447006225585937,1.0
2-3-1,Run1,189172165553,2.969589233398437,3.438339233398437,1.0
2-3-1,Run1,189172182208,2.984405517578125,3.4308319091796875,1.0
2-3-1,Run1,189172198863,2.9740142822265625,3.43853759765625,1.0
2-3-1,Run1,189172215517,2.9702606201171875,3.370391845703125,1.0
2-3-1,Run1,189172232172,2.983551025390625,3.3815460205078125,1.0
2-3-1,Run1,189172248827,2.9748687744140625,3.454559326171875,1.0
2-3-1,Run1,189172265481,2.9708404541015625,3.692047119140625,1.0
2-3-1,Run1,189172282136,2.84417724609375,3.6901967901932564,1.0
2-3-1,Run1,189172298792,2.8642315334743924,3.6883464612458883,0.0
2-3-1,Run1,189172315446,2.884285820855035,3.6864961322985197,0.0
2-3-1,Run1,189172332101,2.9043401082356772,3.684645803351151,0.0
2-3-1,Run1,189172348756,2.9243943956163196,3.682795474403783,0.0
2-3-1,Run1,189172365410,2.9444486829969616,3.6809451454564144,0.0
2-3-1,Run1,189172382065,2.964502970377604,3.6790948165090462,0.0
2-3-1,Run1,189172398720,2.9845572577582464,3.6772444875616777,0.0
2-3-1,Run1,189172415375,3.004611545138889,3.675394158614309,0.0
2-3-1,Run1,189172432029,3.0246658325195312,3.673543829666941,0.0
2-3-1,Run1,189172448684,3.0447201199001737,3.6716935007195723,0.0
2-3-1,Run1,189172479104,3.064774407280816,3.6698431717722038,0.0
2-3-1,Run1,189172495759,3.0848286946614585,3.6679928428248356,0.0
2-3-1,Run1,189172512414,3.104882982042101,3.666142513877467,0.0
2-3-1,Run1,189172529068,3.124937269422743,3.664292184930099,0.0
2-3-1,Run1,189172545723,3.1449915568033853,3.6624418559827303,0.0
2-3-1,Run1,189172562378,3.1650458441840277,3.6605915270353617,0.0
2-3-1,Run1,189172595793,3.18510013156467,3.6587411980879936,0.0
2-3-1,Run1,189172612448,3.2051544189453125,3.656890869140625,1.0
2-3-1,Run1,189172629103,3.0709686279296875,3.6550405401932564,1.0
2-3-1,Run1,189172645758,3.080551147460937,3.6531902112458883,1.0
2-3-1,Run1,189172662413,3.049163818359375,3.6513398822985197,1.0
2-3-1,Run1,189172679068,3.0419158935546875,3.649489553351151,1.0
2-3-1,Run1,189172695722,3.19970703125,3.647639224403783,1.0
2-3-1,Run1,189172712377,3.268402099609375,3.6457888954564144,1.0
2-3-1,Run1,189172729032,3.080429077148437,3.6439385665090462,1.0
2-3-1,Run1,189172745686,3.0519561767578125,3.6420882375616777,1.0
2-3-1,Run1,189172762341,3.17108154296875,3.640237908614309,1.0
2-3-1,Run1,189172778996,3.225799560546875,3.638387579666941,1.0
2-3-1,Run1,189172795651,3.054290771484375,3.6365372507195723,1.0
2-3-1,Run1,189172812306,3.050262451171875,3.6346869217722038,1.0
2-3-1,Run1,189172828961,3.20599365234375,3.6328365928248356,1.0
2-3-1,Run1,189172845615,3.1781463623046875,3.630986263877467,1.0
2-3-1,Run1,189172862270,2.9835662841796875,3.629135934930099,1.0
2-3-1,Run1,189172878925,2.98077392578125,3.6272856059827303,1.0
2-3-1,Run1,189172895579,3.0136871337890625,3.6254352770353617,1.0
2-3-1,Run1,189172912234,3.0115509033203125,3.6235849480879936,1.0
2-3-1,Run1,189172928889,2.9583892822265625,3.621734619140625,1.0
2-3-1,Run1,189172945544,2.957382202148437,3.6198842901932564,1.0
2-3-1,Run1,189172962199,2.9630889892578125,3.6180339612458883,1.0
2-3-1,Run1,189172978854,2.9623565673828125,3.6161836322985197,1.0
2-3-1,Run1,189172995509,2.95928955078125,3.614333303351151,1.0
2-3-1,Run1,189173012163,2.946502685546875,3.612482974403783,1.0
2-3-1,Run1,189173028818,2.8978424072265625,3.6106326454564144,1.0
2-3-1,Run1,189173045473,2.90008544921875,3.6087823165090462,1.0
2-3-1,Run1,189173062127,2.9270782470703125,3.6069319875616777,1.0
2-3-1,Run1,189173078782,2.94384765625,3.605081658614309,1.0
2-3-1,Run1,189173095437,3.177337646484375,3.603231329666941,1.0
2-3-1,Run1,189173112091,3.173828125,3.6013810007195723,1.0
2-3-1,Run1,189173128747,2.965316772460937,3.5995306717722038,1.0
2-3-1,Run1,189173145402,2.988128662109375,3.5976803428248356,1.0
2-3-1,Run1,189173162056,2.956817626953125,3.595830013877467,1.0
2-3-1,Run1,189173178711,2.92401123046875,3.593979684930099,1.0
2-3-1,Run1,189173195366,2.92059326171875,3.5921293559827303,1.0
2-3-1,Run1,189173212021,2.8990020751953125,3.5902790270353617,1.0
2-3-1,Run1,189173228675,2.9033660888671875,3.5884286980879936,1.0
2-3-1,Run1,189173245330,2.94049072265625,3.586578369140625,1.0
2-3-1,Run1,189173261985,2.953857421875,3.5847280401932564,1.0
2-3-1,Run1,189173278640,2.93218994140625,3.5828777112458883,1.0
2-3-1,Run1,189173295295,2.9566192626953125,3.5810273822985197,1.0
2-3-1,Run1,189173311950,2.9777069091796875,3.5791770533511515,1.0
2-3-1,Run1,189173328604,2.973175048828125,3.577326724403783,1.0
2-3-1,Run1,189173345259,2.945297241210937,3.5754763954564144,1.0
2-3-1,Run1,189173361914,3.119232177734375,3.5736260665090462,1.0
2-3-1,Run1,189173378568,3.4933013916015625,3.5717757375616777,1.0
2-3-1,Run1,189173395223,3.4933013916015625,3.569925408614309,1.0
2-3-1,Run1,189173411878,3.442679850260417,3.568075079666941,0.0
2-3-1,Run1,189173428532,3.3920583089192706,3.5662247507195723,0.0
2-3-1,Run1,189173445188,3.341436767578125,3.5643744217722038,0.0
2-3-1,Run1,189173461843,3.290815226236979,3.5625240928248356,0.0
2-3-1,Run1,189173478498,3.2401936848958335,3.560673763877467,0.0
2-3-1,Run1,189173495152,3.1895721435546873,3.558823434930099,0.0
2-3-1,Run1,189173511807,3.1389506022135416,3.5569731059827303,0.0
2-3-1,Run1,189173528462,3.088329060872396,3.5551227770353617,0.0
2-3-1,Run1,189173545116,3.03770751953125,3.5532724480879936,0.0
2-3-1,Run1,189173561771,2.987085978190104,3.551422119140625,0.0
2-3-1,Run1,189173578426,2.9364644368489583,3.5495717901932564,0.0
2-3-1,Run1,189173595080,2.8858428955078126,3.5477214612458883,0.0
2-3-1,Run1,189173611736,2.8352213541666664,3.5458711322985197,0.0
2-3-1,Run1,189173628391,2.7845998128255207,3.5440208033511515,0.0
2-3-1,Run1,189173645045,2.733978271484375,3.542170474403783,1.0
2-3-1,Run1,189173661700,2.733978271484375,3.5403201454564144,1.0
2-3-1,Run1,189173678355,3.056060791015625,3.5384698165090462,1.0
2-3-1,Run1,189173695009,2.437240600585937,3.5366194875616777,1.0
2-3-1,Run1,189173711664,2.0072784423828125,3.534769158614309,1.0
2-3-1,Run1,189173728319,2.252059936523437,3.532918829666941,1.0
2-3-1,Run1,189173744974,2.252059936523437,3.5310685007195723,1.0
2-3-1,Run1,189173761628,2.9415435791015625,3.5292181717722038,1.0
2-3-1,Run1,189173778284,3.070053100585937,3.5273678428248356,1.0
2-3-1,Run1,189173794939,3.130584716796875,3.525517513877467,1.0
2-3-1,Run1,189173811593,3.1044464111328125,3.523667184930099,1.0
2-3-1,Run1,189173828248,3.2624664306640625,3.5218168559827303,1.0
2-3-1,Run1,189173844903,3.2884063720703125,3.5199665270353617,1.0
2-3-1,Run1,189173861557,3.1045684814453125,3.5181161980879936,1.0
2-3-1,Run1,189173878212,3.1108856201171875,3.516265869140625,1.0
2-3-1,Run1,189173894867,3.1082305908203125,3.42340087890625,1.0
2-3-1,Run1,189173911521,3.127471923828125,3.382965087890625,1.0
2-3-1,Run1,189173928176,3.151718139648437,3.3551025390625,1.0
2-3-1,Run1,189173944832,3.13433837890625,3.4423370361328125,1.0
2-3-1,Run1,189173961486,3.1051025390625,3.4841461181640625,1.0
2-3-1,Run1,189173978141,3.08880615234375,3.466781616210937,1.0
2-3-1,Run1,189173994796,3.0771026611328125,3.520538330078125,1.0
2-3-1,Run1,189174011451,3.077728271484375,3.436187744140625,1.0
2-3-1,Run1,189174028105,3.1031646728515625,3.399765014648437,1.0
2-3-1,Run1,189174044760,3.09521484375,3.4341583251953125,1.0
2-3-1,Run1,189174061415,3.0473175048828125,3.38275146484375,1.0
2-3-1,Run1,189174078069,3.06640625,3.429351806640625,1.0
2-3-1,Run1,189174094724,3.06103515625,3.412582397460937,1.0
2-3-1,Run1,189174111380,3.0325164794921875,3.4261627197265625,1.0
2-3-1,Run1,189174128034,2.97857666015625,3.41900634765625,1.0
2-3-1,Run1,189174144689,2.9809112548828125,3.3902130126953125,1.0
2-3-1,Run1,189174161344,3.012054443359375,3.361663818359375,1.0
2-3-1,Run1,189174177998,2.9927978515625,3.3701171875,1.0
2-3-1,Run1,189174194653,2.9712371826171875,3.369415283203125,1.0
2-3-1,Run1,189174211308,2.976837158203125,3.376693725585937,1.0
2-3-1,Run1,189174227962,2.960052490234375,3.3678131103515625,1.0
2-3-1,Run1,189174244617,2.950790405273437,3.2927703857421875,1.0
2-3-1,Run1,189174261272,2.930267333984375,3.290756225585937,1.0
2-3-1,Run1,189174277928,2.906890869140625,3.3588409423828125,1.0
2-3-1,Run1,189174294582,2.9493865966796875,3.35015869140625,1.0
2-3-1,Run1,189174311237,2.95147705078125,3.3725738525390625,1.0
2-3-1,Run1,189174327892,3.09588623046875,3.3245086669921875,1.0
2-3-1,Run1,189174344546,2.9362030029296875,3.045379638671875,1.0
2-3-1,Run1,189174361201,2.776519775390625,3.0881258646647134,0.0
2-3-1,Run1,189174377856,2.6168365478515625,3.130872090657552,0.0
2-3-1,Run1,189174394510,2.4571533203125,3.1736183166503906,0.0
2-3-1,Run1,189174411165,2.2974700927734375,3.216364542643229,0.0
2-3-1,Run1,189174427820,2.137786865234375,3.2591107686360674,0.0
2-3-1,Run1,189174444475,1.9781036376953125,3.3018569946289062,0.0
2-3-1,Run1,189174461130,1.81842041015625,3.3446032206217446,0.0
2-3-1,Run1,189174477785,1.6587371826171875,3.387349446614583,0.0
2-3-1,Run1,189174494439,1.499053955078125,3.4300956726074214,1.0
2-3-1,Run1,189174511094,2.363616943359375,3.47284189860026,1.0
2-3-1,Run1,189174527749,2.907455444335937,3.5155881245930987,1.0
2-3-1,Run1,189174544404,2.95233154296875,3.558334350585937,1.0
2-3-1,Run1,189174561058,2.9353790283203125,3.313949584960937,1.0
2-3-1,Run1,189174577713,2.9466705322265625,3.2099761962890625,1.0
2-3-1,Run1,189174594368,3.018905639648437,3.2459716796875,1.0
2-3-1,Run1,189174611023,2.978607177734375,3.3123016357421875,1.0
2-3-1,Run1,189174627678,2.9515380859375,3.3565216064453125,1.0
2-3-1,Run1,189174644333,2.9853668212890625,3.380355834960937,1.0
2-3-1,Run1,189174660987,2.9968719482421875,3.402816772460937,1.0
2-3-1,Run1,189174677642,2.979766845703125,3.3877410888671875,1.0
2-3-1,Run1,189174694297,2.981842041015625,3.417236328125,1.0
2-3-1,Run1,189174710951,3.0111541748046875,3.493759155273437,1.0
2-3-1,Run1,189174727606,3.026031494140625,3.4688873291015625,1.0
2-3-1,Run1,189174744261,2.994537353515625,3.4262237548828125,1.0
2-3-1,Run1,189174760915,3.002304077148437,3.4230194091796875,1.0
2-3-1,Run1,189174777571,2.9962921142578125,3.4326629638671875,1.0
2-3-1,Run1,189174794226,2.993988037109375,3.482696533203125,1.0
2-3-1,Run1,189174810881,3.022979736328125,3.417755126953125,1.0
2-3-1,Run1,189174827535,3.0354461669921875,3.37860107421875,1.0
2-3-1,Run1,189174844190,3.0426025390625,3.41363525390625,1.0
2-3-1,Run1,189174860845,3.0341033935546875,3.419784545898437,1.0
2-3-1,Run1,189174877499,3.028350830078125,3.452545166015625,1.0
2-3-1,Run1,189174894154,3.0041656494140625,3.462493896484375,1.0
2-3-1,Run1,189174910809,2.9976959228515625,3.4000244140625,1.0
2-3-1,Run1,189174927463,2.965850830078125,3.3905181884765625,1.0
2-3-1,Run1,189174944119,2.9723052978515625,3.4326934814453125,1.0
2-3-1,Run1,189174960774,2.987548828125,3.406646728515625,1.0
2-3-1,Run1,189174977428,2.9647216796875,3.4039459228515625,1.0
2-3-1,Run1,189174994083,2.9431304931640625,3.386474609375,1.0
2-3-1,Run1,189175010738,2.9793701171875,3.40069580078125,1.0
2-3-1,Run1,189175027392,2.9964599609375,3.383041381835937,1.0
2-3-1,Run1,189175044047,2.957489013671875,3.3728485107421875,1.0
2-3-1,Run1,189175060702,2.936874389648437,3.368133544921875,1.0
2-3-1,Run1,189175077357,2.9317626953125,3.345458984375,1.0
2-3-1,Run1,189175094011,2.955810546875,3.367706298828125,1.0
2-3-1,Run1,189175110667,2.9550933837890625,3.385284423828125,1.0
2-3-1,Run1,189175127322,2.9578399658203125,3.3697052001953125,1.0
2-3-1,Run1,189175143976,2.932830810546875,3.3946533203125,1.0
2-3-1,Run1,189175160631,3.112823486328125,3.646926879882813,1.0
2-3-1,Run1,189175177286,3.0488412039620534,3.590699513753256,0.0
2-3-1,Run1,189175193940,2.984858921595982,3.534472147623698,0.0
2-3-1,Run1,189175210595,2.9208766392299106,3.478244781494141,0.0
2-3-1,Run1,189175227250,2.8568943568638394,3.4220174153645835,0.0
2-3-1,Run1,189175243904,2.792912074497768,3.3657900492350263,0.0
2-3-1,Run1,189175260559,2.7289297921316966,3.3095626831054688,0.0
2-3-1,Run1,189175277215,2.664947509765625,3.2533353169759116,1.0
2-3-1,Run1,189175293869,2.664947509765625,3.1971079508463545,1.0
2-3-1,Run1,189175310524,2.756134033203125,3.140880584716797,0.0
2-3-1,Run1,189175327179,2.847320556640625,3.0846532185872397,1.0
2-3-1,Run1,189175343834,2.847320556640625,3.028425852457682,1.0
2-3-1,Run1,189175360488,2.865707397460937,2.972198486328125,1.0
2-3-1,Run1,189175377143,3.00201416015625,2.972198486328125,1.0
2-3-1,Run1,189175393798,3.0224151611328125,3.3115997314453125,1.0
2-3-1,Run1,189175410452,2.982696533203125,3.4317169189453125,1.0
2-3-1,Run1,189175427108,2.998397827148437,3.664520263671875,1.0
2-3-1,Run1,189175443763,2.997177124023437,3.541961669921875,1.0
2-3-1,Run1,189175460417,3.0007781982421875,3.419403076171875,1.0
2-3-1,Run1,189175477072,3.037200927734375,3.4636383056640625,1.0
2-3-1,Run1,189175493727,3.0269317626953125,3.435043334960937,1.0
2-3-1,Run1,189175510381,3.056365966796875,3.4257354736328125,1.0
2-3-1,Run1,189175527036,3.0637969970703125,3.4481353759765625,1.0
2-3-1,Run1,189175543691,3.05279541015625,3.41363525390625,1.0
2-3-1,Run1,189175560345,3.1082000732421875,3.45904541015625,1.0
2-3-1,Run1,189175577000,3.1069793701171875,3.53228759765625,1.0
2-3-1,Run1,189175593656,3.076385498046875,3.528060913085937,1.0
2-3-1,Run1,189175610311,3.107894897460937,3.494369506835937,1.0
2-3-1,Run1,189175626965,3.1203155517578125,3.472412109375,1.0
2-3-1,Run1,189175643620,3.0697479248046875,3.47723388671875,1.0
2-3-1,Run1,189175660275,3.0482940673828125,3.528228759765625,1.0
2-3-1,Run1,189175676929,3.0758819580078125,3.48883056640625,1.0
2-3-1,Run1,189175693584,3.06182861328125,3.4385528564453125,1.0
2-3-1,Run1,189175710239,3.026351928710937,3.422210693359375,1.0
2-3-1,Run1,189175726893,2.988067626953125,3.4091339111328125,1.0
2-3-1,Run1,189175743548,2.9961090087890625,3.408966064453125,1.0
2-3-1,Run1,189175760204,3.00482177734375,3.4623565673828125,1.0
2-3-1,Run1,189175776858,2.9729461669921875,3.4623565673828125,1.0
2-3-1,Run1,189175793513,2.9464874267578125,3.4052886962890625,1.0
2-3-1,Run1,189175810168,2.949127197265625,3.4052886962890625,1.0
2-3-1,Run1,189175826822,2.961883544921875,3.3684539794921875,1.0
2-3-1,Run1,189175843477,2.9828033447265625,3.423797607421875,1.0
2-3-1,Run1,189175860132,2.9661865234375,3.426986694335937,1.0
2-3-1,Run1,189175876787,2.978302001953125,3.4595489501953125,1.0
2-3-1,Run1,189175893441,2.96356201171875,3.4541168212890625,1.0
2-3-1,Run1,189175910096,2.93365478515625,3.463241577148437,1.0
2-3-1,Run1,189175926752,2.932464599609375,3.4413604736328125,1.0
2-3-1,Run1,189175943406,2.951156616210937,3.33306884765625,1.0
2-3-1,Run1,189175960061,2.9546661376953125,3.3346710205078125,1.0
2-3-1,Run1,189175976716,2.9559783935546875,3.4021148681640625,1.0
2-3-1,Run1,189175993370,2.9837646484375,3.4350128173828125,1.0
2-3-1,Run1,189176010025,2.9734344482421875,3.43511962890625,1.0
2-3-1,Run1,189176026680,2.953125,3.4400177001953125,1.0
2-3-1,Run1,189176043334,2.9449462890625,3.398910522460937,1.0
2-3-1,Run1,189176059989,2.965240478515625,3.366363525390625,1.0
2-3-1,Run1,189176076644,3.01373291015625,3.3986968994140625,1.0
2-3-1,Run1,189176093299,3.00567626953125,3.4165496826171875,1.0
2-3-1,Run1,189176109954,2.9912261962890625,3.4269561767578125,1.0
2-3-1,Run1,189176126609,2.9698638916015625,3.425689697265625,1.0
2-3-1,Run1,189176143264,2.964752197265625,3.4218292236328125,1.0
2-3-1,Run1,189176159918,2.991119384765625,3.3933258056640625,1.0
2-3-1,Run1,189176176573,2.9825897216796875,3.408843994140625,1.0
2-3-1,Run1,189176193228,2.9825897216796875,3.430282592773437,1.0
2-3-1,Run1,189176209882,2.9727783203125,3.42071533203125,1.0
2-3-1,Run1,189176226537,2.996795654296875,3.444000244140625,1.0
2-3-1,Run1,189176243192,3.000518798828125,3.460205078125,1.0
2-3-1,Run1,189176259847,2.99322509765625,3.458160400390625,1.0
2-3-1,Run1,189176276502,2.9965362548828125,3.4427947998046875,1.0
2-3-1,Run1,189176293157,3.007675170898437,3.4084930419921875,1.0
2-3-1,Run1,189176309811,3.01220703125,3.33172607421875,1.0
2-3-1,Run1,189176326466,2.9996490478515625,3.3458251953125,1.0
2-3-1,Run1,189176343121,2.9939117431640625,3.3576202392578125,1.0
2-3-1,Run1,189176359775,2.9511871337890625,1.8254241943359373,1.0
2-3-1,Run1,189176376430,2.785064697265625,1.8254241943359373,1.0
2-3-1,Run1,189176393085,2.7397664388020835,1.9877132839626734,0.0
2-3-1,Run1,189176409740,2.6944681803385415,2.1500023735894094,0.0
2-3-1,Run1,189176426395,2.649169921875,2.3122914632161455,0.0
2-3-1,Run1,189176443050,2.6038716634114585,2.4745805528428817,0.0
2-3-1,Run1,189176459705,2.5585734049479165,2.636869642469618,0.0
2-3-1,Run1,189176476359,2.513275146484375,2.799158732096354,1.0
2-3-1,Run1,189176493014,2.1915435791015625,2.96144782172309,1.0
2-3-1,Run1,189176509669,1.9585418701171875,3.1237369113498263,1.0
2-3-1,Run1,189176526323,2.8636016845703125,3.2860260009765625,1.0
2-3-1,Run1,189176542978,2.989486694335937,3.2860260009765625,1.0
2-3-1,Run1,189176559633,2.97998046875,3.2358856201171875,1.0
2-3-1,Run1,189176576287,2.99859619140625,3.2358856201171875,1.0
2-3-1,Run1,189176592943,3.039764404296875,3.3448638916015625,1.0
2-3-1,Run1,189176609598,3.004379272460937,3.3448638916015625,1.0
2-3-1,Run1,189176626252,2.9898834228515625,3.3797149658203125,1.0
2-3-1,Run1,189176642907,3.0200347900390625,3.290557861328125,1.0
2-3-1,Run1,189176659562,3.0565185546875,3.314804077148437,1.0
2-3-1,Run1,189176676217,3.09014892578125,3.509628295898437,1.0
2-3-1,Run1,189176692871,3.10015869140625,3.5033721923828125,1.0
2-3-1,Run1,189176709526,3.114013671875,3.4900360107421875,1.0
2-3-1,Run1,189176726181,3.1061553955078125,3.4890594482421875,1.0
2-3-1,Run1,189176742835,3.0968170166015625,3.4051971435546875,1.0
2-3-1,Run1,189176759491,3.1173095703125,3.47894287109375,1.0
2-3-1,Run1,189176776146,3.1016845703125,3.53448486328125,1.0
2-3-1,Run1,189176792800,3.1340789794921875,3.522811889648437,1.0
2-3-1,Run1,189176809455,3.160125732421875,3.517791748046875,1.0
2-3-1,Run1,189176826110,3.1206817626953125,3.5122222900390625,1.0
2-3-1,Run1,189176842764,3.1381988525390625,3.4914703369140625,1.0
2-3-1,Run1,189176859419,3.1192169189453125,3.468597412109375,1.0
2-3-1,Run1,189176876074,3.0792999267578125,3.4839630126953125,1.0
2-3-1,Run1,189176892728,3.0767974853515625,3.5023956298828125,1.0
2-3-1,Run1,189176909383,3.099105834960937,3.500839233398437,1.0
2-3-1,Run1,189176926039,3.0589752197265625,3.4667510986328125,1.0
2-3-1,Run1,189176942694,3.062728881835937,3.4728240966796875,1.0
2-3-1,Run1,189176959348,3.079132080078125,3.4707489013671875,1.0
2-3-1,Run1,189176976003,3.0545654296875,3.399032592773437,1.0
2-3-1,Run1,189176992658,2.9975738525390625,3.2479400634765625,1.0
2-3-1,Run1,189177009312,2.8490753173828125,3.2479400634765625,1.0
2-3-1,Run1,189177025967,2.8656930923461914,3.2502818388097428,0.0
2-3-1,Run1,189177042622,2.8823108673095703,3.252623614142923,0.0
2-3-1,Run1,189177059276,2.898928642272949,3.254965389476103,0.0
2-3-1,Run1,189177075931,2.915546417236328,3.257307164809283,0.0
2-3-1,Run1,189177092587,2.932164192199707,3.2596489401424633,0.0
2-3-1,Run1,189177109241,2.948781967163086,3.2619907154756436,0.0
2-3-1,Run1,189177125897,2.965399742126465,3.2643324908088234,0.0
2-3-1,Run1,189177142552,2.9820175170898438,3.2666742661420036,0.0
2-3-1,Run1,189177159206,2.9986352920532227,3.269016041475184,0.0
2-3-1,Run1,189177189125,3.0152530670166016,3.271357816808364,0.0
2-3-1,Run1,189177205780,3.0318708419799805,3.273699592141544,0.0
2-3-1,Run1,189177222435,3.0484886169433594,3.276041367474724,0.0
2-3-1,Run1,189177239089,3.0651063919067383,3.2783831428079044,0.0
2-3-1,Run1,189177255745,3.081724166870117,3.2807249181410847,0.0
2-3-1,Run1,189177289820,3.098341941833496,3.2830666934742645,0.0
2-3-1,Run1,189177306475,3.114959716796875,3.2854084688074447,1.0
2-3-1,Run1,189177323130,2.96173095703125,3.287750244140625,1.0
2-3-1,Run1,189177339786,2.9902801513671875,3.287750244140625,1.0
2-3-1,Run1,189177356440,3.0144500732421875,3.3831939697265625,1.0
2-3-1,Run1,189177373095,2.988311767578125,3.3831939697265625,1.0
2-3-1,Run1,189177389750,2.9439697265625,3.33447265625,1.0
2-3-1,Run1,189177406404,2.95989990234375,3.412200927734375,1.0
2-3-1,Run1,189177423060,2.993255615234375,3.44952392578125,1.0
2-3-1,Run1,189177439715,2.9996337890625,3.478744506835937,1.0
2-3-1,Run1,189177456369,2.9237213134765625,3.45928955078125,1.0
2-3-1,Run1,189177473024,2.949066162109375,3.4283599853515625,1.0
2-3-1,Run1,189177489679,2.96917724609375,3.4331817626953125,1.0
2-3-1,Run1,189177506333,2.960922241210937,3.4116973876953125,1.0
2-3-1,Run1,189177522988,2.9787139892578125,3.3862762451171875,1.0
2-3-1,Run1,189177539644,3.00494384765625,3.421478271484375,1.0
2-3-1,Run1,189177556298,2.97357177734375,3.456024169921875,1.0
2-3-1,Run1,189177572953,2.94879150390625,3.45159912109375,1.0
2-3-1,Run1,189177589609,2.952621459960937,3.44366455078125,1.0
2-3-1,Run1,189177606264,2.9475860595703125,3.408355712890625,1.0
2-3-1,Run1,189177622918,2.936798095703125,3.348724365234375,1.0
2-3-1,Run1,189177639573,2.93487548828125,3.28778076171875,1.0
2-3-1,Run1,189177656228,2.912445068359375,3.3024444580078125,1.0
2-3-1,Run1,189177672882,2.919189453125,3.35748291015625,1.0
2-3-1,Run1,189177689537,2.938751220703125,3.35040283203125,1.0
2-3-1,Run1,189177706192,2.9019317626953125,3.366119384765625,1.0
2-3-1,Run1,189177722846,2.8687286376953125,3.3910675048828125,1.0
2-3-1,Run1,189177739502,2.8714141845703125,3.379791259765625,1.0
2-3-1,Run1,189177756157,2.895492553710937,3.379119873046875,1.0
2-3-1,Run1,189177772811,2.859649658203125,3.375961303710937,1.0
2-3-1,Run1,189177789467,2.8534698486328125,3.3485870361328125,1.0
2-3-1,Run1,189177806122,2.87078857421875,3.3200225830078125,1.0
2-3-1,Run1,189177822776,2.89312744140625,3.3167266845703125,1.0
2-3-1,Run1,189177839431,2.88983154296875,3.354949951171875,1.0
2-3-1,Run1,189177856086,2.84893798828125,3.2841033935546875,1.0
2-3-1,Run1,189177872741,2.8719482421875,3.24456787109375,1.0
2-3-1,Run1,189177889395,2.8644256591796875,3.2987213134765625,1.0
2-3-1,Run1,189177906051,2.82952880859375,3.2635955810546875,1.0
2-3-1,Run1,189177922706,2.8092498779296875,3.0604248046875,1.0
2-3-1,Run1,189177939360,2.6641845703125,3.0604248046875,1.0
2-3-1,Run1,189177956015,2.549163818359375,3.072265625,0.0
2-3-1,Run1,189177972671,2.43414306640625,3.0841064453125,0.0
2-3-1,Run1,189177989325,2.319122314453125,3.095947265625,0.0
2-3-1,Run1,189178005980,2.2041015625,3.1077880859375,0.0
2-3-1,Run1,189178022635,2.089080810546875,3.11962890625,0.0
2-3-1,Run1,189178039289,1.97406005859375,3.1314697265625,0.0
2-3-1,Run1,189178055944,1.859039306640625,3.143310546875,0.0
2-3-1,Run1,189178072600,1.7440185546875,3.1551513671875,0.0
2-3-1,Run1,189178089254,1.628997802734375,3.1669921875,1.0
2-3-1,Run1,189178105909,2.390625,3.1788330078125,1.0
2-3-1,Run1,189178122564,2.8684539794921875,3.190673828125,1.0
2-3-1,Run1,189178139219,2.867950439453125,3.181976318359375,1.0
2-3-1,Run1,189178155873,2.9122467041015625,3.2036895751953125,1.0
2-3-1,Run1,189178172528,2.9012451171875,3.3007049560546875,1.0
2-3-1,Run1,189178189183,2.8766326904296875,3.316864013671875,1.0
2-3-1,Run1,189178205838,2.878448486328125,3.2346649169921875,1.0
2-3-1,Run1,189178222493,2.87518310546875,3.214935302734375,1.0
2-3-1,Run1,189178239149,2.9017333984375,3.279647827148437,1.0
2-3-1,Run1,189178255803,2.925888061523437,3.296722412109375,1.0
2-3-1,Run1,189178272458,2.9189453125,3.2866668701171875,1.0
2-3-1,Run1,189178289113,2.916656494140625,3.307525634765625,1.0
2-3-1,Run1,189178305767,2.894866943359375,3.3921661376953125,1.0
2-3-1,Run1,189178322422,2.8540191650390625,3.38043212890625,1.0
2-3-1,Run1,189178339077,2.900543212890625,3.256622314453125,1.0
2-3-1,Run1,189178355731,2.9745635986328125,3.267333984375,1.0
2-3-1,Run1,189178372386,3.001495361328125,3.30194091796875,1.0
2-3-1,Run1,189178389042,2.9613189697265625,3.300933837890625,1.0
2-3-1,Run1,189178405697,2.941497802734375,3.33343505859375,1.0
2-3-1,Run1,189178422352,2.926910400390625,3.33355712890625,1.0
2-3-1,Run1,189178439007,2.964019775390625,3.349761962890625,1.0
2-3-1,Run1,189178455662,2.9709930419921875,3.391815185546875,1.0
2-3-1,Run1,189178472316,2.91058349609375,3.369247436523437,1.0
2-3-1,Run1,189178488971,2.8895721435546875,3.3237762451171875,1.0
2-3-1,Run1,189178505626,2.90777587890625,3.3211822509765625,1.0
2-3-1,Run1,189178522280,2.968536376953125,3.483261108398437,1.0
2-3-1,Run1,189178538935,2.9755401611328125,3.431243896484375,1.0
2-3-1,Run1,189178555591,2.9474334716796875,3.3176422119140625,1.0
2-3-1,Run1,189178572245,2.9397430419921875,3.32464599609375,1.0
2-3-1,Run1,189178588900,2.9091949462890625,3.31561279296875,1.0
2-3-1,Run1,189178605555,2.8913726806640625,3.296539306640625,1.0
2-3-1,Run1,189178622209,2.9017486572265625,3.2817840576171875,1.0
2-3-1,Run1,189178638865,2.9069061279296875,3.310897827148437,1.0
2-3-1,Run1,189178655520,2.8805084228515625,3.31005859375,1.0
2-3-1,Run1,189178672175,2.8386383056640625,3.311676025390625,1.0
2-3-1,Run1,189178688829,2.872177124023437,3.316879272460937,1.0
2-3-1,Run1,189178705484,2.90911865234375,3.2369537353515625,1.0
2-3-1,Run1,189178722139,2.9078521728515625,3.212753295898437,1.0
2-3-1,Run1,189178738794,2.877410888671875,3.16082763671875,1.0
2-3-1,Run1,189178755449,2.849884033203125,3.1766510009765625,1.0
2-3-1,Run1,189178772104,2.8622283935546875,3.291244506835937,1.0
2-3-1,Run1,189178788758,2.903793334960937,3.333984375,1.0
2-3-1,Run1,189178805413,2.8755340576171875,3.35638427734375,1.0
2-3-1,Run1,189178822068,3.030624389648437,3.524139404296875,1.0
2-3-1,Run1,189178838723,2.9695095486111107,3.4288597106933594,0.0
2-3-1,Run1,189178855378,2.9083947075737844,3.3335800170898438,0.0
2-3-1,Run1,189178872033,2.847279866536458,3.238300323486328,0.0
2-3-1,Run1,189178888687,2.7861650254991317,3.1430206298828125,0.0
2-3-1,Run1,189178905343,2.7250501844618054,3.047740936279297,0.0
2-3-1,Run1,189178921998,2.663935343424479,2.9524612426757812,0.0
2-3-1,Run1,189178938653,2.6028205023871527,2.8571815490722656,0.0
2-3-1,Run1,189178955307,2.5417056613498263,2.76190185546875,0.0
2-3-1,Run1,189178971962,2.4805908203125,2.6666221618652344,1.0
2-3-1,Run1,189178988618,2.4805908203125,2.5713424682617188,1.0
2-3-1,Run1,189179005272,2.621978759765625,2.476062774658203,0.0
2-3-1,Run1,189179021927,2.76336669921875,2.3807830810546875,1.0
2-3-1,Run1,189179038582,2.9248046875,2.3807830810546875,1.0
2-3-1,Run1,189179055236,2.8947906494140625,3.1111297607421875,1.0
2-3-1,Run1,189179071892,2.889389038085937,3.1111297607421875,1.0
2-3-1,Run1,189179088547,2.947265625,3.20257568359375,1.0
2-3-1,Run1,189179105201,2.9434356689453125,3.20257568359375,1.0
2-3-1,Run1,189179121856,2.9027862548828125,3.202972412109375,1.0
2-3-1,Run1,189179138511,2.90704345703125,3.30499267578125,1.0
2-3-1,Run1,189179155165,2.922348022460937,3.360946655273437,1.0
2-3-1,Run1,189179171820,2.93902587890625,3.316864013671875,1.0
2-3-1,Run1,189179188476,2.94317626953125,3.339752197265625,1.0
2-3-1,Run1,189179205131,2.9303131103515625,3.3603668212890625,1.0
2-3-1,Run1,189179221785,2.9481353759765625,3.34918212890625,1.0
2-3-1,Run1,189179238440,2.9416046142578125,3.299423217773437,1.0
2-3-1,Run1,189179255095,2.9102935791015625,3.286239624023437,1.0
2-3-1,Run1,189179271749,2.9264373779296875,3.337677001953125,1.0
2-3-1,Run1,189179288405,2.9226531982421875,3.33514404296875,1.0
2-3-1,Run1,189179305060,2.912094116210937,3.3539276123046875,1.0
2-3-1,Run1,189179321714,2.94329833984375,3.3789825439453125,1.0
2-3-1,Run1,189179338369,2.9511260986328125,3.358871459960937,1.0
2-3-1,Run1,189179355024,2.9095611572265625,3.344100952148437,1.0
2-3-1,Run1,189179371678,2.8972930908203125,3.3489227294921875,1.0
2-3-1,Run1,189179388334,2.8860626220703125,3.3212127685546875,1.0
2-3-1,Run1,189179404989,2.9066314697265625,3.3233795166015625,1.0
2-3-1,Run1,189179421643,2.91473388671875,3.352813720703125,1.0
2-3-1,Run1,189179438299,2.9360809326171875,3.377426147460937,1.0
2-3-1,Run1,189179454954,2.9451904296875,3.3590545654296875,1.0
2-3-1,Run1,189179471609,2.917877197265625,3.3358612060546875,1.0
2-3-1,Run1,189179488263,2.893417358398437,3.3320465087890625,1.0
2-3-1,Run1,189179504918,2.8778533935546875,3.3248443603515625,1.0
2-3-1,Run1,189179521573,2.8795623779296875,3.328765869140625,1.0
2-3-1,Run1,189179538227,2.902984619140625,3.2686767578125,1.0
2-3-1,Run1,189179554882,2.8992919921875,3.250335693359375,1.0
2-3-1,Run1,189179571538,2.8884735107421875,3.3153076171875,1.0
2-3-1,Run1,189179588192,2.9014892578125,3.308944702148437,1.0
2-3-1,Run1,189179604848,2.873077392578125,3.2926788330078125,1.0
2-3-1,Run1,189179621503,2.8872528076171875,3.3168487548828125,1.0
2-3-1,Run1,189179638157,2.9359130859375,3.330673217773437,1.0
2-3-1,Run1,189179654812,2.9345703125,3.264266967773437,1.0
2-3-1,Run1,189179671467,2.79595947265625,3.1776123046875,1.0
2-3-1,Run1,189179688121,2.7892545064290366,3.1768809000651044,0.0
2-3-1,Run1,189179704776,2.7825495402018228,3.1761494954427083,0.0
2-3-1,Run1,189179721431,2.7758445739746094,3.1754180908203127,0.0
2-3-1,Run1,189179738087,2.769139607747396,3.1746866861979166,0.0
2-3-1,Run1,189179754741,2.762434641520182,3.173955281575521,0.0
2-3-1,Run1,189179771396,2.7557296752929688,3.173223876953125,0.0
2-3-1,Run1,189179788051,2.7490247090657554,3.1724924723307293,0.0
2-3-1,Run1,189179804706,2.7423197428385415,3.171761067708333,0.0
2-3-1,Run1,189179821361,2.735614776611328,3.1710296630859376,0.0
2-3-1,Run1,189179838016,2.7289098103841147,3.1702982584635415,0.0
2-3-1,Run1,189179854670,2.722204844156901,3.169566853841146,0.0
2-3-1,Run1,189179871325,2.7154998779296875,3.16883544921875,1.0
2-3-1,Run1,189179887981,2.8044586181640625,3.168104044596354,1.0
2-3-1,Run1,189179904635,2.958526611328125,3.167372639973958,1.0
2-3-1,Run1,189179921290,2.940414428710937,3.1666412353515625,1.0
2-3-1,Run1,189179937945,2.8449859619140625,3.1666412353515625,1.0
2-3-1,Run1,189179954599,2.8660888671875,3.27044677734375,1.0
2-3-1,Run1,189179971254,2.9769287109375,3.35955810546875,1.0
2-3-1,Run1,189179987909,2.98974609375,3.38946533203125,1.0
2-3-1,Run1,189180004564,2.983871459960937,3.378631591796875,1.0
2-3-1,Run1,189180021219,2.988388061523437,3.3968048095703125,1.0
2-3-1,Run1,189180037874,3.01458740234375,3.39892578125,1.0
2-3-1,Run1,189180054530,3.04974365234375,3.408798217773437,1.0
2-3-1,Run1,189180071184,3.0692596435546875,3.33477783203125,1.0
2-3-1,Run1,189180087839,3.0474090576171875,3.25933837890625,1.0
2-3-1,Run1,189180104494,3.0289764404296875,3.4985809326171875,1.0
2-3-1,Run1,189180121148,3.0382080078125,3.4243621826171875,1.0
2-3-1,Run1,189180137803,3.051376342773437,3.469482421875,1.0
2-3-1,Run1,189180154458,3.0825958251953125,3.4676055908203125,1.0
2-3-1,Run1,189180171112,3.0982818603515625,3.4731903076171875,1.0
2-3-1,Run1,189180187768,3.100448608398437,3.4700927734375,1.0
2-3-1,Run1,189180204423,3.073959350585937,3.4556121826171875,1.0
2-3-1,Run1,189180221078,3.0717926025390625,3.459945678710937,1.0
2-3-1,Run1,189180237733,3.084945678710937,3.434188842773437,1.0
2-3-1,Run1,189180254388,3.081039428710937,3.4401092529296875,1.0
2-3-1,Run1,189180271043,3.0744171142578125,3.453109741210937,1.0
2-3-1,Run1,189180287697,3.0478973388671875,3.4535064697265625,1.0
2-3-1,Run1,189180304352,3.040771484375,3.459457397460937,1.0
2-3-1,Run1,189180321007,3.0335235595703125,3.476470947265625,1.0
2-3-1,Run1,189180337662,3.0297088623046875,3.5137939453125,1.0
2-3-1,Run1,189180354317,3.015960693359375,3.460189819335937,1.0
2-3-1,Run1,189180370972,3.031600952148437,3.2751617431640625,1.0
2-3-1,Run1,189180387626,3.02813720703125,2.416046142578125,1.0
2-3-1,Run1,189180404281,2.8543853759765625,2.1278839111328125,1.0
2-3-1,Run1,189180420936,2.8443946838378906,2.2184947620738638,0.0
2-3-1,Run1,189180437591,2.8344039916992188,2.3091056130149146,0.0
2-3-1,Run1,189180454246,2.824413299560547,2.399716463955966,0.0
2-3-1,Run1,189180470901,2.814422607421875,2.490327314897017,0.0
2-3-1,Run1,189180487556,2.804431915283203,2.5809381658380683,0.0
2-3-1,Run1,189180504211,2.7944412231445312,2.671549016779119,0.0
2-3-1,Run1,189180520866,2.7844505310058594,2.7621598677201704,0.0
2-3-1,Run1,189180537521,2.7744598388671875,2.8527707186612217,1.0
2-3-1,Run1,189180554175,2.3349609375,2.9433815696022725,1.0
2-3-1,Run1,189180570830,2.509384155273437,3.0339924205433237,1.0
2-3-1,Run1,189180587485,2.965362548828125,3.124603271484375,1.0
2-3-1,Run1,189180604139,3.015106201171875,3.124603271484375,1.0
2-3-1,Run1,189180620794,3.0525360107421875,3.2920074462890625,1.0
2-3-1,Run1,189180637450,3.020126342773437,3.2920074462890625,1.0
2-3-1,Run1,189180654104,3.0412750244140625,3.35955810546875,1.0
2-3-1,Run1,189180670759,3.051788330078125,3.35955810546875,1.0
2-3-1,Run1,189180687415,3.019195556640625,3.37652587890625,1.0
2-3-1,Run1,189180704069,3.004180908203125,3.37652587890625,1.0
2-3-1,Run1,189180720724,2.978240966796875,3.390243530273437,1.0
2-3-1,Run1,189180737379,3.0177459716796875,3.448226928710937,1.0
2-3-1,Run1,189180754033,3.037567138671875,3.48370361328125,1.0
2-3-1,Run1,189180770688,3.0130767822265625,3.481552124023437,1.0
2-3-1,Run1,189180787344,3.026092529296875,3.47418212890625,1.0
2-3-1,Run1,189180803999,3.032135009765625,3.4293975830078125,1.0
2-3-1,Run1,189180820653,3.00335693359375,3.4401397705078125,1.0
2-3-1,Run1,189180837308,3.01715087890625,3.5151519775390625,1.0
2-3-1,Run1,189180853963,3.037567138671875,3.4849090576171875,1.0
2-3-1,Run1,189180870617,3.0575714111328125,3.476913452148437,1.0
2-3-1,Run1,189180887273,3.0396728515625,3.498504638671875,1.0
2-3-1,Run1,189180903928,3.026763916015625,3.473724365234375,1.0
2-3-1,Run1,189180920582,3.0271759033203125,3.447265625,1.0
2-3-1,Run1,189180937238,3.015487670898437,3.431640625,1.0
2-3-1,Run1,189180953893,3.01885986328125,3.4474334716796875,1.0
2-3-1,Run1,189180970547,3.0039520263671875,3.4647369384765625,1.0
2-3-1,Run1,189180987202,2.9811248779296875,3.4779205322265625,1.0
2-3-1,Run1,189181003857,2.9752960205078125,3.4593963623046875,1.0
2-3-1,Run1,189181020511,3.0010528564453125,3.4239654541015625,1.0
2-3-1,Run1,189181037166,2.9884033203125,3.440399169921875,1.0
2-3-1,Run1,189181053822,2.9626922607421875,3.43096923828125,1.0
2-3-1,Run1,189181070477,2.9589385986328125,3.368408203125,1.0
2-3-1,Run1,189181087132,2.909423828125,3.3680877685546875,1.0
2-3-1,Run1,189181103787,2.91534423828125,3.4267730712890625,1.0
2-3-1,Run1,189181120442,2.9471588134765625,3.4086151123046875,1.0
2-3-1,Run1,189181137096,2.951019287109375,3.2668609619140625,1.0
2-3-1,Run1,189181153751,2.9583282470703125,3.25177001953125,1.0
2-3-1,Run1,189181170406,2.9759521484375,3.3792724609375,1.0
2-3-1,Run1,189181187060,2.9474639892578125,3.3502960205078125,1.0
2-3-1,Run1,189181203715,2.8957672119140625,3.3408203125,1.0
2-3-1,Run1,189181220370,2.904281616210937,3.361434936523437,1.0
2-3-1,Run1,189181237025,2.878646850585937,3.3622589111328125,1.0
2-3-1,Run1,189181253680,2.8679962158203125,3.372528076171875,1.0
2-3-1,Run1,189181270335,2.9268341064453125,3.3557281494140625,1.0
2-3-1,Run1,189181286990,2.924072265625,3.3370361328125,1.0
2-3-1,Run1,189181303645,2.9027557373046875,3.3784637451171875,1.0
2-3-1,Run1,189181320300,2.92803955078125,3.376068115234375,1.0
2-3-1,Run1,189181336955,2.9244537353515625,3.3512420654296875,1.0
2-3-1,Run1,189181353609,2.912750244140625,3.352142333984375,1.0
2-3-1,Run1,189181370264,2.9096221923828125,3.372055053710937,1.0
2-3-1,Run1,189181386920,2.8924102783203125,3.38079833984375,1.0
2-3-1,Run1,189181403574,2.881942749023437,3.3829345703125,1.0
2-3-1,Run1,189181420229,2.882781982421875,3.3591461181640625,1.0
2-3-1,Run1,189181436884,2.903045654296875,3.32098388671875,1.0
2-3-1,Run1,189181453538,2.892440795898437,3.2962188720703125,1.0
2-3-1,Run1,189181470193,2.8819732666015625,3.2830047607421875,1.0
2-3-1,Run1,189181486849,2.922714233398437,3.31536865234375,1.0
2-3-1,Run1,189181503503,2.9315643310546875,3.3560028076171875,1.0
2-3-1,Run1,189181520158,2.9047393798828125,3.35418701171875,1.0
2-3-1,Run1,189181536814,2.9046173095703125,3.2806549072265625,1.0
2-3-1,Run1,189181553468,3.1160888671875,1.8929290771484373,1.0
2-3-1,Run1,189181570123,2.9794507707868303,1.8929290771484373,1.0
2-3-1,Run1,189181586778,2.8428126743861606,2.0258246527777777,0.0
2-3-1,Run1,189181603433,2.706174577985491,2.158720228407118,0.0
2-3-1,Run1,189181620087,2.569536481584821,2.291615804036458,0.0
2-3-1,Run1,189181636742,2.432898385184152,2.424511379665798,0.0
2-3-1,Run1,189181653397,2.296260288783482,2.557406955295139,0.0
2-3-1,Run1,189181670051,2.1596221923828125,2.690302530924479,1.0
2-3-1,Run1,189181686707,2.1596221923828125,2.823198106553819,1.0
2-3-1,Run1,189181703363,3.0442047119140625,2.95609368218316,1.0
2-3-1,Run1,189181720017,2.9290313720703125,3.0889892578125,1.0
2-3-1,Run1,189181736672,2.96636962890625,3.1102294921875,1.0
2-3-1,Run1,189181753327,3.0081787109375,3.2230682373046875,1.0
2-3-1,Run1,189181769981,3.031494140625,3.247039794921875,1.0
2-3-1,Run1,189181786636,3.03790283203125,3.2589263916015625,1.0
2-3-1,Run1,189181803291,3.0222930908203125,3.2589263916015625,1.0
2-3-1,Run1,189181819945,2.992156982421875,3.358245849609375,1.0
2-3-1,Run1,189181836601,3.0250701904296875,3.406890869140625,1.0
2-3-1,Run1,189181853256,3.0219268798828125,3.418731689453125,1.0
2-3-1,Run1,189181869911,3.0221405029296875,3.4554443359375,1.0
2-3-1,Run1,189181886566,3.0592498779296875,3.5,1.0
2-3-1,Run1,189181903221,3.097259521484375,3.46649169921875,1.0
2-3-1,Run1,189181919876,3.12384033203125,3.41314697265625,1.0
2-3-1,Run1,189181936530,3.10394287109375,3.4307861328125,1.0
2-3-1,Run1,189181953185,3.0991973876953125,3.4659576416015625,1.0
2-3-1,Run1,189181969840,3.114227294921875,3.4165191650390625,1.0
2-3-1,Run1,189181986495,3.121429443359375,3.4664459228515625,1.0
2-3-1,Run1,189182003150,3.1269073486328125,3.526885986328125,1.0
2-3-1,Run1,189182019805,3.121932983398437,3.53265380859375,1.0
2-3-1,Run1,189182036459,3.10308837890625,3.5362091064453125,1.0
2-3-1,Run1,189182053114,3.0889129638671875,3.5268707275390625,1.0
2-3-1,Run1,189182069769,3.096954345703125,3.464508056640625,1.0
2-3-1,Run1,189182086423,3.11016845703125,3.461334228515625,1.0
2-3-1,Run1,189182103078,3.0978240966796875,3.4949493408203125,1.0
2-3-1,Run1,189182119733,3.081695556640625,3.4837188720703125,1.0
2-3-1,Run1,189182136389,3.08367919921875,3.450057983398437,1.0
2-3-1,Run1,189182153043,3.062896728515625,3.4589385986328125,1.0
2-3-1,Run1,189182169698,3.0627593994140625,3.514617919921875,1.0
2-3-1,Run1,189182186353,3.0572662353515625,3.526153564453125,1.0
2-3-1,Run1,189182203007,3.0493927001953125,3.545379638671875,1.0
2-3-1,Run1,189182219662,3.0372467041015625,3.5447235107421875,1.0
2-3-1,Run1,189182236317,3.069915771484375,3.4812469482421875,1.0
2-3-1,Run1,189182252971,3.0980682373046875,3.459503173828125,1.0
2-3-1,Run1,189182269626,3.0733642578125,3.4952850341796875,1.0
2-3-1,Run1,189182286282,3.0960235595703125,3.50927734375,1.0
2-3-1,Run1,189182302936,3.12042236328125,3.4617462158203125,1.0
2-3-1,Run1,189182319591,3.109115600585937,3.4858551025390625,1.0
2-3-1,Run1,189182336246,3.1087799072265625,3.529327392578125,1.0
2-3-1,Run1,189182352900,3.11029052734375,3.523544311523437,1.0
2-3-1,Run1,189182369555,3.112655639648437,3.537841796875,1.0
2-3-1,Run1,189182386210,3.128036499023437,3.5343780517578125,1.0
2-3-1,Run1,189182402865,3.1385498046875,3.5224761962890625,1.0
2-3-1,Run1,189182419519,3.1003875732421875,3.5366668701171875,1.0
2-3-1,Run1,189182436175,3.079559326171875,3.549789428710937,1.0
2-3-1,Run1,189182452830,3.0898590087890625,3.535797119140625,1.0
2-3-1,Run1,189182469484,3.066879272460937,3.4744110107421875,1.0
2-3-1,Run1,189182486139,3.079086303710937,3.4622344970703125,1.0
2-3-1,Run1,189182502794,3.0826873779296875,3.514129638671875,1.0
2-3-1,Run1,189182519448,3.06024169921875,3.5183258056640625,1.0
2-3-1,Run1,189182536103,3.0799713134765625,3.53045654296875,1.0
2-3-1,Run1,189182552758,3.07757568359375,3.53045654296875,1.0
2-3-1,Run1,189182569412,3.0526123046875,3.51983642578125,1.0
2-3-1,Run1,189182586068,3.053329467773437,3.5135955810546875,1.0
2-3-1,Run1,189182602723,3.06195068359375,3.498687744140625,1.0
2-3-1,Run1,189182619377,3.0843505859375,3.5265655517578125,1.0
2-3-1,Run1,189182636032,3.0776824951171875,3.534271240234375,1.0
2-3-1,Run1,189182652687,3.077987670898437,3.51531982421875,1.0
2-3-1,Run1,189182669342,3.08984375,3.520233154296875,1.0
2-3-1,Run1,189182685996,3.0683746337890625,3.5135040283203125,1.0
2-3-1,Run1,189182702651,3.071258544921875,3.499481201171875,1.0
2-3-1,Run1,189182719306,3.06585693359375,3.469390869140625,1.0
2-3-1,Run1,189182735961,3.0533599853515625,3.508758544921875,1.0
2-3-1,Run1,189182752616,3.07843017578125,3.5258026123046875,1.0
2-3-1,Run1,189182769271,3.1125946044921875,3.525848388671875,1.0
2-3-1,Run1,189182785925,3.124847412109375,3.5415496826171875,1.0
2-3-1,Run1,189182802580,3.11273193359375,3.539581298828125,1.0
2-3-1,Run1,189182819235,3.1147613525390625,3.473663330078125,1.0
2-3-1,Run1,189182835889,3.0193023681640625,3.3708953857421875,1.0
2-3-1,Run1,189182852544,3.02903069390191,3.3676554361979165,0.0
2-3-1,Run1,189182869199,3.038759019639757,3.364415486653646,0.0
2-3-1,Run1,189182885854,3.048487345377604,3.361175537109375,0.0
2-3-1,Run1,189182902509,3.0582156711154513,3.357935587565104,0.0
2-3-1,Run1,189182919164,3.0679439968532987,3.3546956380208335,0.0
2-3-1,Run1,189182935819,3.077672322591146,3.3514556884765625,0.0
2-3-1,Run1,189182952473,3.087400648328993,3.3482157389322915,0.0
2-3-1,Run1,189182969128,3.09712897406684,3.344975789388021,0.0
2-3-1,Run1,189182985783,3.1068572998046875,3.34173583984375,1.0
2-3-1,Run1,189183002437,3.1478424072265625,3.34173583984375,1.0
2-3-1,Run1,189183019092,3.1285858154296875,3.440338134765625,1.0
2-3-1,Run1,189183035748,3.137054443359375,3.507415771484375,1.0
2-3-1,Run1,189183052402,3.1360015869140625,3.5841064453125,1.0
2-3-1,Run1,189183069057,3.1292266845703125,3.604293823242188,1.0
2-3-1,Run1,189183085712,3.142791748046875,3.6161041259765625,1.0
2-3-1,Run1,189183102366,3.159576416015625,3.5680389404296875,1.0
2-3-1,Run1,189183119021,3.2886505126953125,3.5767181396484373,1.0
2-3-1,Run1,189183135676,3.360931396484375,3.5853973388671876,1.0
2-3-1,Run1,189183152330,3.360931396484375,3.5940765380859374,1.0
2-3-1,Run1,189183168985,3.223175048828125,3.6027557373046877,0.0
2-3-1,Run1,189183185641,3.085418701171875,3.6114349365234375,1.0
2-3-1,Run1,189183202296,3.1744537353515625,3.6813812255859375,1.0
2-3-1,Run1,189183218950,3.1821746826171875,3.678375244140625,1.0
2-3-1,Run1,189183235605,3.1731109619140625,3.604248046875,1.0
2-3-1,Run1,189183252260,3.177947998046875,3.624679565429688,1.0
2-3-1,Run1,189183268914,3.1879425048828125,3.701416015625,1.0
2-3-1,Run1,189183285569,3.1805877685546875,3.912506103515625,1.0
2-3-1,Run1,189183302224,3.1389923095703125,3.79119873046875,1.0
2-3-1,Run1,189183318878,3.2286376953125,3.79119873046875,1.0
2-3-1,Run1,189183335534,3.23992919921875,3.6543045043945312,1.0
2-3-1,Run1,189183352189,3.07763671875,3.5174102783203125,1.0
2-3-1,Run1,189183368843,3.0733795166015625,3.5174102783203125,1.0
2-3-1,Run1,189183385498,3.0640411376953125,3.4897918701171875,1.0
2-3-1,Run1,189183402153,2.9698028564453125,3.4897918701171875,1.0
2-3-1,Run1,189183418807,2.9673675537109374,3.492618045291385,0.0
2-3-1,Run1,189183435462,2.9649322509765623,3.4954442204655827,0.0
2-3-1,Run1,189183452117,2.9624969482421877,3.4982703956397803,0.0
2-3-1,Run1,189183468772,2.9600616455078126,3.501096570813978,0.0
2-3-1,Run1,189183485427,2.9576263427734375,3.503922745988176,0.0
2-3-1,Run1,189183502082,2.9551910400390624,3.5067489211623735,0.0
2-3-1,Run1,189183518737,2.9527557373046873,3.509575096336571,0.0
2-3-1,Run1,189183535391,2.9503204345703127,3.5124012715107686,0.0
2-3-1,Run1,189183552046,2.9478851318359376,3.5152274466849662,0.0
2-3-1,Run1,189183568701,2.9454498291015625,3.518053621859164,1.0
2-3-1,Run1,189183585355,2.9454498291015625,3.5208797970333614,1.0
2-3-1,Run1,189183602010,3.0260772705078125,3.523705972207559,1.0
2-3-1,Run1,189183618665,3.0260772705078125,3.5265321473817566,1.0
2-3-1,Run1,189183635320,2.7650299072265625,3.5293583225559546,1.0
2-3-1,Run1,189183651975,2.7650299072265625,3.532184497730152,1.0
2-3-1,Run1,189183668630,2.7895777775691104,3.53501067290435,0.0
2-3-1,Run1,189183685284,2.8141256479116588,3.5378368480785474,0.0
2-3-1,Run1,189183701939,2.8386735182542067,3.540663023252745,0.0
2-3-1,Run1,189183718594,2.863221388596755,3.5434891984269425,0.0
2-3-1,Run1,189183735249,2.887769258939303,3.54631537360114,0.0
2-3-1,Run1,189183751903,2.912317129281851,3.5491415487753377,0.0
2-3-1,Run1,189183768558,2.936864999624399,3.5519677239495353,0.0
2-3-1,Run1,189183785214,2.961412869966947,3.554793899123733,0.0
2-3-1,Run1,189183801868,2.985960740309495,3.557620074297931,0.0
2-3-1,Run1,189183833190,3.0105086106520433,3.5604462494721285,0.0
2-3-1,Run1,189183849845,3.0350564809945912,3.563272424646326,0.0
2-3-1,Run1,189183883893,3.0596043513371396,3.5660985998205237,0.0
2-3-1,Run1,189183900547,3.0841522216796875,3.5689247749947213,1.0
2-3-1,Run1,189183917202,3.073715209960937,3.571750950168919,1.0
2-3-1,Run1,189183933858,3.1620635986328125,3.5745771253431164,1.0
2-3-1,Run1,189183950512,3.1644287109375,3.577403300517314,1.0
2-3-1,Run1,189183967167,3.084991455078125,3.5802294756915116,1.0
2-3-1,Run1,189183983822,3.1510772705078125,3.5830556508657097,1.0
2-3-1,Run1,189184000477,3.1868438720703125,3.5858818260399072,1.0
2-3-1,Run1,189184017131,3.258285522460937,3.588708001214105,1.0
2-3-1,Run1,189184033786,3.3732147216796875,3.5915341763883024,1.0
2-3-1,Run1,189184050441,3.3732147216796875,3.5943603515625,1.0
2-3-1,Run1,189184067095,3.2470245361328125,3.66571044921875,1.0
2-3-1,Run1,189184083751,3.120834350585937,3.644699096679688,1.0
2-3-1,Run1,189184100406,3.1975555419921875,3.557952880859375,1.0
2-3-1,Run1,189184117060,3.2230224609375,3.601593017578125,1.0
2-3-1,Run1,189184133715,3.2178955078125,3.626556396484375,1.0
2-3-1,Run1,189184150370,3.311126708984375,3.66326904296875,1.0
2-3-1,Run1,189184167024,3.4071502685546875,3.699981689453125,1.0
2-3-1,Run1,189184183679,3.4071502685546875,3.699981689453125,1.0
2-3-1,Run1,189184200334,3.239288330078125,3.6518096923828125,0.0
2-3-1,Run1,189184216988,3.0714263916015625,3.6036376953125,1.0
2-3-1,Run1,189184233644,3.1478271484375,3.6036376953125,1.0
2-3-1,Run1,189184250299,3.145751953125,3.5776824951171875,1.0
2-3-1,Run1,189184266954,3.1342010498046875,3.623947143554688,1.0
2-3-1,Run1,189184283608,3.08892822265625,3.617843627929688,1.0
2-3-1,Run1,189184300263,3.0888671875,3.470855712890625,1.0
2-3-1,Run1,189184316918,3.0657196044921875,3.139022827148437,1.0
2-3-1,Run1,189184333572,2.952117919921875,3.2828140258789062,1.0
2-3-1,Run1,189184350227,2.914337158203125,3.426605224609375,1.0
2-3-1,Run1,189184366882,3.016708374023437,3.4870147705078125,1.0
2-3-1,Run1,189184383537,2.978851318359375,3.4774627685546875,1.0
2-3-1,Run1,189184400192,2.95062255859375,3.421127319335937,1.0
2-3-1,Run1,189184416847,2.9220123291015625,3.3883209228515625,1.0
2-3-1,Run1,189184433501,2.89727783203125,3.366455078125,1.0
2-3-1,Run1,189184450156,3.048980712890625,3.357330322265625,1.0
2-3-1,Run1,189184466811,3.046859741210937,3.357330322265625,1.0
2-3-1,Run1,189184483465,2.880844116210937,3.3262939453125,1.0
2-3-1,Run1,189184500120,2.854278564453125,3.3751373291015625,1.0
2-3-1,Run1,189184516775,2.78839111328125,3.3337554931640625,1.0
2-3-1,Run1,189184533431,2.805389404296875,3.2622222900390625,1.0
2-3-1,Run1,189184550085,2.8189239501953125,3.31964111328125,1.0
2-3-1,Run1,189184566740,2.8152008056640625,3.3705291748046875,1.0
2-3-1,Run1,189184583395,2.7522430419921875,3.487411499023437,1.0
2-3-1,Run1,189184600049,2.734710693359375,3.4566650390625,1.0
2-3-1,Run1,189184616704,2.7935333251953125,3.295150756835937,1.0
2-3-1,Run1,189184633359,2.764007568359375,3.309417724609375,1.0
2-3-1,Run1,189184650013,2.7681121826171875,3.2886505126953125,1.0
2-3-1,Run1,189184666668,2.7920074462890625,3.2270660400390625,1.0
2-3-1,Run1,189184683324,2.740951538085937,3.2353057861328125,1.0
2-3-1,Run1,189184699978,2.722442626953125,3.209228515625,1.0
2-3-1,Run1,189184716633,2.951629638671875,3.237411499023437,1.0
2-3-1,Run1,189184733288,2.962738037109375,3.2514728746916113,0.0
2-3-1,Run1,189184749942,2.973846435546875,3.265534250359786,0.0
2-3-1,Run1,189184766597,2.984954833984375,3.27959562602796,0.0
2-3-1,Run1,189184783252,2.996063232421875,3.2936570016961344,0.0
2-3-1,Run1,189184799907,3.007171630859375,3.307718377364309,0.0
2-3-1,Run1,189184816561,3.018280029296875,3.3217797530324833,0.0
2-3-1,Run1,189184833217,3.029388427734375,3.3358411287006575,0.0
2-3-1,Run1,189184849872,3.040496826171875,3.349902504368832,0.0
2-3-1,Run1,189184866526,3.051605224609375,3.3639638800370064,0.0
2-3-1,Run1,189184883181,3.062713623046875,3.3780252557051806,0.0
2-3-1,Run1,189184899836,3.073822021484375,3.3920866313733553,0.0
2-3-1,Run1,189184931197,3.084930419921875,3.4061480070415295,0.0
2-3-1,Run1,189184947851,3.096038818359375,3.4202093827097038,0.0
2-3-1,Run1,189184981901,3.107147216796875,3.434270758377878,0.0
2-3-1,Run1,189184998556,3.118255615234375,3.4483321340460527,1.0
2-3-1,Run1,189185015210,2.89337158203125,3.462393509714227,1.0
2-3-1,Run1,189185031865,2.8343963623046875,3.476454885382401,1.0
2-3-1,Run1,189185048520,2.813705444335937,3.4905162610505758,1.0
2-3-1,Run1,189185065174,2.838592529296875,3.50457763671875,1.0
2-3-1,Run1,189185081829,2.832550048828125,3.3237457275390625,1.0
2-3-1,Run1,189185098484,2.8496551513671875,3.247406005859375,1.0
2-3-1,Run1,189185115138,2.888519287109375,3.3028564453125,1.0
2-3-1,Run1,189185131794,2.92730712890625,3.3028564453125,1.0
2-3-1,Run1,189185148449,2.957611083984375,3.28662109375,1.0
2-3-1,Run1,189185165103,2.95892333984375,3.28662109375,1.0
2-3-1,Run1,189185181758,2.94451904296875,3.336654663085937,1.0
2-3-1,Run1,189185198413,2.977081298828125,3.381378173828125,1.0
2-3-1,Run1,189185215068,3.0004119873046875,3.3871002197265625,1.0
2-3-1,Run1,189185231722,2.985260009765625,3.344085693359375,1.0
2-3-1,Run1,189185248377,2.982330322265625,3.3426971435546875,1.0
2-3-1,Run1,189185265032,2.9486236572265625,3.412445068359375,1.0
2-3-1,Run1,189185281687,2.938583374023437,3.417694091796875,1.0
2-3-1,Run1,189185298342,2.849227905273437,3.3878173828125,1.0
2-3-1,Run1,189185314997,2.82379150390625,3.34136962890625,1.0
2-3-1,Run1,189185331651,2.82379150390625,3.284759521484375,1.0
2-3-1,Run1,189185348306,2.9195022583007812,3.3037567138671875,1.0
2-3-1,Run1,189185364961,3.0152130126953125,3.35577392578125,1.0
2-3-1,Run1,189185381615,2.9197540283203125,3.3589630126953125,1.0
2-3-1,Run1,189185398270,2.951904296875,3.2980499267578125,1.0
2-3-1,Run1,189185414925,2.9408416748046875,3.293563842773437,1.0
2-3-1,Run1,189185431580,2.93353271484375,3.32928466796875,1.0
2-3-1,Run1,189185448235,2.93438720703125,3.3145904541015625,1.0
2-3-1,Run1,189185464890,2.915008544921875,3.2970123291015625,1.0
2-3-1,Run1,189185481545,2.9070281982421875,3.300033569335937,1.0
2-3-1,Run1,189185498199,2.8226470947265625,3.2856597900390625,1.0
2-3-1,Run1,189185514854,2.9649810791015625,3.3584442138671875,0.0
2-3-1,Run1,189185531509,3.1073150634765625,3.4312286376953125,1.0
2-3-1,Run1,189185548163,2.912826538085937,3.2717437744140625,1.0
2-3-1,Run1,189185564818,2.8834991455078125,3.264755249023437,1.0
2-3-1,Run1,189185581474,2.8489227294921875,3.2337188720703125,1.0
2-3-1,Run1,189185598128,2.846832275390625,3.211883544921875,1.0
2-3-1,Run1,189185614783,2.8454742431640625,3.214874267578125,1.0
2-3-1,Run1,189185631438,2.81689453125,3.225372314453125,1.0
2-3-1,Run1,189185648092,2.7923736572265625,3.2007598876953125,1.0
2-3-1,Run1,189185664747,2.846923828125,3.209335327148437,1.0
2-3-1,Run1,189185681402,2.86407470703125,3.2508697509765625,1.0
2-3-1,Run1,189185698056,2.811126708984375,3.2429962158203125,1.0
2-3-1,Run1,189185714711,2.782684326171875,3.19171142578125,1.0
2-3-1,Run1,189185731367,2.760238647460937,3.209686279296875,1.0
2-3-1,Run1,189185748022,2.74627685546875,3.2030029296875,1.0
2-3-1,Run1,189185764676,2.709991455078125,3.174957275390625,1.0
2-3-1,Run1,189185781331,2.6578826904296875,3.229583740234375,1.0
2-3-1,Run1,189185797986,2.7166900634765625,3.20587158203125,1.0
2-3-1,Run1,189185814640,2.75537109375,3.132308959960937,1.0
2-3-1,Run1,189185831295,2.5955810546875,3.0500640869140625,1.0
2-3-1,Run1,189185847950,2.659332275390625,3.082382202148437,1.0
2-3-1,Run1,189185864604,2.7153778076171875,3.134429931640625,1.0
2-3-1,Run1,189185881260,2.705902099609375,3.1571044921875,1.0
2-3-1,Run1,189185897915,2.726043701171875,3.142547607421875,1.0
2-3-1,Run1,189185914569,2.7298583984375,3.1323394775390625,1.0
2-3-1,Run1,189185931224,2.715911865234375,3.150741577148437,1.0
2-3-1,Run1,189185947879,2.727569580078125,3.1529998779296875,1.0
2-3-1,Run1,189185964533,2.765869140625,3.2577667236328125,1.0
2-3-1,Run1,189185981188,2.79949951171875,3.30206298828125,1.0
2-3-1,Run1,189185997843,2.8188934326171875,3.2137603759765625,1.0
2-3-1,Run1,189186014498,2.820709228515625,3.1751708984375,1.0
2-3-1,Run1,189186031153,2.8015594482421875,3.196807861328125,1.0
2-3-1,Run1,189186047808,2.8116912841796875,3.2355194091796875,1.0
2-3-1,Run1,189186064463,2.8136138916015625,3.2268829345703125,1.0
2-3-1,Run1,189186081117,2.897445678710937,3.309295654296875,1.0
2-3-1,Run1,189186097772,3.024139404296875,3.5059814453125,1.0
2-3-1,Run1,189186114427,2.8822021484375,3.359603881835937,1.0
2-3-1,Run1,189186131081,2.88238525390625,3.346893310546875,1.0
2-3-1,Run1,189186147736,2.907562255859375,3.3251190185546875,1.0
2-3-1,Run1,189186164391,2.9333648681640625,3.3312225341796875,1.0
2-3-1,Run1,189186181046,2.90057373046875,3.292327880859375,1.0
2-3-1,Run1,189186197701,2.8772430419921875,3.25616455078125,1.0
2-3-1,Run1,189186214356,2.842376708984375,3.290252685546875,1.0
2-3-1,Run1,189186231010,2.851837158203125,3.313140869140625,1.0
2-3-1,Run1,189186247665,2.84912109375,3.310150146484375,1.0
2-3-1,Run1,189186264320,2.8085174560546875,3.3011932373046875,1.0
2-3-1,Run1,189186280975,2.83001708984375,3.286117553710937,1.0
2-3-1,Run1,189186297629,2.843246459960937,3.322372436523437,1.0
2-3-1,Run1,189186314284,2.832260131835937,3.5118408203125,1.0
2-3-1,Run1,189186330940,2.815185546875,3.3125686645507812,1.0
2-3-1,Run1,189186347594,2.9526519775390625,3.1132965087890625,1.0
2-3-1,Run1,189186364249,2.963165283203125,3.166473388671875,1.0
2-3-1,Run1,189186380904,2.963165283203125,3.2428131103515625,1.0
2-3-1,Run1,189186397558,3.0683746337890625,3.288848876953125,1.0
2-3-1,Run1,189186414213,2.8214111328125,3.260345458984375,1.0
2-3-1,Run1,189186430868,2.7928619384765625,3.2582550048828125,1.0
2-3-1,Run1,189186447522,3.0004119873046875,3.291290283203125,1.0
2-3-1,Run1,189186464177,3.0080718994140625,3.2959442138671875,1.0
2-3-1,Run1,189186480833,3.0080718994140625,3.3369903564453125,1.0
2-3-1,Run1,189186497487,3.0162353515625,3.36041259765625,1.0
2-3-1,Run1,189186514142,2.8676910400390625,3.345123291015625,1.0
2-3-1,Run1,189186530797,2.8993072509765625,3.2740631103515625,1.0
2-3-1,Run1,189186547452,2.869415283203125,3.2505340576171875,1.0
2-3-1,Run1,189186564106,2.8651123046875,3.317626953125,1.0
2-3-1,Run1,189186580761,2.89910888671875,3.3339080810546875,1.0
2-3-1,Run1,189186597416,2.7879180908203125,3.2746734619140625,1.0
2-3-1,Run1,189186614070,2.8139898126775567,3.2826514610877404,0.0
2-3-1,Run1,189186630726,2.8400615345348013,3.2906294602614183,0.0
2-3-1,Run1,189186647381,2.8661332563920454,3.2986074594350963,0.0
2-3-1,Run1,189186664035,2.8922049782492896,3.306585458608774,0.0
2-3-1,Run1,189186680690,2.918276700106534,3.314563457782452,0.0
2-3-1,Run1,189186697345,2.9443484219637783,3.32254145695613,0.0
2-3-1,Run1,189186713999,2.970420143821023,3.3305194561298075,0.0
2-3-1,Run1,189186730654,2.996491865678267,3.3384974553034854,0.0
2-3-1,Run1,189186747309,3.0225635875355112,3.3464754544771633,0.0
2-3-1,Run1,189186763963,3.048635309392756,3.3544534536508412,0.0
2-3-1,Run1,189186780619,3.07470703125,3.362431452824519,1.0
2-3-1,Run1,189186797274,3.141998291015625,3.370409451998197,1.0
2-3-1,Run1,189186813929,3.149658203125,3.378387451171875,1.0
2-3-1,Run1,189186830583,3.1624908447265625,3.378387451171875,1.0
2-3-1,Run1,189186847238,3.170379638671875,3.4816131591796875,1.0
2-3-1,Run1,189186863893,3.183135986328125,3.5652313232421875,1.0
2-3-1,Run1,189186880547,3.178955078125,3.63690185546875,1.0
2-3-1,Run1,189186897202,3.186752319335937,3.5857391357421875,1.0
2-3-1,Run1,189186913857,3.2069854736328125,3.4246826171875,1.0
2-3-1,Run1,189186930512,3.1386871337890625,3.4246826171875,1.0
2-3-1,Run1,189186947167,3.1396217346191406,3.4319408641142,0.0
2-3-1,Run1,189186963822,3.1405563354492188,3.439199111040901,0.0
2-3-1,Run1,189186980476,3.141490936279297,3.446457357967601,0.0
2-3-1,Run1,189186997131,3.142425537109375,3.4537156048943016,0.0
2-3-1,Run1,189187013786,3.143360137939453,3.460973851821002,0.0
2-3-1,Run1,189187030440,3.1442947387695312,3.4682320987477024,0.0
2-3-1,Run1,189187047095,3.1452293395996094,3.4754903456744026,0.0
2-3-1,Run1,189187063750,3.1461639404296875,3.4827485926011033,0.0
2-3-1,Run1,189187080406,3.1470985412597656,3.4900068395278034,0.0
2-3-1,Run1,189187097060,3.1480331420898438,3.4972650864545036,0.0
2-3-1,Run1,189187113715,3.148967742919922,3.5045233333812043,0.0
2-3-1,Run1,189187130370,3.14990234375,3.5117815803079044,0.0
2-3-1,Run1,189187147024,3.150836944580078,3.519039827234605,0.0
2-3-1,Run1,189187163679,3.1517715454101562,3.5262980741613053,0.0
2-3-1,Run1,189187195213,3.1527061462402344,3.533556321088006,0.0
2-3-1,Run1,189187211868,3.1536407470703125,3.540814568014706,0.0
2-3-1,Run1,189187228524,3.1545753479003906,3.5480728149414062,0.0
2-3-1,Run1,189187245178,3.1555099487304688,3.555331061868107,0.0
2-3-1,Run1,189187279916,3.156444549560547,3.562589308794807,0.0
2-3-1,Run1,189187296571,3.157379150390625,3.5698475557215077,1.0
2-3-1,Run1,189187313226,2.9776611328125,3.577105802648208,1.0
2-3-1,Run1,189187329882,2.986480712890625,3.5843640495749085,1.0
2-3-1,Run1,189187346536,3.009429931640625,3.5916222965016087,1.0
2-3-1,Run1,189187363191,3.0276031494140625,3.5988805434283093,1.0
2-3-1,Run1,189187379847,3.0092010498046875,3.6061387903550095,1.0
2-3-1,Run1,189187396501,3.0046539306640625,3.61339703728171,1.0
2-3-1,Run1,189187413156,3.01788330078125,3.6206552842084103,1.0
2-3-1,Run1,189187429811,3.0091094970703125,3.6279135311351105,1.0
2-3-1,Run1,189187446465,3.16009521484375,3.635171778061811,1.0
2-3-1,Run1,189187463120,3.1356964111328125,3.6424300249885113,1.0
2-3-1,Run1,189187479775,3.0137176513671875,3.649688271915212,1.0
2-3-1,Run1,189187496429,3.042709350585937,3.656946518841912,1.0
2-3-1,Run1,189187513084,3.042343139648437,3.6642047657686128,1.0
2-3-1,Run1,189187529740,3.032211303710937,3.671463012695313,1.0
2-3-1,Run1,189187546394,3.033111572265625,3.50299072265625,1.0
2-3-1,Run1,189187563049,3.0533905029296875,3.4261016845703125,1.0
2-3-1,Run1,189187579704,3.0980224609375,3.41119384765625,1.0
2-3-1,Run1,189187596359,3.1084747314453125,3.41119384765625,1.0
2-3-1,Run1,189187613013,3.078460693359375,3.4003448486328125,1.0
2-3-1,Run1,189187629668,3.056793212890625,3.490585327148437,1.0
2-3-1,Run1,189187646323,3.016464233398437,3.384628295898437,1.0
2-3-1,Run1,189187662978,2.916778564453125,3.226043701171875,1.0
2-3-1,Run1,189187679633,2.8676223754882812,3.22667236328125,0.0
2-3-1,Run1,189187696288,2.8184661865234375,3.227301025390625,0.0
2-3-1,Run1,189187712943,2.7693099975585938,3.2279296875,0.0
2-3-1,Run1,189187729598,2.72015380859375,3.228558349609375,0.0
2-3-1,Run1,189187746253,2.6709976196289062,3.22918701171875,0.0
2-3-1,Run1,189187762907,2.6218414306640625,3.229815673828125,0.0
2-3-1,Run1,189187779562,2.5726852416992188,3.2304443359375,0.0
2-3-1,Run1,189187796217,2.523529052734375,3.231072998046875,1.0
2-3-1,Run1,189187812871,2.523529052734375,3.23170166015625,1.0
2-3-1,Run1,189187829527,3.1158905029296875,3.232330322265625,1.0
2-3-1,Run1,189187846182,3.1158905029296875,3.232330322265625,1.0
2-3-1,Run1,189187862837,3.1486053466796875,3.2778472900390625,1.0
2-3-1,Run1,189187879491,2.989608764648437,3.2778472900390625,1.0
2-3-1,Run1,189187896146,3.0166015625,3.6539459228515625,1.0
2-3-1,Run1,189187912801,3.025131225585937,3.50787353515625,1.0
2-3-1,Run1,189187929455,2.988037109375,3.4947662353515625,1.0
2-3-1,Run1,189187946110,2.9554443359375,3.491073608398437,1.0
2-3-1,Run1,189187962765,2.98529052734375,3.428207397460937,1.0
2-3-1,Run1,189187979420,2.981796264648437,3.4692840576171875,1.0
2-3-1,Run1,189187996075,2.9452056884765625,3.5091705322265625,1.0
2-3-1,Run1,189188012730,2.943222045898437,3.484954833984375,1.0
2-3-1,Run1,189188029384,2.951766967773437,3.500396728515625,1.0
2-3-1,Run1,189188046039,3.109466552734375,3.5051727294921875,1.0
2-3-1,Run1,189188062694,3.20672607421875,3.531829833984375,1.0
2-3-1,Run1,189188079348,3.0084228515625,3.55035400390625,1.0
2-3-1,Run1,189188096004,2.9814605712890625,3.518310546875,1.0
2-3-1,Run1,189188112659,2.9528045654296875,3.52655029296875,1.0
2-3-1,Run1,189188129315,2.91668701171875,3.5256500244140625,1.0
2-3-1,Run1,189188145969,3.0517730712890625,3.4834442138671875,1.0
2-3-1,Run1,189188162624,3.1624908447265625,3.4887237548828125,1.0
2-3-1,Run1,189188179279,3.1624908447265625,3.638336181640625,1.0
2-3-1,Run1,189188195933,3.0348052978515625,3.4997787475585938,1.0
2-3-1,Run1,189188212588,2.8559722900390625,3.3612213134765625,1.0
2-3-1,Run1,189188229243,2.90753173828125,3.4430084228515625,1.0
2-3-1,Run1,189188245897,3.17889404296875,3.419921875,1.0
2-3-1,Run1,189188262552,3.096298217773437,3.375,1.0
2-3-1,Run1,189188279208,2.86517333984375,3.3785858154296875,1.0
2-3-1,Run1,189188295862,2.8931884765625,3.394195556640625,1.0
2-3-1,Run1,189188312517,2.890121459960937,3.3583984375,1.0
2-3-1,Run1,189188329172,2.838165283203125,3.351318359375,1.0
2-3-1,Run1,189188345826,2.816757202148437,3.3832550048828125,1.0
2-3-1,Run1,189188362481,2.8042144775390625,3.3831024169921875,1.0
2-3-1,Run1,189188379137,2.793975830078125,3.3487701416015625,1.0
2-3-1,Run1,189188395792,2.8369293212890625,3.332366943359375,1.0
2-3-1,Run1,189188412446,2.8769683837890625,3.4700927734375,1.0
2-3-1,Run1,189188429101,2.8323974609375,3.359222412109375,1.0
2-3-1,Run1,189188445756,2.82244873046875,3.24835205078125,1.0
2-3-1,Run1,189188462410,2.881744384765625,3.3340606689453125,1.0
2-3-1,Run1,189188479066,2.8868560791015625,3.362777709960937,1.0
2-3-1,Run1,189188495721,2.846160888671875,3.2860107421875,1.0
2-3-1,Run1,189188512375,2.8501739501953125,3.2771148681640625,1.0
2-3-1,Run1,189188529030,2.8928375244140625,3.3694000244140625,1.0
2-3-1,Run1,189188545685,2.9112548828125,3.376953125,1.0
2-3-1,Run1,189188562339,2.8892822265625,3.361907958984375,1.0
2-3-1,Run1,189188578995,2.908187866210937,3.3841552734375,1.0
2-3-1,Run1,189188595650,2.95538330078125,3.324935913085937,1.0
2-3-1,Run1,189188612304,3.29010009765625,3.334387737771739,1.0
2-3-1,Run1,189188628959,3.287053158408717,3.3438395624575405,0.0
2-3-1,Run1,189188645614,3.284006219161184,3.353291387143342,0.0
2-3-1,Run1,189188662269,3.280959279913651,3.3627432118291436,0.0
2-3-1,Run1,189188678923,3.2779123406661186,3.3721950365149453,0.0
2-3-1,Run1,189188695578,3.2748654014185856,3.381646861200747,0.0
2-3-1,Run1,189188712233,3.2718184621710527,3.3910986858865484,0.0
2-3-1,Run1,189188728888,3.2687715229235197,3.40055051057235,0.0
2-3-1,Run1,189188745543,3.2657245836759867,3.410002335258152,0.0
2-3-1,Run1,189188762198,3.2626776444284538,3.4194541599439536,0.0
2-3-1,Run1,189188778852,3.2596307051809212,3.4289059846297554,0.0
2-3-1,Run1,189188809236,3.2565837659333883,3.4383578093155567,0.0
2-3-1,Run1,189188825892,3.2535368266858553,3.4478096340013584,0.0
2-3-1,Run1,189188842547,3.2504898874383223,3.45726145868716,0.0
2-3-1,Run1,189188859201,3.2474429481907894,3.466713283372962,0.0
2-3-1,Run1,189188875857,3.2443960089432564,3.4761651080587637,0.0
2-3-1,Run1,189188892512,3.241349069695724,3.485616932744565,0.0
2-3-1,Run1,189188909166,3.238302130448191,3.4950687574303667,0.0
2-3-1,Run1,189188943936,3.235255191200658,3.5045205821161685,0.0
2-3-1,Run1,189188960591,3.232208251953125,3.51397240680197,1.0
2-3-1,Run1,189188977246,3.232208251953125,3.5234242314877715,1.0
2-3-1,Run1,189188993901,3.31072998046875,3.5328760561735733,1.0
2-3-1,Run1,189189010555,3.182220458984375,3.542327880859375,1.0
2-3-1,Run1,189189027211,3.1970977783203125,3.542327880859375,1.0
2-3-1,Run1,189189043866,3.216278076171875,3.53515625,1.0
2-3-1,Run1,189189060520,3.230224609375,3.6070404052734375,1.0
2-3-1,Run1,189189077175,3.2198944091796875,3.6505279541015625,1.0
2-3-1,Run1,189189093830,3.217620849609375,3.6572265625,1.0
2-3-1,Run1,189189110485,3.20587158203125,3.6884918212890634,1.0
2-3-1,Run1,189189127140,3.21319580078125,3.68524169921875,1.0
2-3-1,Run1,189189143795,3.2265625,3.700042724609375,1.0
2-3-1,Run1,189189160449,3.20819091796875,3.66571044921875,1.0
2-3-1,Run1,189189177104,3.1798095703125,3.6186370849609375,1.0
2-3-1,Run1,189189193759,3.097320556640625,3.6186370849609375,1.0
2-3-1,Run1,189189210413,3.027694702148437,3.5665435791015625,1.0
2-3-1,Run1,189189227068,3.027694702148437,3.5665435791015625,1.0
2-3-1,Run1,189189243723,3.1416702270507812,3.6418838500976562,0.0
2-3-1,Run1,189189260379,3.255645751953125,3.71722412109375,1.0
2-3-1,Run1,189189277033,3.0681610107421875,3.71722412109375,1.0
2-3-1,Run1,189189293688,3.061279296875,3.679489135742188,1.0
2-3-1,Run1,189189310343,3.0011138916015625,3.679489135742188,1.0
2-3-1,Run1,189189326998,2.9643096923828125,3.6590423583984375,1.0
2-3-1,Run1,189189343653,2.9707183837890625,3.6590423583984375,1.0
2-3-1,Run1,189189360308,2.9760894775390625,3.6032562255859375,1.0
2-3-1,Run1,189189376962,2.9837646484375,3.4849395751953125,1.0
2-3-1,Run1,189189393617,3.0103302001953125,3.483367919921875,1.0
2-3-1,Run1,189189410272,3.0059356689453125,3.4640350341796875,1.0
2-3-1,Run1,189189426926,3.0112762451171875,3.4512481689453125,1.0
2-3-1,Run1,189189443582,2.9960174560546875,3.444244384765625,1.0
2-3-1,Run1,189189460237,2.9683074951171875,3.4729156494140625,1.0
2-3-1,Run1,189189476891,2.840118408203125,3.4727020263671875,1.0
2-3-1,Run1,189189493546,2.8459014892578125,3.496444702148437,1.0
2-3-1,Run1,189189510201,2.96649169921875,3.7552490234375,1.0
2-3-1,Run1,189189526856,2.9223785400390625,3.5101776123046875,1.0
2-3-1,Run1,189189543511,2.9549560546875,3.265106201171875,1.0
2-3-1,Run1,189189560166,2.931610107421875,3.265106201171875,1.0
2-3-1,Run1,189189576821,2.9480133056640625,3.193572998046875,1.0
2-3-1,Run1,189189593475,2.904525756835937,3.193572998046875,1.0
2-3-1,Run1,189189610130,2.903420188210227,3.1896820068359375,0.0
2-3-1,Run1,189189626785,2.9023146195845166,3.185791015625,0.0
2-3-1,Run1,189189643440,2.9012090509588067,3.1819000244140625,0.0
2-3-1,Run1,189189660095,2.9001034823330962,3.178009033203125,0.0
2-3-1,Run1,189189676750,2.8989979137073862,3.1741180419921875,0.0
2-3-1,Run1,189189693404,2.897892345081676,3.17022705078125,0.0
2-3-1,Run1,189189710059,2.896786776455966,3.1663360595703125,0.0
2-3-1,Run1,189189726714,2.8956812078302554,3.162445068359375,0.0
2-3-1,Run1,189189743368,2.8945756392045454,3.1585540771484375,0.0
2-3-1,Run1,189189760023,2.893470070578835,3.1546630859375,0.0
2-3-1,Run1,189189776679,2.892364501953125,3.1507720947265625,1.0
2-3-1,Run1,189189793334,2.970977783203125,3.1507720947265625,1.0
2-3-1,Run1,189189809988,3.008575439453125,3.244873046875,1.0
2-3-1,Run1,189189826643,2.9700164794921875,3.244873046875,1.0
2-3-1,Run1,189189843299,2.9825592041015625,3.2918243408203125,1.0
2-3-1,Run1,189189859953,3.050521850585937,3.2918243408203125,1.0
2-3-1,Run1,189189876608,3.017074584960937,3.3457489013671875,1.0
2-3-1,Run1,189189893263,3.031005859375,3.3457489013671875,1.0
2-3-1,Run1,189189909917,3.065902709960937,3.462310791015625,1.0
2-3-1,Run1,189189926572,3.066497802734375,3.462310791015625,1.0
2-3-1,Run1,189189943227,3.062957763671875,3.4120025634765625,1.0
2-3-1,Run1,189189959881,3.0878448486328125,3.478668212890625,1.0
2-3-1,Run1,189189976537,3.0892486572265625,3.503936767578125,1.0
2-3-1,Run1,189189993192,3.0885772705078125,3.507537841796875,1.0
2-3-1,Run1,189190009846,3.0986328125,3.505111694335937,1.0
2-3-1,Run1,189190026501,3.1228790283203125,3.5019073486328125,1.0
2-3-1,Run1,189190043156,3.13507080078125,3.50823974609375,1.0
2-3-1,Run1,189190059811,3.113388061523437,3.518417358398437,1.0
2-3-1,Run1,189190076466,3.0944976806640625,3.6898345947265625,1.0
2-3-1,Run1,189190093121,3.135986328125,3.7227630615234375,1.0
2-3-1,Run1,189190109776,3.3988494873046875,3.49285888671875,1.0
2-3-1,Run1,189190126430,3.2585906982421875,3.472640991210937,1.0
2-3-1,Run1,189190143085,3.1013641357421875,3.523300170898437,1.0
2-3-1,Run1,189190159741,3.104278564453125,3.517120361328125,1.0
2-3-1,Run1,189190176395,3.0673065185546875,3.495941162109375,1.0
2-3-1,Run1,189190193050,3.0526885986328125,3.5068817138671875,1.0
2-3-1,Run1,189190209705,3.021453857421875,3.6758880615234375,1.0
2-3-1,Run1,189190226359,2.996795654296875,3.50775146484375,1.0
2-3-1,Run1,189190243014,2.9852752685546875,3.4918975830078125,1.0
2-3-1,Run1,189190259669,3.035552978515625,3.47802734375,1.0
2-3-1,Run1,189190276324,3.02703857421875,3.40814208984375,1.0
2-3-1,Run1,189190292979,2.974716186523437,3.45172119140625,1.0
2-3-1,Run1,189190309634,2.952117919921875,3.617752075195313,1.0
2-3-1,Run1,189190326289,2.983856201171875,3.481292724609375,1.0
2-3-1,Run1,189190342943,3.018310546875,3.344833374023437,1.0
2-3-1,Run1,189190359598,2.9937896728515625,3.421142578125,1.0
2-3-1,Run1,189190376253,2.97509765625,3.416839599609375,1.0
2-3-1,Run1,189190392907,2.990707397460937,3.400131225585937,1.0
2-3-1,Run1,189190409563,2.981918334960937,3.43206787109375,1.0
2-3-1,Run1,189190426218,2.9536590576171875,3.4243316650390625,1.0
2-3-1,Run1,189190442872,2.9675750732421875,3.35662841796875,1.0
2-3-1,Run1,189190459527,2.9387359619140625,3.3843231201171875,1.0
2-3-1,Run1,189190476182,2.921615600585937,3.409942626953125,1.0
2-3-1,Run1,189190492836,2.9567413330078125,3.254745483398437,1.0
2-3-1,Run1,189190509492,3.1905059814453125,3.023773193359375,1.0
2-3-1,Run1,189190526147,3.12673102484809,2.9919420878092446,0.0
2-3-1,Run1,189190542801,3.062956068250868,2.9601109822591147,0.0
2-3-1,Run1,189190559457,2.999181111653646,2.9282798767089844,0.0
2-3-1,Run1,189190576112,2.9354061550564237,2.896448771158854,0.0
2-3-1,Run1,189190592767,2.8716311984592013,2.864617665608724,0.0
2-3-1,Run1,189190609421,2.807856241861979,2.8327865600585938,0.0
2-3-1,Run1,189190626076,2.744081285264757,2.8009554545084634,0.0
2-3-1,Run1,189190642731,2.680306328667535,2.7691243489583335,0.0
2-3-1,Run1,189190659385,2.6165313720703125,2.737293243408203,1.0
2-3-1,Run1,189190676040,2.6165313720703125,2.7054621378580728,1.0
2-3-1,Run1,189190692695,3.096542358398437,2.673631032307943,1.0
2-3-1,Run1,189190709350,2.939666748046875,2.6417999267578125,1.0
2-3-1,Run1,189190726005,2.8531036376953125,2.6417999267578125,1.0
2-3-1,Run1,189190742660,2.8866729736328125,3.2527008056640625,1.0
2-3-1,Run1,189190759314,2.9838409423828125,3.2527008056640625,1.0
2-3-1,Run1,189190775969,3.0142364501953125,3.26287841796875,1.0
2-3-1,Run1,189190792624,3.0136871337890625,3.375396728515625,1.0
2-3-1,Run1,189190809278,3.006591796875,3.473007202148437,1.0
2-3-1,Run1,189190825934,2.99017333984375,3.430755615234375,1.0
2-3-1,Run1,189190842589,3.0003814697265625,3.3841705322265625,1.0
2-3-1,Run1,189190859244,3.029144287109375,3.34307861328125,1.0
2-3-1,Run1,189190875899,3.031890869140625,3.3577880859375,1.0
2-3-1,Run1,189190892554,3.084136962890625,3.339950561523437,1.0
2-3-1,Run1,189190909209,3.092269897460937,3.385528564453125,1.0
2-3-1,Run1,189190925863,3.0467987060546875,3.33197021484375,1.0
2-3-1,Run1,189190942518,3.038665771484375,3.353500366210937,1.0
2-3-1,Run1,189190959173,3.0459136962890625,3.430206298828125,1.0
2-3-1,Run1,189190975827,3.058380126953125,3.4228668212890625,1.0
2-3-1,Run1,189190992483,3.0573272705078125,3.454925537109375,1.0
2-3-1,Run1,189191009138,3.04266357421875,3.48114013671875,1.0
2-3-1,Run1,189191025792,3.0422821044921875,3.51031494140625,1.0
2-3-1,Run1,189191042447,3.023773193359375,3.492172241210937,1.0
2-3-1,Run1,189191059102,3.021591186523437,3.468994140625,1.0
2-3-1,Run1,189191075756,3.021469116210937,3.4644775390625,1.0
2-3-1,Run1,189191092411,3.026107788085937,3.479766845703125,1.0
2-3-1,Run1,189191109066,2.995223999023437,3.4647369384765625,1.0
2-3-1,Run1,189191125721,2.997589111328125,3.46234130859375,1.0
2-3-1,Run1,189191142376,3.0066680908203125,3.4320220947265625,1.0
2-3-1,Run1,189191159031,2.988510131835937,3.4424591064453125,1.0
2-3-1,Run1,189191175686,2.9913482666015625,3.46002197265625,1.0
2-3-1,Run1,189191192340,2.98040771484375,3.3977203369140625,1.0
2-3-1,Run1,189191208995,2.97186279296875,3.3841094970703125,1.0
2-3-1,Run1,189191225651,2.97576904296875,3.4477691650390625,1.0
2-3-1,Run1,189191242305,2.9806671142578125,3.43621826171875,1.0
2-3-1,Run1,189191258960,2.968231201171875,3.407501220703125,1.0
2-3-1,Run1,189191275615,2.94793701171875,3.428817749023437,1.0
2-3-1,Run1,189191292270,2.9696502685546875,3.437713623046875,1.0
2-3-1,Run1,189191308925,2.9461669921875,3.413055419921875,1.0
2-3-1,Run1,189191325580,2.932281494140625,3.398422241210937,1.0
2-3-1,Run1,189191342234,2.944915771484375,3.412750244140625,1.0
2-3-1,Run1,189191358889,2.95068359375,3.44146728515625,1.0
2-3-1,Run1,189191375544,2.940399169921875,3.40081787109375,1.0
2-3-1,Run1,189191392199,2.940032958984375,3.39117431640625,1.0
2-3-1,Run1,189191408853,2.9525909423828125,3.38275146484375,1.0
2-3-1,Run1,189191425509,2.937713623046875,3.324691772460937,1.0
2-3-1,Run1,189191442164,2.927276611328125,3.3475341796875,1.0
2-3-1,Run1,189191458818,2.881088256835937,3.39105224609375,1.0
2-3-1,Run1,189191475473,2.8516845703125,3.272735595703125,1.0
2-3-1,Run1,189191492128,2.754150390625,3.1698150634765625,1.0
2-3-1,Run1,189191508782,2.7182968139648436,3.176512498121995,0.0
2-3-1,Run1,189191525437,2.6824432373046876,3.183209932767428,0.0
2-3-1,Run1,189191542092,2.646589660644531,3.1899073674128604,0.0
2-3-1,Run1,189191558746,2.6107360839843747,3.1966048020582933,0.0
2-3-1,Run1,189191575402,2.5748825073242188,3.203302236703726,0.0
2-3-1,Run1,189191592058,2.5390289306640623,3.2099996713491588,0.0
2-3-1,Run1,189191608712,2.503175354003906,3.2166971059945912,0.0
2-3-1,Run1,189191625367,2.4673217773437495,3.223394540640024,0.0
2-3-1,Run1,189191642022,2.4314682006835935,3.2300919752854567,0.0
2-3-1,Run1,189191658677,2.395614624023437,3.2367894099308896,1.0
2-3-1,Run1,189191675331,2.62347412109375,3.243486844576322,1.0
2-3-1,Run1,189191691986,2.8834228515625,3.250184279221755,1.0
2-3-1,Run1,189191708641,2.928558349609375,3.2568817138671875,1.0
2-3-1,Run1,189191725296,2.95428466796875,3.2568817138671875,1.0
2-3-1,Run1,189191741951,2.9699859619140625,3.251449584960937,1.0
2-3-1,Run1,189191758606,2.990875244140625,3.251449584960937,1.0
2-3-1,Run1,189191775260,3.01422119140625,3.305877685546875,1.0
2-3-1,Run1,189191791915,3.03436279296875,3.45977783203125,1.0
2-3-1,Run1,189191808570,3.0412750244140625,3.4980926513671875,1.0
2-3-1,Run1,189191825224,3.025665283203125,3.455062866210937,1.0
2-3-1,Run1,189191841879,2.999252319335937,3.47314453125,1.0
2-3-1,Run1,189191858534,3.039154052734375,3.3943634033203125,1.0
2-3-1,Run1,189191875189,3.0830535888671875,3.3875274658203125,1.0
2-3-1,Run1,189191891844,3.0725250244140625,3.4535675048828125,1.0
2-3-1,Run1,189191908499,3.0561981201171875,3.476715087890625,1.0
2-3-1,Run1,189191925154,3.0595855712890625,3.50848388671875,1.0
2-3-1,Run1,189191941809,3.0718536376953125,3.5183868408203125,1.0
2-3-1,Run1,189191958464,3.0990447998046875,3.4880828857421875,1.0
2-3-1,Run1,189191975119,3.10784912109375,3.495223999023437,1.0
2-3-1,Run1,189191991773,3.069061279296875,3.445541381835937,1.0
2-3-1,Run1,189192008429,3.0222320556640625,3.47869873046875,1.0
2-3-1,Run1,189192025084,3.0427703857421875,3.5016021728515625,1.0
2-3-1,Run1,189192041738,3.067474365234375,3.5191802978515625,1.0
2-3-1,Run1,189192058393,3.0592041015625,3.5510406494140625,1.0
2-3-1,Run1,189192075048,3.0305633544921875,3.493270874023437,1.0
2-3-1,Run1,189192091702,3.0234527587890625,3.4809112548828125,1.0
2-3-1,Run1,189192108357,3.0274200439453125,3.4893951416015625,1.0
2-3-1,Run1,189192125012,3.02239990234375,3.469696044921875,1.0
2-3-1,Run1,189192141666,3.004257202148437,3.454696655273437,1.0
2-3-1,Run1,189192158322,2.976043701171875,3.4498443603515625,1.0
2-3-1,Run1,189192174977,2.960296630859375,3.434432983398437,1.0
2-3-1,Run1,189192191632,2.948959350585937,3.3599395751953125,1.0
2-3-1,Run1,189192208286,3.13909912109375,3.2451934814453125,1.0
2-3-1,Run1,189192224941,3.13885498046875,3.2086448669433594,1.0
2-3-1,Run1,189192241596,3.1201192220052083,3.1720962524414062,0.0
2-3-1,Run1,189192258250,3.1013834635416666,3.135547637939453,0.0
2-3-1,Run1,189192274905,3.082647705078125,3.0989990234375,0.0
2-3-1,Run1,189192291560,3.063911946614583,3.062450408935547,0.0
2-3-1,Run1,189192308215,3.0451761881510415,3.0259017944335938,0.0
2-3-1,Run1,189192324870,3.0264404296875,2.9893531799316406,0.0
2-3-1,Run1,189192341525,3.0077046712239586,2.9528045654296875,0.0
2-3-1,Run1,189192358179,2.988968912760417,2.9162559509277344,0.0
2-3-1,Run1,189192374834,2.970233154296875,2.8797073364257812,0.0
2-3-1,Run1,189192391489,2.9514973958333335,2.843158721923828,0.0
2-3-1,Run1,189192408143,2.932761637369792,2.806610107421875,0.0
2-3-1,Run1,189192424798,2.91402587890625,2.770061492919922,0.0
2-3-1,Run1,189192441454,2.8952901204427084,2.7335128784179688,0.0
2-3-1,Run1,189192458109,2.8765543619791667,2.6969642639160156,0.0
2-3-1,Run1,189192474763,2.857818603515625,2.6604156494140625,1.0
2-3-1,Run1,189192491418,2.983489990234375,2.6604156494140625,1.0
2-3-1,Run1,189192508073,3.0178375244140625,3.242050170898437,1.0
2-3-1,Run1,189192524727,2.9915008544921875,3.242050170898437,1.0
2-3-1,Run1,189192541382,2.964385986328125,3.3214569091796875,1.0
2-3-1,Run1,189192558037,3.005233764648437,3.3214569091796875,1.0
2-3-1,Run1,189192574691,3.0102691650390625,3.300323486328125,1.0
2-3-1,Run1,189192591347,3.030059814453125,3.300323486328125,1.0
2-3-1,Run1,189192608002,3.0238800048828125,3.353729248046875,1.0
2-3-1,Run1,189192624656,2.9923858642578125,3.353729248046875,1.0
2-3-1,Run1,189192641311,3.021347045898437,3.358978271484375,1.0
2-3-1,Run1,189192657966,3.066558837890625,3.358978271484375,1.0
2-3-1,Run1,189192674620,3.047698974609375,3.333587646484375,1.0
2-3-1,Run1,189192691275,2.97930908203125,3.399688720703125,1.0
2-3-1,Run1,189192707930,2.96575927734375,3.427459716796875,1.0
2-3-1,Run1,189192724585,2.984161376953125,3.4127197265625,1.0
2-3-1,Run1,189192741240,2.9732208251953125,3.409149169921875,1.0
2-3-1,Run1,189192757895,2.9556121826171875,3.3404541015625,1.0
2-3-1,Run1,189192774550,2.951889038085937,3.3353424072265625,1.0
2-3-1,Run1,189192791204,2.9814605712890625,3.402587890625,1.0
2-3-1,Run1,189192807859,2.9595489501953125,3.3815460205078125,1.0
2-3-1,Run1,189192824514,2.955047607421875,3.3959503173828125,1.0
2-3-1,Run1,189192841168,2.9704742431640625,3.4207763671875,1.0
2-3-1,Run1,189192857823,2.971466064453125,3.4483795166015625,1.0
2-3-1,Run1,189192874479,2.9408111572265625,3.41632080078125,1.0
2-3-1,Run1,189192891133,2.9158172607421875,3.373077392578125,1.0
2-3-1,Run1,189192907788,2.904876708984375,3.346298217773437,1.0
2-3-1,Run1,189192924443,2.890045166015625,3.313720703125,1.0
2-3-1,Run1,189192941097,2.913970947265625,3.338714599609375,1.0
2-3-1,Run1,189192957752,2.945068359375,3.3766326904296875,1.0
2-3-1,Run1,189192974407,2.970809936523437,3.404998779296875,1.0
2-3-1,Run1,189192991062,2.97100830078125,3.4195556640625,1.0
2-3-1,Run1,189193007716,2.9404754638671875,3.335205078125,1.0
2-3-1,Run1,189193024372,2.928314208984375,3.3329315185546875,1.0
2-3-1,Run1,189193041027,2.9519805908203125,3.343658447265625,1.0
2-3-1,Run1,189193057681,2.9584197998046875,3.306381225585937,1.0
2-3-1,Run1,189193074336,2.94927978515625,3.3502960205078125,1.0
2-3-1,Run1,189193090991,2.941070556640625,3.351348876953125,1.0
2-3-1,Run1,189193107645,2.8965301513671875,3.3257598876953125,1.0
2-3-1,Run1,189193124300,2.886215209960937,3.333740234375,1.0
2-3-1,Run1,189193140955,2.9271697998046875,3.366302490234375,1.0
2-3-1,Run1,189193157609,2.9108123779296875,3.3653717041015625,1.0
2-3-1,Run1,189193174265,2.8631744384765625,3.31060791015625,1.0
2-3-1,Run1,189193190920,2.873565673828125,3.2803497314453125,1.0
2-3-1,Run1,189193207574,2.8926239013671875,3.29656982421875,1.0
2-3-1,Run1,189193224229,2.9298095703125,3.335678100585937,1.0
2-3-1,Run1,189193240884,2.924163818359375,3.3216552734375,1.0
2-3-1,Run1,189193257539,2.8953094482421875,3.24542236328125,1.0
2-3-1,Run1,189193274193,2.8866424560546875,3.2783966064453125,1.0
2-3-1,Run1,189193290848,2.869659423828125,3.2783966064453125,1.0
2-3-1,Run1,189193307503,2.87506103515625,3.20245361328125,1.0
2-3-1,Run1,189193324158,2.893173217773437,3.29376220703125,1.0
2-3-1,Run1,189193340813,2.868270874023437,3.313079833984375,1.0
2-3-1,Run1,189193357468,2.8711090087890625,3.2899627685546875,1.0
2-3-1,Run1,189193374122,2.901519775390625,3.315704345703125,1.0
2-3-1,Run1,189193390777,2.8740234375,3.326171875,1.0
2-3-1,Run1,189193407432,2.879852294921875,3.3080291748046875,1.0
2-3-1,Run1,189193424086,2.9241943359375,3.294677734375,1.0
2-3-1,Run1,189193440741,2.939697265625,3.433822631835937,1.0
2-3-1,Run1,189193457397,2.7898101806640625,3.4141941070556636,1.0
2-3-1,Run1,189193474051,2.817913600376674,3.39456558227539,0.0
2-3-1,Run1,189193490706,2.8460170200892856,3.3749370574951167,0.0
2-3-1,Run1,189193507361,2.874120439801897,3.3553085327148433,0.0
2-3-1,Run1,189193524016,2.902223859514509,3.33568000793457,0.0
2-3-1,Run1,189193540670,2.9303272792271207,3.3160514831542964,0.0
2-3-1,Run1,189193557325,2.958430698939732,3.296422958374023,0.0
2-3-1,Run1,189193573980,2.9865341186523438,3.27679443359375,0.0
2-3-1,Run1,189193590634,3.0146375383649553,3.2571659088134766,0.0
2-3-1,Run1,189193607290,3.042740958077567,3.237537384033203,0.0
2-3-1,Run1,189193623945,3.0708443777901784,3.2179088592529297,0.0
2-3-1,Run1,189193655271,3.09894779750279,3.1982803344726562,0.0
2-3-1,Run1,189193671926,3.127051217215402,3.178651809692383,0.0
2-3-1,Run1,189193705974,3.1551546369280135,3.1590232849121094,0.0
2-3-1,Run1,189193722629,3.183258056640625,3.139394760131836,1.0
2-3-1,Run1,189193739284,3.014511108398437,3.1197662353515625,1.0
2-3-1,Run1,189193755940,2.9929962158203125,3.1197662353515625,1.0
2-3-1,Run1,189193772594,2.98175048828125,3.291961669921875,1.0
2-3-1,Run1,189193789249,3.024887084960937,3.359237670898437,1.0
2-3-1,Run1,189193805904,3.0229949951171875,3.4048309326171875,1.0
2-3-1,Run1,189193822558,3.026092529296875,3.436004638671875,1.0
2-3-1,Run1,189193839213,3.0556640625,3.4615020751953125,1.0
2-3-1,Run1,189193855868,3.0664215087890625,3.392120361328125,1.0
2-3-1,Run1,189193872522,3.061859130859375,3.367828369140625,1.0
2-3-1,Run1,189193889178,3.0586090087890625,3.367828369140625,1.0
2-3-1,Run1,189193905833,3.24310302734375,3.37860107421875,1.0
2-3-1,Run1,189193922487,3.2808074951171875,3.4316864013671875,1.0
2-3-1,Run1,189193939142,3.0420074462890625,3.447357177734375,1.0
2-3-1,Run1,189193955797,3.00994873046875,3.459503173828125,1.0
2-3-1,Run1,189193972451,3.0402984619140625,3.6052398681640634,1.0
2-3-1,Run1,189193989106,3.056396484375,3.867874145507813,1.0
2-3-1,Run1,189194005761,3.0460662841796875,3.5592041015625,1.0
2-3-1,Run1,189194022416,3.0497589111328125,3.485458374023437,1.0
2-3-1,Run1,189194039071,3.0296630859375,3.4632720947265625,1.0
2-3-1,Run1,189194055726,3.03656005859375,3.38458251953125,1.0
2-3-1,Run1,189194072381,3.0324859619140625,3.358734130859375,1.0
2-3-1,Run1,189194089035,3.0381011962890625,3.40643310546875,1.0
2-3-1,Run1,189194105690,3.025634765625,3.4068145751953125,1.0
2-3-1,Run1,189194122345,2.9713287353515625,3.32586669921875,1.0
2-3-1,Run1,189194138999,2.981048583984375,3.2369384765625,1.0
2-3-1,Run1,189194155654,2.99005126953125,3.51544189453125,1.0
2-3-1,Run1,189194172309,2.9711456298828125,3.3719635009765625,1.0
2-3-1,Run1,189194188964,2.969085693359375,3.3090362548828125,1.0
2-3-1,Run1,189194205619,2.9976806640625,3.361068725585937,1.0
2-3-1,Run1,189194222274,3.0077362060546875,3.399032592773437,1.0
2-3-1,Run1,189194238928,2.9932098388671875,3.37469482421875,1.0
2-3-1,Run1,189194255583,3.0035400390625,3.417205810546875,1.0
2-3-1,Run1,189194272238,3.0054473876953125,3.44775390625,1.0
2-3-1,Run1,189194288893,2.9895782470703125,3.420272827148437,1.0
2-3-1,Run1,189194305547,2.99078369140625,3.3950958251953125,1.0
2-3-1,Run1,189194322202,3.0093994140625,3.399261474609375,1.0
2-3-1,Run1,189194338858,3.00146484375,3.43170166015625,1.0
2-3-1,Run1,189194355512,3.0153961181640625,3.425155639648437,1.0
2-3-1,Run1,189194372167,3.041366577148437,3.417709350585937,1.0
2-3-1,Run1,189194388822,3.01043701171875,3.4178009033203125,1.0
2-3-1,Run1,189194405476,3.0240631103515625,3.428070068359375,1.0
2-3-1,Run1,189194422131,3.058822631835937,3.3896942138671875,1.0
2-3-1,Run1,189194438786,3.069915771484375,3.43585205078125,1.0
2-3-1,Run1,189194455440,3.060760498046875,3.4838409423828125,1.0
2-3-1,Run1,189194472096,3.06304931640625,3.610626220703125,1.0
2-3-1,Run1,189194488751,3.08453369140625,3.588607788085937,1.0
2-3-1,Run1,189194505405,3.0680084228515625,3.588607788085937,1.0
2-3-1,Run1,189194522060,3.0608062744140625,3.663848876953125,1.0
2-3-1,Run1,189194538715,3.092391967773437,3.663848876953125,1.0
2-3-1,Run1,189194555370,3.1010894775390625,3.640426635742188,1.0
2-3-1,Run1,189194572024,3.1198883056640625,3.5018768310546875,1.0
2-3-1,Run1,189194588679,3.120025634765625,3.45135498046875,1.0
2-3-1,Run1,189194605334,3.109710693359375,3.479843139648437,1.0
2-3-1,Run1,189194621989,3.1071319580078125,3.5263824462890625,1.0
2-3-1,Run1,189194638644,3.124862670898437,3.495086669921875,1.0
2-3-1,Run1,189194655299,3.124862670898437,3.485198974609375,1.0
2-3-1,Run1,189194671953,3.1339569091796875,3.516021728515625,1.0
2-3-1,Run1,189194688608,3.126434326171875,3.479736328125,1.0
2-3-1,Run1,189194705263,3.143585205078125,3.4686279296875,1.0
2-3-1,Run1,189194721917,3.101287841796875,3.4686279296875,1.0
2-3-1,Run1,189194738572,3.1632843017578125,3.440548366970486,1.0
2-3-1,Run1,189194755227,3.056359427315848,3.4124688042534723,0.0
2-3-1,Run1,189194771882,2.949434552873884,3.3843892415364585,0.0
2-3-1,Run1,189194788537,2.8425096784319197,3.3563096788194446,0.0
2-3-1,Run1,189194805192,2.7355848039899553,3.3282301161024304,0.0
2-3-1,Run1,189194821847,2.6286599295479913,3.3001505533854165,0.0
2-3-1,Run1,189194838501,2.521735055106027,3.2720709906684027,0.0
2-3-1,Run1,189194855156,2.4148101806640625,3.243991427951389,1.0
2-3-1,Run1,189194871811,2.4148101806640625,3.215911865234375,1.0
2-3-1,Run1,189194888465,3.2531890869140625,3.215911865234375,1.0
2-3-1,Run1,189194905121,3.15606689453125,3.456451416015625,1.0
2-3-1,Run1,189194921776,3.1918182373046875,3.456451416015625,1.0
2-3-1,Run1,189194938430,3.219451904296875,3.545272827148437,1.0
2-3-1,Run1,189194955085,3.208953857421875,3.545272827148437,1.0
2-3-1,Run1,189194971740,3.188095092773437,3.609527587890625,1.0
2-3-1,Run1,189194988394,3.1922607421875,3.66912841796875,1.0
2-3-1,Run1,189195005049,3.2065887451171875,3.7017822265625,1.0
2-3-1,Run1,189195021704,3.206527709960937,3.721115112304688,1.0
2-3-1,Run1,189195038358,3.218002319335937,3.727249145507813,1.0
2-3-1,Run1,189195055014,3.1571807861328125,3.676666259765625,1.0
2-3-1,Run1,189195071669,3.087310791015625,3.625152587890625,1.0
2-3-1,Run1,189195088324,3.173370361328125,3.6765289306640634,1.0
2-3-1,Run1,189195104978,3.1894683837890625,3.69384765625,1.0
2-3-1,Run1,189195121633,3.220367431640625,3.7061767578125,1.0
2-3-1,Run1,189195138288,3.2106475830078125,3.8543701171875,1.0
2-3-1,Run1,189195154942,3.200439453125,3.915802001953125,1.0
2-3-1,Run1,189195171597,3.3732452392578125,3.915802001953125,1.0
2-3-1,Run1,189195188252,3.4219512939453125,3.8596343994140634,1.0
2-3-1,Run1,189195204907,3.2095184326171875,3.7129058837890634,1.0
2-3-1,Run1,189195221562,3.1850738525390625,3.6964111328125,1.0
2-3-1,Run1,189195238217,3.3653106689453125,3.795806884765625,1.0
2-3-1,Run1,189195254871,3.2698211669921875,3.810699462890625,1.0
2-3-1,Run1,189195271526,3.108749389648437,3.810699462890625,1.0
2-3-1,Run1,189195288181,3.108795166015625,3.734344482421875,1.0
2-3-1,Run1,189195304835,3.127288818359375,3.66229248046875,1.0
2-3-1,Run1,189195321490,3.127349853515625,3.63714599609375,1.0
2-3-1,Run1,189195338145,3.1339874267578125,3.6147613525390634,1.0
2-3-1,Run1,189195354801,3.128158569335937,3.6147613525390634,1.0
2-3-1,Run1,189195371455,3.047698974609375,3.2778472900390625,1.0
2-3-1,Run1,189195388110,2.886932373046875,3.2778472900390625,1.0
2-3-1,Run1,189195404765,2.9082369123186385,3.290735880533854,0.0
2-3-1,Run1,189195421419,2.929541451590402,3.303624471028646,0.0
2-3-1,Run1,189195438074,2.9508459908621654,3.3165130615234375,0.0
2-3-1,Run1,189195454729,2.9721505301339284,3.329401652018229,0.0
2-3-1,Run1,189195471383,2.993455069405692,3.342290242513021,0.0
2-3-1,Run1,189195488039,3.0147596086774553,3.3551788330078125,0.0
2-3-1,Run1,189195504694,3.0360641479492188,3.368067423502604,0.0
2-3-1,Run1,189195521348,3.057368687220982,3.380956013997396,0.0
2-3-1,Run1,189195538003,3.0786732264927457,3.3938446044921875,0.0
2-3-1,Run1,189195554658,3.099977765764509,3.406733194986979,0.0
2-3-1,Run1,189195585291,3.121282305036272,3.419621785481771,0.0
2-3-1,Run1,189195601946,3.1425868443080356,3.4325103759765625,0.0
2-3-1,Run1,189195635988,3.163891383579799,3.445398966471354,0.0
2-3-1,Run1,189195652643,3.1851959228515625,3.458287556966146,1.0
2-3-1,Run1,189195669297,3.1073150634765625,3.4711761474609375,1.0
2-3-1,Run1,189195685952,3.133758544921875,3.484064737955729,1.0
2-3-1,Run1,189195702607,3.255615234375,3.496953328450521,1.0
2-3-1,Run1,189195719262,3.312606811523437,3.5098419189453125,1.0
2-3-1,Run1,189195735916,3.312606811523437,3.522730509440104,1.0
2-3-1,Run1,189195752571,3.2063751220703125,3.535619099934896,0.0
2-3-1,Run1,189195769226,3.1001434326171875,3.5485076904296875,1.0
2-3-1,Run1,189195785881,3.178314208984375,3.61724853515625,1.0
2-3-1,Run1,189195802536,3.18670654296875,3.6420745849609375,1.0
2-3-1,Run1,189195819191,3.1824493408203125,3.67742919921875,1.0
2-3-1,Run1,189195835845,3.186248779296875,3.687591552734375,1.0
2-3-1,Run1,189195852500,3.203887939453125,3.600311279296875,1.0
2-3-1,Run1,189195869155,3.195343017578125,3.6201019287109375,1.0
2-3-1,Run1,189195885809,3.20098876953125,3.689651489257813,1.0
2-3-1,Run1,189195902464,3.1858367919921875,3.688644409179688,1.0
2-3-1,Run1,189195919120,3.18243408203125,3.6688079833984375,1.0
2-3-1,Run1,189195935774,3.172210693359375,3.661056518554688,1.0
2-3-1,Run1,189195952429,3.14935302734375,3.6678619384765625,1.0
2-3-1,Run1,189195969084,3.1140899658203125,3.663528442382813,1.0
2-3-1,Run1,189195985739,3.1138153076171875,3.634674072265625,1.0
2-3-1,Run1,189196002393,3.104217529296875,3.615798950195313,1.0
2-3-1,Run1,189196019048,3.0962371826171875,3.575927734375,1.0
2-3-1,Run1,189196035703,3.0882720947265625,3.49346923828125,1.0
2-3-1,Run1,189196052357,3.089111328125,3.54632568359375,1.0
2-3-1,Run1,189196069013,3.06011962890625,3.6998291015625,1.0
2-3-1,Run1,189196085668,3.039947509765625,3.662872314453125,1.0
2-3-1,Run1,189196102322,3.2340240478515625,3.662872314453125,1.0
2-3-1,Run1,189196118977,3.2324407240923714,3.623317045323989,0.0
2-3-1,Run1,189196135632,3.2308574003331803,3.583761776194853,0.0
2-3-1,Run1,189196152286,3.229274076573989,3.544206507065717,0.0
2-3-1,Run1,189196168941,3.227690752814798,3.504651237936581,0.0
2-3-1,Run1,189196185596,3.2261074290556064,3.4650959688074447,0.0
2-3-1,Run1,189196202250,3.2245241052964153,3.425540699678309,0.0
2-3-1,Run1,189196218906,3.222940781537224,3.385985430549173,0.0
2-3-1,Run1,189196235561,3.221357457778033,3.3464301614200367,0.0
2-3-1,Run1,189196252216,3.219774134018842,3.306874892290901,0.0
2-3-1,Run1,189196268870,3.218190810259651,3.2673196231617645,0.0
2-3-1,Run1,189196285525,3.2166074865004597,3.2277643540326286,0.0
2-3-1,Run1,189196302180,3.2150241627412686,3.1882090849034928,0.0
2-3-1,Run1,189196318834,3.213440838982077,3.1486538157743564,0.0
2-3-1,Run1,189196335489,3.211857515222886,3.1090985466452206,0.0
2-3-1,Run1,189196352144,3.2102741914636947,3.0695432775160842,0.0
2-3-1,Run1,189196368799,3.2086908677045036,3.0299880083869484,0.0
2-3-1,Run1,189196385454,3.2071075439453125,2.9904327392578125,1.0
2-3-1,Run1,189196402109,3.080902099609375,2.9904327392578125,1.0
2-3-1,Run1,189196418763,2.96820068359375,3.1037521362304688,1.0
2-3-1,Run1,189196435418,2.87017822265625,3.217071533203125,1.0
2-3-1,Run1,189196452073,3.001739501953125,3.312255859375,1.0
2-3-1,Run1,189196468727,2.9828338623046875,3.3067626953125,1.0
2-3-1,Run1,189196485382,2.9925537109375,3.3662261962890625,1.0
2-3-1,Run1,189196502038,3.01953125,3.382415771484375,1.0
2-3-1,Run1,189196518693,3.027587890625,3.2527618408203125,1.0
2-3-1,Run1,189196535347,3.062408447265625,3.371063232421875,1.0
2-3-1,Run1,189196552002,3.0058135986328125,3.371063232421875,1.0
2-3-1,Run1,189196568657,2.98443603515625,3.3374481201171875,1.0
2-3-1,Run1,189196585311,3.006576538085937,3.3374481201171875,1.0
2-3-1,Run1,189196601966,3.009979248046875,3.384490966796875,1.0
2-3-1,Run1,189196618621,3.019271850585937,3.337890625,1.0
2-3-1,Run1,189196635275,3.033798217773437,3.3544158935546875,1.0
2-3-1,Run1,189196651931,3.041000366210937,3.4170379638671875,1.0
2-3-1,Run1,189196668586,3.025741577148437,3.440460205078125,1.0
2-3-1,Run1,189196685240,3.0347442626953125,3.471160888671875,1.0
2-3-1,Run1,189196701895,3.0567169189453125,3.4566192626953125,1.0
2-3-1,Run1,189196718550,3.0664520263671875,3.467376708984375,1.0
2-3-1,Run1,189196735204,3.040023803710937,3.4655914306640625,1.0
2-3-1,Run1,189196751859,3.0304107666015625,3.490966796875,1.0
2-3-1,Run1,189196768514,3.025482177734375,3.4859161376953125,1.0
2-3-1,Run1,189196785169,3.0514678955078125,3.403549194335937,1.0
2-3-1,Run1,189196801824,3.0509796142578125,3.4070281982421875,1.0
2-3-1,Run1,189196818479,3.039901733398437,3.4622802734375,1.0
2-3-1,Run1,189196835134,3.042205810546875,3.4448394775390625,1.0
2-3-1,Run1,189196851788,3.0110626220703125,3.4517822265625,1.0
2-3-1,Run1,189196868443,2.988677978515625,3.6330718994140634,1.0
2-3-1,Run1,189196885098,2.978546142578125,3.548492431640625,1.0
2-3-1,Run1,189196901752,2.9629058837890625,3.3798065185546875,1.0
2-3-1,Run1,189196918407,2.877197265625,3.312896728515625,1.0
2-3-1,Run1,189196935063,2.8812942504882812,3.3135753430818258,0.0
2-3-1,Run1,189196951717,2.8853912353515625,3.314253957648026,0.0
2-3-1,Run1,189196968372,2.8894882202148438,3.314932572214227,0.0
2-3-1,Run1,189196985027,2.893585205078125,3.3156111867804277,0.0
2-3-1,Run1,189197001681,2.8976821899414062,3.316289801346628,0.0
2-3-1,Run1,189197018336,2.9017791748046875,3.3169684159128288,0.0
2-3-1,Run1,189197034991,2.9058761596679688,3.3176470304790295,0.0
2-3-1,Run1,189197051646,2.90997314453125,3.31832564504523,0.0
2-3-1,Run1,189197068300,2.9140701293945312,3.3190042596114306,0.0
2-3-1,Run1,189197084956,2.9181671142578125,3.3196828741776314,1.0
2-3-1,Run1,189197101611,2.9181671142578125,3.320361488743832,1.0
2-3-1,Run1,189197118265,2.8692245483398438,3.3210401033100325,0.0
2-3-1,Run1,189197134920,2.820281982421875,3.3217187178762333,1.0
2-3-1,Run1,189197151575,2.912216186523437,3.322397332442434,1.0
2-3-1,Run1,189197168229,2.931793212890625,3.3230759470086344,1.0
2-3-1,Run1,189197184884,2.955307006835937,3.323754561574835,1.0
2-3-1,Run1,189197201539,2.9593048095703125,3.324433176141036,1.0
2-3-1,Run1,189197218193,2.9597930908203125,3.3251117907072363,1.0
2-3-1,Run1,189197234849,2.956573486328125,3.325790405273437,1.0
2-3-1,Run1,189197251504,2.9932098388671875,3.3649444580078125,1.0
2-3-1,Run1,189197268158,2.975433349609375,3.32415771484375,1.0
2-3-1,Run1,189197284813,2.9522247314453125,3.268295288085937,1.0
2-3-1,Run1,189197301468,2.9595184326171875,3.336288452148437,1.0
2-3-1,Run1,189197318123,2.9624481201171875,3.36163330078125,1.0
2-3-1,Run1,189197334777,2.9759674072265625,3.3730621337890625,1.0
2-3-1,Run1,189197351432,2.971649169921875,3.4232330322265625,1.0
2-3-1,Run1,189197368087,2.97900390625,3.3585662841796875,1.0
2-3-1,Run1,189197384742,2.990936279296875,3.2643585205078125,1.0
2-3-1,Run1,189197401397,2.9637908935546875,3.387069702148437,1.0
2-3-1,Run1,189197418052,2.970428466796875,3.4207763671875,1.0
2-3-1,Run1,189197434706,2.96234130859375,3.38543701171875,1.0
2-3-1,Run1,189197451361,2.9758758544921875,3.39434814453125,1.0
2-3-1,Run1,189197468016,2.9783477783203125,3.404754638671875,1.0
2-3-1,Run1,189197484670,2.9803924560546875,3.39349365234375,1.0
2-3-1,Run1,189197501325,2.979705810546875,3.4019775390625,1.0
2-3-1,Run1,189197517981,2.948959350585937,3.42694091796875,1.0
2-3-1,Run1,189197534635,2.960174560546875,3.446136474609375,1.0
2-3-1,Run1,189197551290,2.9673614501953125,3.436386108398437,1.0
2-3-1,Run1,189197567945,2.9531707763671875,3.3795928955078125,1.0
2-3-1,Run1,189197584600,2.9670562744140625,3.377899169921875,1.0
2-3-1,Run1,189197601254,2.94134521484375,3.3873748779296875,1.0
2-3-1,Run1,189197617910,2.9277496337890625,3.323150634765625,1.0
2-3-1,Run1,189197634565,2.9583892822265625,3.32269287109375,1.0
2-3-1,Run1,189197651219,2.958709716796875,3.3623504638671875,1.0
2-3-1,Run1,189197667875,2.957427978515625,3.349853515625,1.0
2-3-1,Run1,189197684530,2.9756622314453125,3.370330810546875,1.0
2-3-1,Run1,189197701184,2.9702301025390625,3.3857421875,1.0
2-3-1,Run1,189197717839,2.995208740234375,3.381195068359375,1.0
2-3-1,Run1,189197734494,2.9727020263671875,3.5143585205078125,1.0
2-3-1,Run1,189197751148,2.947494506835937,3.489486694335937,1.0
2-3-1,Run1,189197767803,2.990478515625,3.372100830078125,1.0
2-3-1,Run1,189197784458,3.0218658447265625,3.3823699951171875,1.0
2-3-1,Run1,189197801112,2.991912841796875,3.38287353515625,1.0
2-3-1,Run1,189197817768,2.96612548828125,3.3880157470703125,1.0
2-3-1,Run1,189197834423,2.9774932861328125,3.3833160400390625,1.0
2-3-1,Run1,189197851078,2.972518920898437,3.3775177001953125,1.0
2-3-1,Run1,189197867732,2.9906158447265625,3.391830444335937,1.0
2-3-1,Run1,189197884387,2.982391357421875,3.37518310546875,1.0
2-3-1,Run1,189197901042,2.9500885009765625,3.379852294921875,1.0
2-3-1,Run1,189197917696,2.9506988525390625,3.394760131835937,1.0
2-3-1,Run1,189197934351,2.981475830078125,3.338287353515625,1.0
2-3-1,Run1,189197951007,2.973495483398437,3.33123779296875,1.0
2-3-1,Run1,189197967661,2.95367431640625,3.40118408203125,1.0
2-3-1,Run1,189197984316,2.937225341796875,3.363494873046875,1.0
2-3-1,Run1,189198000971,2.924545288085937,3.28985595703125,1.0
2-3-1,Run1,189198017625,2.931304931640625,3.34796142578125,1.0
2-3-1,Run1,189198034280,2.926055908203125,3.335235595703125,1.0
2-3-1,Run1,189198050935,2.937652587890625,3.2681121826171875,1.0
2-3-1,Run1,189198067589,3.207244873046875,3.2616729736328125,1.0
2-3-1,Run1,189198084244,3.178358895438058,3.2552337646484375,0.0
2-3-1,Run1,189198100900,3.149472917829241,3.2487945556640625,0.0
2-3-1,Run1,189198117555,3.120586940220424,3.2423553466796875,0.0
2-3-1,Run1,189198134209,3.091700962611607,3.2359161376953125,0.0
2-3-1,Run1,189198150864,3.06281498500279,3.2294769287109375,0.0
2-3-1,Run1,189198167519,3.033929007393973,3.2230377197265625,0.0
2-3-1,Run1,189198184174,3.0050430297851562,3.2165985107421875,0.0
2-3-1,Run1,189198200829,2.976157052176339,3.2101593017578125,0.0
2-3-1,Run1,189198217484,2.947271074567522,3.2037200927734375,0.0
2-3-1,Run1,189198234138,2.918385096958705,3.1972808837890625,0.0
2-3-1,Run1,189198250794,2.889499119349888,3.1908416748046875,0.0
2-3-1,Run1,189198267449,2.860613141741071,3.1844024658203125,0.0
2-3-1,Run1,189198284103,2.831727164132254,3.1779632568359375,0.0
2-3-1,Run1,189198300758,2.802841186523437,3.1715240478515625,1.0
2-3-1,Run1,189198317413,2.94879150390625,3.29022216796875,1.0
2-3-1,Run1,189198334067,2.957275390625,3.2954559326171875,1.0
2-3-1,Run1,189198350722,2.885009765625,3.274383544921875,1.0
2-3-1,Run1,189198367377,2.915252685546875,3.3246307373046875,1.0
2-3-1,Run1,189198384033,2.9969635009765625,3.2681121826171875,1.0
2-3-1,Run1,189198400687,3.025787353515625,3.2786407470703125,1.0
2-3-1,Run1,189198417342,3.05224609375,3.2786407470703125,1.0
2-3-1,Run1,189198433997,3.046112060546875,3.3015594482421875,1.0
2-3-1,Run1,189198450651,3.0288848876953125,3.385101318359375,1.0
2-3-1,Run1,189198467306,3.0258026123046875,3.4279937744140625,1.0
2-3-1,Run1,189198483961,3.0626983642578125,3.3219451904296875,1.0
2-3-1,Run1,189198500615,3.059066772460937,3.3326873779296875,1.0
2-3-1,Run1,189198517270,3.0501861572265625,3.3193511962890625,1.0
2-3-1,Run1,189198533926,3.034332275390625,3.3116607666015625,1.0
2-3-1,Run1,189198550580,3.030487060546875,3.4127349853515625,1.0
2-3-1,Run1,189198567235,3.042587280273437,3.41070556640625,1.0
2-3-1,Run1,189198583890,3.0437774658203125,3.4359588623046875,1.0
2-3-1,Run1,189198600544,3.016693115234375,3.419769287109375,1.0
2-3-1,Run1,189198617199,2.984039306640625,3.4204864501953125,1.0
2-3-1,Run1,189198633854,2.9775543212890625,3.440887451171875,1.0
2-3-1,Run1,189198650509,3.004867553710937,3.40966796875,1.0
2-3-1,Run1,189198667164,3.007110595703125,3.358016967773437,1.0
2-3-1,Run1,189198683819,2.9841461181640625,3.3595123291015625,1.0
2-3-1,Run1,189198700474,2.936737060546875,3.35150146484375,1.0
2-3-1,Run1,189198717128,2.911041259765625,3.283935546875,1.0
2-3-1,Run1,189198733784,2.903472900390625,3.325042724609375,1.0
2-3-1,Run1,189198750439,2.925888061523437,3.3702392578125,1.0
2-3-1,Run1,189198767093,2.940765380859375,3.374603271484375,1.0
2-3-1,Run1,189198783748,2.902435302734375,3.3760223388671875,1.0
2-3-1,Run1,189198800403,2.905059814453125,3.2901763916015625,1.0
2-3-1,Run1,189198817057,2.910980224609375,3.275177001953125,1.0
2-3-1,Run1,189198833712,2.919097900390625,3.345443725585937,1.0
2-3-1,Run1,189198850367,2.92840576171875,3.2366943359375,1.0
2-3-1,Run1,189198867022,2.899505615234375,3.1748046875,1.0
2-3-1,Run1,189198883677,2.88671875,3.227996826171875,1.0
2-3-1,Run1,189198900332,3.127227783203125,3.2315006962528936,1.0
2-3-1,Run1,189198916987,3.124546595982143,3.235004566333912,0.0
2-3-1,Run1,189198933641,3.1218654087611606,3.2385084364149304,0.0
2-3-1,Run1,189198950296,3.1191842215401784,3.242012306495949,0.0
2-3-1,Run1,189198966952,3.1165030343191966,3.2455161765769676,0.0
2-3-1,Run1,189198983606,3.1138218470982144,3.249020046657986,0.0
2-3-1,Run1,189199000261,3.111140659877232,3.2525239167390048,0.0
2-3-1,Run1,189199016916,3.10845947265625,3.2560277868200234,0.0
2-3-1,Run1,189199033570,3.105778285435268,3.2595316569010415,0.0
2-3-1,Run1,189199050225,3.1030970982142856,3.26303552698206,0.0
2-3-1,Run1,189199066880,3.1004159109933034,3.2665393970630787,0.0
2-3-1,Run1,189199097310,3.0977347237723216,3.2700432671440973,0.0
2-3-1,Run1,189199113966,3.0950535365513394,3.273547137225116,0.0
2-3-1,Run1,189199130621,3.092372349330357,3.277051007306134,0.0
2-3-1,Run1,189199147275,3.089691162109375,3.2805548773871527,0.0
2-3-1,Run1,189199163930,3.087009974888393,3.2840587474681713,0.0
2-3-1,Run1,189199180585,3.0843287876674106,3.28756261754919,0.0
2-3-1,Run1,189199197239,3.0816476004464284,3.2910664876302085,0.0
2-3-1,Run1,189199213895,3.0789664132254466,3.2945703577112266,0.0
2-3-1,Run1,189199230550,3.0762852260044644,3.2980742277922452,0.0
2-3-1,Run1,189199264017,3.073604038783482,3.301578097873264,0.0
2-3-1,Run1,189199280673,3.0709228515625,3.3050819679542824,1.0
2-3-1,Run1,189199297327,2.8726959228515625,3.308585838035301,1.0
2-3-1,Run1,189199313982,2.8912811279296875,3.3120897081163196,1.0
2-3-1,Run1,189199330637,2.90118408203125,3.315593578197338,1.0
2-3-1,Run1,189199347292,2.899154663085937,3.3190974482783564,1.0
2-3-1,Run1,189199363946,2.9099273681640625,3.322601318359375,1.0
2-3-1,Run1,189199380601,2.892547607421875,3.3400115966796875,1.0
2-3-1,Run1,189199397256,2.876190185546875,3.2856597900390625,1.0
2-3-1,Run1,189199413911,2.8763885498046875,3.316268920898437,1.0
2-3-1,Run1,189199430566,2.892333984375,3.336288452148437,1.0
2-3-1,Run1,189199447221,2.920883178710937,3.368881225585937,1.0
2-3-1,Run1,189199463875,2.880889892578125,3.3468170166015625,1.0
2-3-1,Run1,189199480530,2.88665771484375,3.3072967529296875,1.0
2-3-1,Run1,189199497185,2.8794403076171875,3.3085174560546875,1.0
2-3-1,Run1,189199513839,2.87225341796875,3.334701538085937,1.0
2-3-1,Run1,189199530494,2.8833770751953125,3.3228759765625,1.0
2-3-1,Run1,189199547150,2.848617553710937,3.295623779296875,1.0
2-3-1,Run1,189199563804,2.827743530273437,3.29937744140625,1.0
2-3-1,Run1,189199580459,2.8811187744140625,3.233062744140625,1.0
2-3-1,Run1,189199597114,2.858123779296875,3.211700439453125,1.0
2-3-1,Run1,189199613769,2.806610107421875,3.287628173828125,1.0
2-3-1,Run1,189199630423,2.84063720703125,3.296844482421875,1.0
2-3-1,Run1,189199647078,2.84124755859375,3.28192138671875,1.0
2-3-1,Run1,189199663733,2.7876434326171875,3.4142608642578125,1.0
2-3-1,Run1,189199680387,2.8091583251953125,3.3895721435546875,1.0
2-3-1,Run1,189199697043,2.818222045898437,3.27130126953125,1.0
2-3-1,Run1,189199713698,2.790557861328125,3.2146759033203125,1.0
2-3-1,Run1,189199730352,2.7689208984375,3.2044219970703125,1.0
2-3-1,Run1,189199747007,2.77484130859375,3.2683258056640625,1.0
2-3-1,Run1,189199763662,2.7966766357421875,3.200408935546875,1.0
2-3-1,Run1,189199780317,2.796615600585937,3.141098022460937,1.0
2-3-1,Run1,189199796972,2.78466796875,3.146759033203125,1.0
2-3-1,Run1,189199813627,2.752349853515625,3.1889190673828125,1.0
2-3-1,Run1,189199830281,2.715682983398437,3.181503295898437,1.0
2-3-1,Run1,189199846937,2.7765655517578125,3.1543121337890625,1.0
2-3-1,Run1,189199863592,2.851058959960937,3.1967315673828125,1.0
2-3-1,Run1,189199880247,2.7909393310546875,3.2005615234375,1.0
2-3-1,Run1,189199896901,2.752349853515625,3.1787109375,1.0
2-3-1,Run1,189199913556,2.77294921875,3.1261444091796875,1.0
2-3-1,Run1,189199930211,2.737701416015625,3.1622314453125,1.0
2-3-1,Run1,189199946865,2.747802734375,3.1622314453125,1.0
2-3-1,Run1,189199963520,2.80938720703125,3.095184326171875,1.0
2-3-1,Run1,189199980176,2.7589263916015625,3.1783447265625,1.0
2-3-1,Run1,189199996830,2.730453491210937,3.1898345947265625,1.0
2-3-1,Run1,189200013485,2.783172607421875,3.1616668701171875,1.0
2-3-1,Run1,189200030140,2.786346435546875,3.187835693359375,1.0
2-3-1,Run1,189200046794,2.7811431884765625,3.1471405029296875,1.0
2-3-1,Run1,189200063449,2.767364501953125,3.1292266845703125,1.0
2-3-1,Run1,189200080104,2.76263427734375,3.21746826171875,1.0
2-3-1,Run1,189200096758,2.799423217773437,3.223876953125,1.0
2-3-1,Run1,189200113414,2.8101348876953125,3.2216949462890625,1.0
2-3-1,Run1,189200130069,2.7568359375,3.204833984375,1.0
2-3-1,Run1,189200146724,2.7313690185546875,3.207626342773437,1.0
2-3-1,Run1,189200163378,2.770858764648437,3.1952056884765625,1.0
2-3-1,Run1,189200180033,2.812240600585937,3.0968017578125,1.0
2-3-1,Run1,189200196688,2.833160400390625,3.2227020263671875,1.0
2-3-1,Run1,189200213342,2.84808349609375,3.3439178466796875,1.0
2-3-1,Run1,189200229997,2.8363494873046875,3.3197479248046875,1.0
2-3-1,Run1,189200246653,2.82696533203125,3.2579803466796875,1.0
2-3-1,Run1,189200263307,2.813323974609375,3.2684326171875,1.0
2-3-1,Run1,189200279962,2.82598876953125,3.2621002197265625,1.0
2-3-1,Run1,189200296617,2.8707275390625,3.2435760498046875,1.0
2-3-1,Run1,189200313271,2.859954833984375,3.17919921875,1.0
2-3-1,Run1,189200329927,2.94049072265625,2.5378570556640625,1.0
2-3-1,Run1,189200346582,2.823333740234375,2.123016357421875,1.0
2-3-1,Run1,189200363236,2.8237235329367896,2.2097015380859375,0.0
2-3-1,Run1,189200379891,2.8241133256392046,2.29638671875,0.0
2-3-1,Run1,189200396546,2.824503118341619,2.3830718994140625,0.0
2-3-1,Run1,189200413201,2.8248929110440337,2.469757080078125,0.0
2-3-1,Run1,189200429856,2.8252827037464487,2.5564422607421875,0.0
2-3-1,Run1,189200446511,2.8256724964488633,2.64312744140625,0.0
2-3-1,Run1,189200463166,2.8260622891512783,2.7298126220703125,0.0
2-3-1,Run1,189200479820,2.826452081853693,2.816497802734375,0.0
2-3-1,Run1,189200496475,2.8268418745561075,2.9031829833984375,0.0
2-3-1,Run1,189200513130,2.8272316672585225,2.9898681640625,0.0
2-3-1,Run1,189200529785,2.827621459960937,3.0765533447265625,1.0
2-3-1,Run1,189200546440,2.931671142578125,3.18426513671875,1.0
2-3-1,Run1,189200563095,2.908676147460937,3.2131805419921875,1.0
2-3-1,Run1,189200579749,2.923202514648437,3.2027130126953125,1.0
2-3-1,Run1,189200596404,2.9402618408203125,3.223861694335937,1.0
2-3-1,Run1,189200613059,2.937606811523437,3.1621551513671875,1.0
2-3-1,Run1,189200629713,2.959381103515625,3.2401885986328125,1.0
2-3-1,Run1,189200646368,2.995880126953125,3.2401885986328125,1.0
2-3-1,Run1,189200663024,2.98907470703125,3.2756500244140625,1.0
2-3-1,Run1,189200679679,2.9610748291015625,3.3399200439453125,1.0
2-3-1,Run1,189200696333,2.9776611328125,3.3772735595703125,1.0
2-3-1,Run1,189200712988,2.997222900390625,3.4214630126953125,1.0
2-3-1,Run1,189200729643,2.973541259765625,3.4526824951171875,1.0
2-3-1,Run1,189200746297,2.9808349609375,3.3923797607421875,1.0
2-3-1,Run1,189200762952,2.9832763671875,3.3530731201171875,1.0
2-3-1,Run1,189200779607,2.9948272705078125,3.4199676513671875,1.0
2-3-1,Run1,189200796262,3.0080108642578125,3.4130859375,1.0
2-3-1,Run1,189200812917,3.006256103515625,3.306259155273437,1.0
2-3-1,Run1,189200829572,3.0107421875,3.34014892578125,1.0
2-3-1,Run1,189200846226,3.015731811523437,3.41650390625,1.0
2-3-1,Run1,189200862881,2.9945220947265625,3.632278442382813,1.0
2-3-1,Run1,189200879537,2.9731903076171875,3.389923095703125,1.0
2-3-1,Run1,189200896191,2.9477081298828125,3.3368072509765625,1.0
2-3-1,Run1,189200912846,2.938079833984375,3.3095245361328125,1.0
2-3-1,Run1,189200929501,2.9389801025390625,3.2816162109375,1.0
2-3-1,Run1,189200946156,2.9552154541015625,3.327423095703125,1.0
2-3-1,Run1,189200962810,2.9607391357421875,3.3299713134765625,1.0
2-3-1,Run1,189200979465,2.94500732421875,3.3683013916015625,1.0
2-3-1,Run1,189200996121,2.9130401611328125,3.3651885986328125,1.0
2-3-1,Run1,189201012775,2.912460327148437,3.347686767578125,1.0
2-3-1,Run1,189201029430,2.913681030273437,3.3100128173828125,1.0
2-3-1,Run1,189201046085,2.8778076171875,3.272430419921875,1.0
2-3-1,Run1,189201062739,2.881317138671875,3.266387939453125,1.0
2-3-1,Run1,189201079395,2.8826141357421875,3.214111328125,1.0
2-3-1,Run1,189201096050,3.0845184326171875,2.3106689453125,1.0
2-3-1,Run1,189201112704,3.081385294596354,1.848236083984375,1.0
2-3-1,Run1,189201129359,3.078252156575521,1.937671915690104,0.0
2-3-1,Run1,189201146014,3.0751190185546875,2.027107747395833,0.0
2-3-1,Run1,189201162668,3.071985880533854,2.1165435791015623,0.0
2-3-1,Run1,189201179323,3.068852742513021,2.2059794108072914,0.0
2-3-1,Run1,189201195978,3.0657196044921875,2.295415242513021,0.0
2-3-1,Run1,189201212634,3.062586466471354,2.38485107421875,0.0
2-3-1,Run1,189201229288,3.059453328450521,2.474286905924479,0.0
2-3-1,Run1,189201245943,3.0563201904296875,2.5637227376302083,0.0
2-3-1,Run1,189201262598,3.053187052408854,2.6531585693359374,0.0
2-3-1,Run1,189201279252,3.050053914388021,2.7425944010416665,0.0
2-3-1,Run1,189201309340,3.0469207763671875,2.832030232747396,0.0
2-3-1,Run1,189201325995,3.043787638346354,2.921466064453125,0.0
2-3-1,Run1,189201360036,3.040654500325521,3.0109018961588543,0.0
2-3-1,Run1,189201376691,3.0375213623046875,3.1003377278645834,1.0
2-3-1,Run1,189201393346,2.8618316650390625,3.1897735595703125,1.0
2-3-1,Run1,189201410000,2.8955535888671875,3.1897735595703125,1.0
2-3-1,Run1,189201426655,2.8864898681640625,3.2114715576171875,1.0
2-3-1,Run1,189201443311,2.9250030517578125,3.2114715576171875,1.0
2-3-1,Run1,189201459965,2.948455810546875,3.23553466796875,1.0
2-3-1,Run1,189201476620,2.9033660888671875,3.23553466796875,1.0
2-3-1,Run1,189201493276,2.8852691650390625,3.26885986328125,1.0
2-3-1,Run1,189201509930,2.89208984375,3.26885986328125,1.0
2-3-1,Run1,189201526585,2.8906707763671875,3.2756500244140625,1.0
2-3-1,Run1,189201543240,2.9030914306640625,3.320159912109375,1.0
2-3-1,Run1,189201559895,2.8759765625,3.4392242431640625,1.0
2-3-1,Run1,189201576549,2.897796630859375,3.444198608398437,1.0
2-3-1,Run1,189201593204,2.94140625,3.444198608398437,1.0
2-3-1,Run1,189201609859,2.947998046875,3.352645874023437,1.0
2-3-1,Run1,189201626514,2.936752319335937,3.261093139648437,1.0
2-3-1,Run1,189201643169,2.938995361328125,3.3325347900390625,1.0
2-3-1,Run1,189201659824,2.94244384765625,3.5110321044921875,1.0
2-3-1,Run1,189201676478,2.9375152587890625,3.5121307373046875,1.0
2-3-1,Run1,189201693133,2.9270782470703125,3.353118896484375,1.0
2-3-1,Run1,189201709788,2.9066925048828125,3.3115234375,1.0
2-3-1,Run1,189201726442,2.9218902587890625,3.2611236572265625,1.0
2-3-1,Run1,189201743097,2.9451446533203125,3.1868438720703125,1.0
2-3-1,Run1,189201759753,2.9322509765625,3.18975830078125,1.0
2-3-1,Run1,189201776407,2.90240478515625,3.221343994140625,1.0
2-3-1,Run1,189201793062,2.9125213623046875,3.273712158203125,1.0
2-3-1,Run1,189201809717,2.93975830078125,3.3191680908203125,1.0
2-3-1,Run1,189201826372,2.969223022460937,3.3402862548828125,1.0
2-3-1,Run1,189201843026,2.9510498046875,3.357269287109375,1.0
2-3-1,Run1,189201859681,2.9538726806640625,3.351913452148437,1.0
2-3-1,Run1,189201876336,2.9861297607421875,3.3490753173828125,1.0
2-3-1,Run1,189201892990,2.9875946044921875,3.3177032470703125,1.0
2-3-1,Run1,189201909646,2.984710693359375,3.253204345703125,1.0
2-3-1,Run1,189201926301,2.992950439453125,3.329818725585937,1.0
2-3-1,Run1,189201942955,2.979766845703125,3.382476806640625,1.0
2-3-1,Run1,189201959610,2.9499969482421875,3.4037017822265625,1.0
2-3-1,Run1,189201976265,2.950286865234375,3.4061279296875,1.0
2-3-1,Run1,189201992920,2.9592742919921875,3.3847808837890625,1.0
2-3-1,Run1,189202009575,2.9800262451171875,3.3579254150390625,1.0
2-3-1,Run1,189202026230,2.9879608154296875,3.35418701171875,1.0
2-3-1,Run1,189202042885,3.009674072265625,3.415496826171875,1.0
2-3-1,Run1,189202059540,3.0079803466796875,3.44757080078125,1.0
2-3-1,Run1,189202076195,2.95721435546875,3.4258575439453125,1.0
2-3-1,Run1,189202092850,2.986297607421875,3.3588409423828125,1.0
2-3-1,Run1,189202109504,3.01318359375,3.3158111572265625,1.0
2-3-1,Run1,189202126159,2.9851226806640625,3.30712890625,1.0
2-3-1,Run1,189202142814,2.95782470703125,3.32586669921875,1.0
2-3-1,Run1,189202159468,2.949813842773437,3.3694305419921875,1.0
2-3-1,Run1,189202176124,2.9657745361328125,3.38018798828125,1.0
2-3-1,Run1,189202192779,2.975128173828125,3.392669677734375,1.0
2-3-1,Run1,189202209433,2.9517059326171875,3.3018951416015625,1.0
2-3-1,Run1,189202226088,2.464340209960937,3.0532684326171875,1.0
2-3-1,Run1,189202242743,1.9808502197265625,2.979461669921875,1.0
2-3-1,Run1,189202259397,2.0516586303710938,2.9878720370205967,0.0
2-3-1,Run1,189202276052,2.122467041015625,2.9962824041193183,0.0
2-3-1,Run1,189202292707,2.1932754516601562,3.0046927712180396,0.0
2-3-1,Run1,189202309361,2.2640838623046875,3.0131031383167612,0.0
2-3-1,Run1,189202326017,2.3348922729492188,3.021513505415483,0.0
2-3-1,Run1,189202342672,2.40570068359375,3.0299238725142046,1.0
2-3-1,Run1,189202359327,2.40570068359375,3.0383342396129263,1.0
2-3-1,Run1,189202375981,3.209091186523437,3.046744606711648,1.0
2-3-1,Run1,189202392636,3.209091186523437,3.055154973810369,1.0
2-3-1,Run1,189202409291,3.017257690429687,3.063565340909091,0.0
2-3-1,Run1,189202425945,2.825424194335937,3.0719757080078125,1.0
2-3-1,Run1,189202442600,2.939788818359375,3.0719757080078125,1.0
2-3-1,Run1,189202459256,2.9940185546875,3.2247314453125,1.0
2-3-1,Run1,189202475910,3.03271484375,3.3289947509765625,1.0
2-3-1,Run1,189202492565,3.032318115234375,3.40155029296875,1.0
2-3-1,Run1,189202509220,2.99896240234375,3.336822509765625,1.0
2-3-1,Run1,189202525874,2.9976959228515625,3.361358642578125,1.0
2-3-1,Run1,189202542529,3.020858764648437,3.412353515625,1.0
2-3-1,Run1,189202559184,3.0164947509765625,3.417633056640625,1.0
2-3-1,Run1,189202575838,3.022003173828125,3.4014434814453125,1.0
2-3-1,Run1,189202592494,3.026611328125,3.414901733398437,1.0
2-3-1,Run1,189202609149,3.018218994140625,3.3553619384765625,1.0
2-3-1,Run1,189202625804,3.02001953125,3.3773651123046875,1.0
2-3-1,Run1,189202642458,3.007049560546875,3.452545166015625,1.0
2-3-1,Run1,189202659113,2.997772216796875,3.433258056640625,1.0
2-3-1,Run1,189202675768,3.010528564453125,3.4922332763671875,1.0
2-3-1,Run1,189202692422,3.0045928955078125,3.474273681640625,1.0
2-3-1,Run1,189202709077,3.026153564453125,3.44287109375,1.0
2-3-1,Run1,189202725732,3.009765625,3.47271728515625,1.0
2-3-1,Run1,189202742387,2.99139404296875,3.4012451171875,1.0
2-3-1,Run1,189202759042,3.018524169921875,3.385711669921875,1.0
2-3-1,Run1,189202775697,3.0253448486328125,3.450790405273437,1.0
2-3-1,Run1,189202792351,3.0111236572265625,3.4608306884765625,1.0
2-3-1,Run1,189202809006,3.022811889648437,3.461517333984375,1.0
2-3-1,Run1,189202825661,3.006103515625,3.6303863525390634,1.0
2-3-1,Run1,189202842315,2.9860076904296875,3.5468902587890625,1.0
2-3-1,Run1,189202858970,2.988250732421875,3.432357788085937,1.0
2-3-1,Run1,189202875626,2.9950103759765625,3.45184326171875,1.0
2-3-1,Run1,189202892281,3.001556396484375,3.445892333984375,1.0
2-3-1,Run1,189202908935,3.0006103515625,3.4576873779296875,1.0
2-3-1,Run1,189202925590,2.973968505859375,3.4357452392578125,1.0
2-3-1,Run1,189202942245,2.94927978515625,3.416717529296875,1.0
2-3-1,Run1,189202958899,2.9564361572265625,3.429595947265625,1.0
2-3-1,Run1,189202975554,2.9871063232421875,3.369369506835937,1.0
2-3-1,Run1,189202992209,2.9837799072265625,3.2928466796875,1.0
2-3-1,Run1,189203008864,2.9437255859375,3.3573150634765625,1.0
2-3-1,Run1,189203025519,2.95318603515625,3.531890869140625,1.0
2-3-1,Run1,189203042174,2.986190795898437,3.5737762451171875,1.0
2-3-1,Run1,189203058828,2.995834350585937,3.385101318359375,1.0
2-3-1,Run1,189203075483,2.978912353515625,3.3855743408203125,1.0
2-3-1,Run1,189203092138,2.941986083984375,3.386138916015625,1.0
2-3-1,Run1,189203108792,2.8609619140625,3.319366455078125,1.0
2-3-1,Run1,189203125447,2.9775390625,3.3330230712890625,1.0
2-3-1,Run1,189203142103,2.967138926188151,3.3159027099609375,0.0
2-3-1,Run1,189203158758,2.9567387898763022,3.2987823486328125,0.0
2-3-1,Run1,189203175412,2.946338653564453,3.2816619873046875,0.0
2-3-1,Run1,189203192067,2.935938517252604,3.2645416259765625,0.0
2-3-1,Run1,189203208722,2.9255383809407554,3.2474212646484375,0.0
2-3-1,Run1,189203225376,2.9151382446289062,3.2303009033203125,0.0
2-3-1,Run1,189203242031,2.904738108317057,3.2131805419921875,0.0
2-3-1,Run1,189203258686,2.8943379720052085,3.1960601806640625,0.0
2-3-1,Run1,189203275340,2.8839378356933594,3.1789398193359375,0.0
2-3-1,Run1,189203291996,2.8735376993815103,3.1618194580078125,0.0
2-3-1,Run1,189203308651,2.8631375630696616,3.1446990966796875,0.0
2-3-1,Run1,189203325305,2.8527374267578125,3.1275787353515625,1.0
2-3-1,Run1,189203341960,2.9232177734375,3.14556884765625,1.0
2-3-1,Run1,189203358615,2.902694702148437,3.1871490478515625,1.0
2-3-1,Run1,189203375269,2.9814910888671875,3.2368927001953125,1.0
2-3-1,Run1,189203391924,2.99658203125,3.3469390869140625,1.0
2-3-1,Run1,189203408579,2.988021850585937,3.2962493896484375,1.0
2-3-1,Run1,189203425235,2.9832763671875,3.2455596923828125,1.0
2-3-1,Run1,189203441889,2.968124389648437,3.3782501220703125,1.0
2-3-1,Run1,189203458544,3.016448974609375,3.388153076171875,1.0
2-3-1,Run1,189203475199,2.933624267578125,3.252685546875,1.0
2-3-1,Run1,189203491853,2.8610499455378604,3.199120657784598,0.0
2-3-1,Run1,189203508508,2.7884756234975963,3.1455557686941966,0.0
2-3-1,Run1,189203525163,2.7159013014573317,3.0919908796037947,0.0
2-3-1,Run1,189203541817,2.6433269794170675,3.038425990513393,0.0
2-3-1,Run1,189203558473,2.570752657376803,2.984861101422991,0.0
2-3-1,Run1,189203575128,2.4981783353365383,2.9312962123325894,0.0
2-3-1,Run1,189203591782,2.425604013296274,2.8777313232421875,0.0
2-3-1,Run1,189203608437,2.3530296912560096,2.8241664341517856,0.0
2-3-1,Run1,189203625092,2.280455369215745,2.7706015450613837,0.0
2-3-1,Run1,189203641746,2.207881047175481,2.717036655970982,0.0
2-3-1,Run1,189203658401,2.1353067251352162,2.6634717668805803,0.0
2-3-1,Run1,189203675056,2.0627324030949516,2.609906877790179,0.0
2-3-1,Run1,189203691711,1.9901580810546875,2.556341988699777,1.0
2-3-1,Run1,189203708366,2.710601806640625,2.502777099609375,1.0
2-3-1,Run1,189203725021,3.1634979248046875,2.967803955078125,1.0
2-3-1,Run1,189203741676,3.231719970703125,3.1147003173828125,1.0
2-3-1,Run1,189203758330,3.2525177001953125,3.2522735595703125,1.0
2-3-1,Run1,189203774985,3.0973663330078125,3.4136199951171875,1.0
2-3-1,Run1,189203791640,3.0966796875,3.45556640625,1.0
2-3-1,Run1,189203808294,3.09454345703125,3.3273468017578125,1.0
2-3-1,Run1,189203824949,3.101165771484375,3.362060546875,1.0
2-3-1,Run1,189203841605,3.122314453125,3.442230224609375,1.0
2-3-1,Run1,189203858259,3.119293212890625,3.500518798828125,1.0
2-3-1,Run1,189203874914,3.1336212158203125,3.50390625,1.0
2-3-1,Run1,189203891569,3.117538452148437,3.491424560546875,1.0
2-3-1,Run1,189203908223,3.0940704345703125,3.503387451171875,1.0
2-3-1,Run1,189203924878,3.1065826416015625,3.522064208984375,1.0
2-3-1,Run1,189203941533,3.11309814453125,3.462509155273437,1.0
2-3-1,Run1,189203958188,3.2982330322265625,3.4434814453125,1.0
2-3-1,Run1,189203974843,3.25677490234375,3.4904022216796875,1.0
2-3-1,Run1,189203991498,3.08026123046875,3.6275787353515625,1.0
2-3-1,Run1,189204008153,3.1116180419921875,3.646209716796875,1.0
2-3-1,Run1,189204024807,3.0833892822265625,3.50738525390625,1.0
2-3-1,Run1,189204041462,3.051055908203125,3.508285522460937,1.0
2-3-1,Run1,189204058117,3.0410614013671875,3.492172241210937,1.0
2-3-1,Run1,189204074771,3.0050506591796875,3.4329376220703125,1.0
2-3-1,Run1,189204091426,2.992401123046875,3.378036499023437,1.0
2-3-1,Run1,189204108082,3.011077880859375,3.4325103759765625,1.0
2-3-1,Run1,189204124736,2.9873809814453125,3.4212799072265625,1.0
2-3-1,Run1,189204141391,2.984527587890625,3.4266510009765625,1.0
2-3-1,Run1,189204158046,2.9619903564453125,3.411163330078125,1.0
2-3-1,Run1,189204174700,2.9435577392578125,3.38623046875,1.0
2-3-1,Run1,189204191355,2.93023681640625,3.359115600585937,1.0
2-3-1,Run1,189204208010,2.9192352294921875,3.360382080078125,1.0
2-3-1,Run1,189204224665,2.9502410888671875,3.34698486328125,1.0
2-3-1,Run1,189204241319,2.975250244140625,3.344573974609375,1.0
2-3-1,Run1,189204257975,2.9276275634765625,3.375640869140625,1.0
2-3-1,Run1,189204274630,2.89581298828125,3.322509765625,1.0
2-3-1,Run1,189204291284,2.8999176025390625,3.29144287109375,1.0
2-3-1,Run1,189204307939,2.8998260498046875,3.3394012451171875,1.0
2-3-1,Run1,189204324594,2.8762664794921875,3.3246002197265625,1.0
2-3-1,Run1,189204341248,2.886093139648437,3.320419311523437,1.0
2-3-1,Run1,189204357903,2.8881378173828125,3.322006225585937,1.0
2-3-1,Run1,189204374558,2.8975830078125,3.3081512451171875,1.0
2-3-1,Run1,189204391213,2.897201538085937,3.312042236328125,1.0
2-3-1,Run1,189204407868,2.9107818603515625,3.3275146484375,1.0
2-3-1,Run1,189204424523,2.924468994140625,3.393707275390625,1.0
2-3-1,Run1,189204441177,2.9271697998046875,3.428329467773437,1.0
2-3-1,Run1,189204457832,2.9312744140625,3.3780975341796875,1.0
2-3-1,Run1,189204474487,2.934356689453125,3.377899169921875,1.0
2-3-1,Run1,189204491142,2.932723999023437,3.574188232421875,1.0
2-3-1,Run1,189204507796,2.8889312744140625,3.4093170166015625,1.0
2-3-1,Run1,189204524452,2.8766632080078125,3.24444580078125,1.0
2-3-1,Run1,189204541107,2.8984375,3.31646728515625,1.0
2-3-1,Run1,189204557761,2.891220092773437,3.345611572265625,1.0
2-3-1,Run1,189204574416,2.886566162109375,3.34417724609375,1.0
2-3-1,Run1,189204591071,2.923324584960937,3.476593017578125,1.0
2-3-1,Run1,189204607725,2.9105682373046875,3.5523681640625,1.0
2-3-1,Run1,189204624380,2.9096832275390625,3.37896728515625,1.0
2-3-1,Run1,189204641035,2.9151153564453125,3.360076904296875,1.0
2-3-1,Run1,189204657689,2.89593505859375,3.3512115478515625,1.0
2-3-1,Run1,189204674345,2.8836669921875,3.2977752685546875,1.0
2-3-1,Run1,189204691000,2.935409545898437,3.258453369140625,1.0
2-3-1,Run1,189204707654,2.9428863525390625,3.253387451171875,1.0
2-3-1,Run1,189204724309,2.9225006103515625,3.259063720703125,1.0
2-3-1,Run1,189204740964,2.96734619140625,3.3472137451171875,1.0
2-3-1,Run1,189204757619,2.9748077392578125,3.3579559326171875,1.0
2-3-1,Run1,189204774273,2.9573516845703125,3.35845947265625,1.0
2-3-1,Run1,189204790928,2.937728881835937,3.347503662109375,1.0
2-3-1,Run1,189204807584,2.920318603515625,3.3495635986328125,1.0
2-3-1,Run1,189204824238,2.930694580078125,3.384246826171875,1.0
2-3-1,Run1,189204840893,2.92657470703125,3.379364013671875,1.0
2-3-1,Run1,189204857548,2.90838623046875,3.394866943359375,1.0
2-3-1,Run1,189204874202,2.930999755859375,3.377685546875,1.0
2-3-1,Run1,189204890857,2.966217041015625,3.354476928710937,1.0
2-3-1,Run1,189204907512,2.998031616210937,3.3706817626953125,1.0
2-3-1,Run1,189204924166,3.002471923828125,3.42218017578125,1.0
2-3-1,Run1,189204940822,2.98675537109375,3.447662353515625,1.0
2-3-1,Run1,189204957477,2.9712066650390625,3.4460601806640625,1.0
2-3-1,Run1,189204974131,2.9237518310546875,3.434677124023437,1.0
2-3-1,Run1,189204990786,2.9402008056640625,3.32855224609375,1.0
2-3-1,Run1,189205007441,2.853851318359375,3.223373413085937,1.0
2-3-1,Run1,189205024096,2.8469051784939237,3.226913452148437,0.0
2-3-1,Run1,189205040750,2.8399590386284723,3.230453491210937,0.0
2-3-1,Run1,189205057405,2.833012898763021,3.233993530273437,0.0
2-3-1,Run1,189205074061,2.8260667588975696,3.237533569335937,0.0
2-3-1,Run1,189205090715,2.819120619032118,3.241073608398437,0.0
2-3-1,Run1,189205107370,2.8121744791666665,3.244613647460937,0.0
2-3-1,Run1,189205124025,2.805228339301215,3.248153686523437,0.0
2-3-1,Run1,189205140679,2.798282199435764,3.251693725585937,0.0
2-3-1,Run1,189205157334,2.7913360595703125,3.255233764648437,1.0
2-3-1,Run1,189205173989,2.9532470703125,3.255233764648437,1.0
2-3-1,Run1,189205190643,3.025253295898437,3.2052459716796875,1.0
2-3-1,Run1,189205207298,3.0146484375,3.32025146484375,1.0
2-3-1,Run1,189205223954,3.02423095703125,3.4224395751953125,1.0
2-3-1,Run1,189205240608,3.048202514648437,3.516342163085937,1.0
2-3-1,Run1,189205257263,3.051849365234375,3.5668182373046875,1.0
2-3-1,Run1,189205273918,3.07452392578125,3.5273590087890625,1.0
2-3-1,Run1,189205290573,3.0765380859375,3.56610107421875,1.0
2-3-1,Run1,189205307227,3.0792694091796875,3.56500244140625,1.0
2-3-1,Run1,189205323882,3.08038330078125,3.5654754638671875,1.0
2-3-1,Run1,189205340537,3.0751190185546875,3.5427398681640625,1.0
2-3-1,Run1,189205357192,3.1001129150390625,3.536895751953125,1.0
2-3-1,Run1,189205373847,3.1049957275390625,3.534637451171875,1.0
2-3-1,Run1,189205390502,3.1132354736328125,3.531768798828125,1.0
2-3-1,Run1,189205407156,3.123809814453125,3.546875,1.0
2-3-1,Run1,189205423811,3.328475952148437,3.55657958984375,1.0
2-3-1,Run1,189205440466,3.33489990234375,3.549407958984375,1.0
2-3-1,Run1,189205457120,3.1317901611328125,3.5661773681640625,1.0
2-3-1,Run1,189205473775,3.1068267822265625,3.5688934326171875,1.0
2-3-1,Run1,189205490431,3.101531982421875,3.561431884765625,1.0
2-3-1,Run1,189205507085,3.1080474853515625,3.572174072265625,1.0
2-3-1,Run1,189205523740,3.279541015625,3.5797882080078125,1.0
2-3-1,Run1,189205540395,3.322982788085937,3.5818328857421875,1.0
2-3-1,Run1,189205557050,3.168441772460937,3.622161865234375,1.0
2-3-1,Run1,189205573704,3.1716461181640625,3.607025146484375,1.0
2-3-1,Run1,189205590359,3.15985107421875,3.5897674560546875,1.0
2-3-1,Run1,189205607014,3.1641998291015625,3.599716186523437,1.0
2-3-1,Run1,189205623668,3.15191650390625,3.6016845703125,1.0
2-3-1,Run1,189205640324,3.1474609375,3.6105804443359375,1.0
2-3-1,Run1,189205656979,3.1568145751953125,3.627609252929688,1.0
2-3-1,Run1,189205673633,3.158599853515625,3.638961791992188,1.0
2-3-1,Run1,189205690288,3.140625,3.61419677734375,1.0
2-3-1,Run1,189205706943,3.12872314453125,3.5565338134765625,1.0
2-3-1,Run1,189205723597,3.1269989013671875,3.5387420654296875,1.0
2-3-1,Run1,189205740252,3.13409423828125,3.55670166015625,1.0
2-3-1,Run1,189205756907,3.32806396484375,3.6451416015625,1.0
2-3-1,Run1,189205773562,3.255096435546875,3.748947143554688,1.0
2-3-1,Run1,189205790217,3.10247802734375,3.605072021484375,1.0
2-3-1,Run1,189205806872,3.1055145263671875,3.61309814453125,1.0
2-3-1,Run1,189205823527,3.0784912109375,3.607940673828125,1.0
2-3-1,Run1,189205840181,3.091049194335937,3.587509155273437,1.0
2-3-1,Run1,189205856836,3.09710693359375,3.640914916992188,1.0
2-3-1,Run1,189205873491,3.1260528564453125,3.6380767822265625,1.0
2-3-1,Run1,189205890145,3.106231689453125,3.60821533203125,1.0
2-3-1,Run1,189205906801,2.9588165283203125,3.573699951171875,1.0
2-3-1,Run1,189205923456,2.9219207763671875,3.501129150390625,1.0
2-3-1,Run1,189205940110,3.0379180908203125,3.5513458251953125,1.0
2-3-1,Run1,189205956765,3.02154541015625,3.544052124023437,1.0
2-3-1,Run1,189205973420,3.0421295166015625,3.542587280273437,1.0
2-3-1,Run1,189205990074,3.0664825439453125,3.5036773681640625,1.0
2-3-1,Run1,189206006729,3.03802490234375,3.505966186523437,1.0
2-3-1,Run1,189206023384,3.02069091796875,3.543685913085937,1.0
2-3-1,Run1,189206040038,3.04986572265625,3.476226806640625,1.0
2-3-1,Run1,189206056694,3.067413330078125,3.48248291015625,1.0
2-3-1,Run1,189206073349,3.074951171875,3.5441131591796875,1.0
2-3-1,Run1,189206090004,3.0968475341796875,3.516845703125,1.0
2-3-1,Run1,189206106658,3.0859375,3.5152587890625,1.0
2-3-1,Run1,189206123313,3.0756378173828125,3.5220489501953125,1.0
2-3-1,Run1,189206139968,3.0489044189453125,3.5383758544921875,1.0
2-3-1,Run1,189206156622,3.081939697265625,3.5446929931640625,1.0
2-3-1,Run1,189206173277,3.127685546875,3.53851318359375,1.0
2-3-1,Run1,189206189933,3.1153564453125,3.572265625,1.0
2-3-1,Run1,189206206587,3.138702392578125,3.5856475830078125,1.0
2-3-1,Run1,189206223242,3.173324584960937,3.5951690673828125,1.0
2-3-1,Run1,189206239897,3.1640625,3.588836669921875,1.0
2-3-1,Run1,189206256551,3.16973876953125,3.5784149169921875,1.0
2-3-1,Run1,189206273206,3.1836090087890625,3.577621459960937,1.0
2-3-1,Run1,189206289861,3.201202392578125,3.5970001220703125,1.0
2-3-1,Run1,189206306515,3.2281646728515625,3.6215667724609375,1.0
2-3-1,Run1,189206323171,3.2305145263671875,3.647293090820313,1.0
2-3-1,Run1,189206339826,3.204086303710937,3.638214111328125,1.0
2-3-1,Run1,189206356481,3.1973114013671875,3.6204833984375,1.0
2-3-1,Run1,189206373135,3.1836700439453125,3.625823974609375,1.0
2-3-1,Run1,189206389790,3.17132568359375,3.648773193359375,1.0
2-3-1,Run1,189206406445,3.163070678710937,3.647705078125,1.0
2-3-1,Run1,189206423099,3.171630859375,3.779205322265625,1.0
2-3-1,Run1,189206439754,3.1761932373046875,3.76416015625,1.0
2-3-1,Run1,189206456410,3.170257568359375,3.65399169921875,1.0
2-3-1,Run1,189206473064,3.16436767578125,3.658294677734375,1.0
2-3-1,Run1,189206489719,3.339202880859375,3.7796478271484375,1.0
2-3-1,Run1,189206506374,3.3123931884765625,3.745407104492188,1.0
2-3-1,Run1,189206523028,3.3123931884765625,3.745407104492188,1.0
2-3-1,Run1,189206539683,3.1833572387695312,3.6484375,0.0
2-3-1,Run1,189206556338,3.0543212890625,3.5514678955078125,1.0
2-3-1,Run1,189206572992,3.1427459716796875,3.618133544921875,1.0
2-3-1,Run1,189206589647,3.31243896484375,3.805740356445313,1.0
2-3-1,Run1,189206606303,3.281099319458008,2.860748291015625,1.0
2-3-1,Run1,189206622958,3.2497596740722656,2.860748291015625,1.0
2-3-1,Run1,189206639612,3.2184200286865234,2.937854766845703,0.0
2-3-1,Run1,189206656267,3.1870803833007812,3.0149612426757812,0.0
2-3-1,Run1,189206672922,3.155740737915039,3.0920677185058594,0.0
2-3-1,Run1,189206689576,3.124401092529297,3.1691741943359375,0.0
2-3-1,Run1,189206706231,3.0930614471435547,3.2462806701660156,0.0
2-3-1,Run1,189206722886,3.0617218017578125,3.3233871459960938,1.0
2-3-1,Run1,189206739541,3.11053466796875,3.400493621826172,1.0
2-3-1,Run1,189206756196,3.1924285888671875,3.47760009765625,1.0
2-3-1,Run1,189206772851,3.2306671142578125,3.47760009765625,1.0
2-3-1,Run1,189206789505,3.254119873046875,3.643585205078125,1.0
2-3-1,Run1,189206806160,3.27587890625,3.8095703125,1.0
2-3-1,Run1,189206822815,3.28460693359375,3.709747314453125,1.0
2-3-1,Run1,189206839469,3.295684814453125,3.753082275390625,1.0
2-3-1,Run1,189206856124,3.3040771484375,3.9760589599609375,1.0
2-3-1,Run1,189206872780,3.3179931640625,3.93115234375,1.0
2-3-1,Run1,189206889435,3.4358062744140625,3.93115234375,1.0
2-3-1,Run1,189206906089,3.459716796875,3.9225830078125,1.0
2-3-1,Run1,189206922744,3.3336181640625,3.914013671875,1.0
2-3-1,Run1,189206939399,3.326385498046875,3.9054443359375,1.0
2-3-1,Run1,189206956053,3.4406890869140625,3.896875,1.0
2-3-1,Run1,189206972708,3.4365234375,3.8883056640625,1.0
2-3-1,Run1,189206989363,3.34814453125,3.879736328125,1.0
2-3-1,Run1,189207006017,3.3458709716796875,3.8711669921875,1.0
2-3-1,Run1,189207022673,3.3424835205078125,3.86259765625,1.0
2-3-1,Run1,189207039327,3.3307647705078125,3.8540283203125,1.0
2-3-1,Run1,189207055981,3.294708251953125,3.845458984375,1.0
2-3-1,Run1,189207072636,3.258331298828125,3.7917327880859375,1.0
2-3-1,Run1,189207089292,3.3039703369140625,3.632476806640625,1.0
2-3-1,Run1,189207105946,3.2861437116350447,3.531545639038086,0.0
2-3-1,Run1,189207122601,3.2683170863560265,3.430614471435547,0.0
2-3-1,Run1,189207139256,3.2504904610770087,3.329683303833008,0.0
2-3-1,Run1,189207155911,3.232663835797991,3.2287521362304688,0.0
2-3-1,Run1,189207172565,3.214837210518973,3.1278209686279297,0.0
2-3-1,Run1,189207189220,3.197010585239955,3.0268898010253906,0.0
2-3-1,Run1,189207205875,3.179183959960937,2.9259586334228516,1.0
2-3-1,Run1,189207222530,3.012908935546875,2.8250274658203125,1.0
2-3-1,Run1,189207239185,3.057601928710937,2.8250274658203125,1.0
2-3-1,Run1,189207255840,3.2823486328125,2.8381124643179088,1.0
2-3-1,Run1,189207272494,3.280154758029514,2.851197462815505,0.0
2-3-1,Run1,189207289149,3.2779608832465277,2.864282461313101,0.0
2-3-1,Run1,189207305804,3.2757670084635415,2.877367459810697,0.0
2-3-1,Run1,189207322458,3.2735731336805554,2.8904524583082933,0.0
2-3-1,Run1,189207339113,3.2713792588975696,2.9035374568058896,0.0
2-3-1,Run1,189207355769,3.2691853841145835,2.9166224553034854,0.0
2-3-1,Run1,189207372423,3.2669915093315973,2.9297074538010817,0.0
2-3-1,Run1,189207389078,3.264797634548611,2.942792452298678,0.0
2-3-1,Run1,189207405733,3.262603759765625,2.955877450796274,1.0
2-3-1,Run1,189207422388,3.262603759765625,2.96896244929387,1.0
2-3-1,Run1,189207439042,3.128021240234375,2.9820474477914662,1.0
2-3-1,Run1,189207455697,3.064437866210937,2.9951324462890625,1.0
2-3-1,Run1,189207472352,3.1394195556640625,2.9951324462890625,1.0
2-3-1,Run1,189207489007,3.133041381835937,3.465850830078125,1.0
2-3-1,Run1,189207505662,3.12646484375,3.791259765625,1.0
2-3-1,Run1,189207522317,3.1514129638671875,4.516693115234375,1.0
2-3-1,Run1,189207538971,3.165863037109375,3.6202545166015625,1.0
2-3-1,Run1,189207555626,3.1714324951171875,3.605316162109375,1.0
2-3-1,Run1,189207572281,3.177719116210937,3.6496734619140634,1.0
2-3-1,Run1,189207588935,3.1824951171875,3.7706298828125,1.0
2-3-1,Run1,189207605590,3.212493896484375,3.8880767822265625,1.0
2-3-1,Run1,189207622246,3.250885009765625,3.711013793945313,1.0
2-3-1,Run1,189207638900,3.2467498779296875,3.68243408203125,1.0
2-3-1,Run1,189207655555,3.250091552734375,3.713287353515625,1.0
2-3-1,Run1,189207672210,3.269012451171875,3.7561187744140634,1.0
2-3-1,Run1,189207688865,3.2947540283203125,3.751007080078125,1.0
2-3-1,Run1,189207705519,3.311248779296875,3.7153472900390634,1.0
2-3-1,Run1,189207722174,3.3353729248046875,3.7605133056640634,1.0
2-3-1,Run1,189207738829,3.2535400390625,3.78558349609375,1.0
2-3-1,Run1,189207755484,3.2788238525390625,3.798629760742188,1.0
2-3-1,Run1,189207772139,3.3547515869140625,3.8100738525390634,1.0
2-3-1,Run1,189207788794,3.357162475585937,3.794387817382813,1.0
2-3-1,Run1,189207805448,3.34814453125,3.81298828125,1.0
2-3-1,Run1,189207822103,3.466827392578125,3.725494384765625,1.0
2-3-1,Run1,189207838758,3.521209716796875,3.59075927734375,1.0
2-3-1,Run1,189207855412,3.318511962890625,3.4129791259765625,1.0
2-3-1,Run1,189207872067,3.3008270263671875,3.5139312744140625,1.0
2-3-1,Run1,189207888723,3.24346923828125,3.690475463867188,1.0
2-3-1,Run1,189207905377,3.1209716796875,3.3236083984375,1.0
2-3-1,Run1,189207922032,3.159881591796875,3.3236083984375,1.0
2-3-1,Run1,189207938687,3.057124546595982,3.3318817138671877,0.0
2-3-1,Run1,189207955342,2.9543675013950894,3.340155029296875,0.0
2-3-1,Run1,189207971996,2.851610456194196,3.3484283447265626,0.0
2-3-1,Run1,189207988651,2.7488534109933034,3.35670166015625,0.0
2-3-1,Run1,189208005306,2.6460963657924106,3.3649749755859375,0.0
2-3-1,Run1,189208021960,2.543339320591518,3.373248291015625,0.0
2-3-1,Run1,189208038616,2.440582275390625,3.3815216064453124,1.0
2-3-1,Run1,189208055271,2.709747314453125,3.389794921875,1.0
2-3-1,Run1,189208071925,2.9067535400390625,3.3980682373046873,1.0
2-3-1,Run1,189208088579,3.1101837158203125,3.406341552734375,1.0
2-3-1,Run1,189208105235,3.217529296875,3.570541381835937,1.0
2-3-1,Run1,189208121889,3.232452392578125,3.59130859375,1.0
2-3-1,Run1,189208138544,3.2454986572265625,3.608306884765625,1.0
2-3-1,Run1,189208155199,3.2787017822265625,3.669525146484375,1.0
2-3-1,Run1,189208171854,3.305023193359375,3.692230224609375,1.0
2-3-1,Run1,189208188509,3.311767578125,3.728683471679688,1.0
2-3-1,Run1,189208205164,3.30084228515625,3.7275238037109375,1.0
2-3-1,Run1,189208221818,3.323715209960937,3.75299072265625,1.0
2-3-1,Run1,189208238473,3.33575439453125,3.7357330322265625,1.0
2-3-1,Run1,189208255128,3.354583740234375,3.874053955078125,1.0
2-3-1,Run1,189208271783,3.350830078125,3.807952880859375,1.0
2-3-1,Run1,189208288437,3.362579345703125,3.756515502929688,1.0
2-3-1,Run1,189208305093,3.387664794921875,3.778564453125,1.0
2-3-1,Run1,189208321748,3.5535125732421875,3.8707427978515625,1.0
2-3-1,Run1,189208338402,3.5652313232421875,3.8921966552734375,1.0
2-3-1,Run1,189208355057,3.4039459228515625,3.767288208007813,1.0
2-3-1,Run1,189208371712,3.38653564453125,3.7691802978515625,1.0
2-3-1,Run1,189208388366,3.374420166015625,3.7792816162109375,1.0
2-3-1,Run1,189208405021,3.374298095703125,3.778076171875,1.0
2-3-1,Run1,189208421676,3.404891967773437,3.7689361572265625,1.0
2-3-1,Run1,189208438331,3.39788818359375,3.785369873046875,1.0
2-3-1,Run1,189208454986,3.378768920898437,3.76434326171875,1.0
2-3-1,Run1,189208471641,3.395782470703125,3.74658203125,1.0
2-3-1,Run1,189208488296,3.40692138671875,3.71405029296875,1.0
2-3-1,Run1,189208504950,3.437850952148437,3.722244262695313,1.0
2-3-1,Run1,189208521605,3.396484375,3.681915283203125,1.0
2-3-1,Run1,189208538260,3.383041381835937,3.70855712890625,1.0
2-3-1,Run1,189208554914,3.297103881835937,3.679443359375,1.0
2-3-1,Run1,189208571570,3.072860717773437,3.3258209228515625,1.0
2-3-1,Run1,189208588225,3.1434555053710933,3.0127105712890625,1.0
2-3-1,Run1,189208604879,3.2140502929687496,3.086273193359375,0.0
2-3-1,Run1,189208621534,3.2846450805664062,3.1598358154296875,0.0
2-3-1,Run1,189208638189,3.3552398681640625,3.2333984375,0.0
2-3-1,Run1,189208654843,3.4258346557617188,3.306961059570312,0.0
2-3-1,Run1,189208671498,3.496429443359375,3.3805236816406246,1.0
2-3-1,Run1,189208688153,3.3036041259765625,3.454086303710937,1.0
2-3-1,Run1,189208704808,3.3037567138671875,3.6532135009765625,1.0
2-3-1,Run1,189208721463,3.293807983398437,3.913375854492188,1.0
2-3-1,Run1,189208738118,3.158172607421875,3.3391494750976562,1.0
2-3-1,Run1,189208754773,3.146575927734375,2.764923095703125,1.0
2-3-1,Run1,189208771427,3.2164764404296875,3.2424774169921875,1.0
2-3-1,Run1,189208788082,3.2671661376953125,3.8620452880859375,1.0
2-3-1,Run1,189208804737,3.3265533447265625,3.7628173828125,1.0
2-3-1,Run1,189208821391,3.3223114013671875,3.7628173828125,1.0
2-3-1,Run1,189208838047,3.32952880859375,3.6199951171875,1.0
2-3-1,Run1,189208854702,3.317123413085937,3.4771728515625,1.0
2-3-1,Run1,189208871356,3.323944091796875,3.606201171875,1.0
2-3-1,Run1,189208888011,3.362274169921875,3.7927398681640634,1.0
2-3-1,Run1,189208904666,3.355560302734375,3.8218841552734375,1.0
2-3-1,Run1,189208921320,3.359115600585937,3.8218841552734375,1.0
2-3-1,Run1,189208937975,3.3642120361328125,3.6648635864257812,1.0
2-3-1,Run1,189208954630,3.376007080078125,3.507843017578125,1.0
2-3-1,Run1,189208971284,3.3888092041015625,3.644378662109375,1.0
2-3-1,Run1,189208987940,3.4066619873046875,3.6326751708984375,1.0
2-3-1,Run1,189209004595,3.4061431884765625,3.58258056640625,1.0
2-3-1,Run1,189209021250,3.4013214111328125,3.606353759765625,1.0
2-3-1,Run1,189209037904,3.3704071044921875,3.5222930908203125,1.0
2-3-1,Run1,189209054559,3.372299194335937,3.4574737548828125,1.0
2-3-1,Run1,189209071214,3.40948486328125,3.4574737548828125,1.0
2-3-1,Run1,189209087868,3.3933563232421875,3.4400177001953125,1.0
2-3-1,Run1,189209104523,3.364959716796875,3.4400177001953125,1.0
2-3-1,Run1,189209121179,3.49407958984375,3.326533726283482,1.0
2-3-1,Run1,189209137833,3.28311767578125,3.213049752371652,0.0
2-3-1,Run1,189209154488,3.07215576171875,3.099565778459821,0.0
2-3-1,Run1,189209171143,2.86119384765625,2.986081804547991,0.0
2-3-1,Run1,189209187797,2.65023193359375,2.8725978306361606,0.0
2-3-1,Run1,189209204452,2.43927001953125,2.7591138567243303,1.0
2-3-1,Run1,189209221107,2.43927001953125,2.6456298828125,1.0
2-3-1,Run1,189209237761,3.186279296875,2.9207763671875,1.0
2-3-1,Run1,189209254417,3.186279296875,3.27642822265625,1.0
2-3-1,Run1,189209271072,3.705902099609375,3.6721038818359375,1.0
2-3-1,Run1,189209287727,3.540618896484375,3.6721038818359375,1.0
2-3-1,Run1,189209304381,3.5056610107421875,3.8786468505859375,1.0
2-3-1,Run1,189209321036,3.5418243408203125,3.7623138427734375,1.0
2-3-1,Run1,189209337691,3.560943603515625,3.770843505859375,1.0
2-3-1,Run1,189209354345,3.665359497070313,3.804489135742188,1.0
2-3-1,Run1,189209371000,3.6588134765625,3.8350677490234375,1.0
2-3-1,Run1,189209387656,3.54022216796875,3.76361083984375,1.0
2-3-1,Run1,189209404310,3.4671783447265625,3.63714599609375,1.0
2-3-1,Run1,189209420965,3.425277709960937,3.648198445638021,1.0
2-3-1,Run1,189209437620,3.4077255249023435,3.659250895182292,0.0
2-3-1,Run1,189209454274,3.3901733398437495,3.6703033447265625,0.0
2-3-1,Run1,189209470929,3.372621154785156,3.6813557942708335,0.0
2-3-1,Run1,189209487584,3.3550689697265623,3.6924082438151045,0.0
2-3-1,Run1,189209504238,3.3375167846679688,3.7034606933593754,0.0
2-3-1,Run1,189209520894,3.3199645996093747,3.714513142903646,0.0
2-3-1,Run1,189209537549,3.302412414550781,3.725565592447917,0.0
2-3-1,Run1,189209554204,3.2848602294921876,3.736618041992188,1.0
2-3-1,Run1,189209570858,3.2673080444335936,3.828826904296875,1.0
2-3-1,Run1,189209587513,3.249755859375,3.7324066162109375,1.0
2-3-1,Run1,189209604168,3.393539428710937,3.6390228271484375,1.0
2-3-1,Run1,189209620822,3.428451538085937,3.695281982421875,1.0
2-3-1,Run1,189209637477,3.4008026123046875,3.78857421875,1.0
2-3-1,Run1,189209654133,3.3856964111328125,3.7988433837890634,1.0
2-3-1,Run1,189209670787,3.371917724609375,3.8237152099609375,1.0
2-3-1,Run1,189209687442,3.387191772460937,3.833526611328125,1.0
2-3-1,Run1,189209704097,3.374237060546875,3.78057861328125,1.0
2-3-1,Run1,189209720751,3.4694061279296875,3.7886810302734375,1.0
2-3-1,Run1,189209737406,3.472152709960937,3.794769287109375,1.0
2-3-1,Run1,189209754061,3.3669891357421875,3.776611328125,1.0
2-3-1,Run1,189209770715,3.3757476806640625,3.767120361328125,1.0
2-3-1,Run1,189209787370,3.493377685546875,3.9007415771484375,1.0
2-3-1,Run1,189209804026,3.502044677734375,3.902908325195313,1.0
2-3-1,Run1,189209820681,3.38232421875,3.7791595458984375,1.0
2-3-1,Run1,189209837335,3.388092041015625,3.779266357421875,1.0
2-3-1,Run1,189209853990,3.382431030273437,3.76214599609375,1.0
2-3-1,Run1,189209870645,3.3055419921875,3.744583129882813,1.0
2-3-1,Run1,189209887299,3.3382568359375,3.765350341796875,1.0
2-3-1,Run1,189209903954,3.3382568359375,3.777130126953125,1.0
2-3-1,Run1,189209920609,3.3364715576171875,3.75897216796875,1.0
2-3-1,Run1,189209937264,3.4153289794921875,3.7476806640625,1.0
2-3-1,Run1,189209953919,3.4106903076171875,3.756683349609375,1.0
2-3-1,Run1,189209970574,3.3963775634765625,3.7494049072265625,1.0
2-3-1,Run1,189209987228,3.50897216796875,3.8193511962890634,1.0
2-3-1,Run1,189210003883,3.527099609375,3.7943115234375,1.0
2-3-1,Run1,189210020538,3.4021453857421875,3.73638916015625,1.0
2-3-1,Run1,189210037192,3.4037628173828125,3.74114990234375,1.0
2-3-1,Run1,189210053847,3.52618408203125,3.8079833984375,1.0
2-3-1,Run1,189210070503,3.5321502685546875,3.8507080078125,1.0
2-3-1,Run1,189210087158,3.381088256835937,3.742233276367188,1.0
2-3-1,Run1,189210103812,3.3795623779296875,3.731170654296875,1.0
2-3-1,Run1,189210120467,3.390869140625,3.743896484375,1.0
2-3-1,Run1,189210137122,3.37420654296875,3.721221923828125,1.0
2-3-1,Run1,189210153776,3.3704376220703125,3.7088623046875,1.0
2-3-1,Run1,189210170431,3.393539428710937,3.74688720703125,1.0
2-3-1,Run1,189210187086,3.394760131835937,3.7597808837890634,1.0
2-3-1,Run1,189210203741,3.3700714111328125,3.742599487304688,1.0
2-3-1,Run1,189210220396,3.3416748046875,3.731475830078125,1.0
2-3-1,Run1,189210237051,3.3568267822265625,3.7285003662109375,1.0
2-3-1,Run1,189210253705,3.3833770751953125,3.712860107421875,1.0
2-3-1,Run1,189210270360,3.376678466796875,3.735305786132813,1.0
2-3-1,Run1,189210287015,3.51385498046875,3.636505126953125,1.0
2-3-1,Run1,189210303669,3.4697006225585936,3.49908447265625,1.0
2-3-1,Run1,189210320324,3.4255462646484376,3.48569573296441,0.0
2-3-1,Run1,189210336980,3.381391906738281,3.4723069932725696,0.0
2-3-1,Run1,189210353635,3.337237548828125,3.458918253580729,0.0
2-3-1,Run1,189210370289,3.2930831909179688,3.445529513888889,0.0
2-3-1,Run1,189210386944,3.2489288330078123,3.4321407741970487,0.0
2-3-1,Run1,189210403599,3.2047744750976563,3.4187520345052085,0.0
2-3-1,Run1,189210420253,3.1606201171875,3.405363294813368,0.0
2-3-1,Run1,189210436908,3.116465759277344,3.3919745551215277,0.0
2-3-1,Run1,189210453563,3.0723114013671875,3.3785858154296875,1.0
2-3-1,Run1,189210470218,3.2836456298828125,3.801422119140625,1.0
2-3-1,Run1,189210486873,3.2702789306640625,4.195083618164063,1.0
2-3-1,Run1,189210503528,3.288177490234375,3.8150482177734375,1.0
2-3-1,Run1,189210520182,3.297882080078125,3.644805908203125,1.0
2-3-1,Run1,189210536837,3.2668914794921875,3.6726226806640634,1.0
2-3-1,Run1,189210553492,3.2773895263671875,3.672332763671875,1.0
2-3-1,Run1,189210570146,3.2933502197265625,3.635955810546875,1.0
2-3-1,Run1,189210586801,3.29638671875,3.660675048828125,1.0
2-3-1,Run1,189210603457,3.27301025390625,3.679473876953125,1.0
2-3-1,Run1,189210620112,3.3936920166015625,3.8455963134765625,1.0
2-3-1,Run1,189210636766,3.404144287109375,3.8050384521484375,1.0
2-3-1,Run1,189210653421,3.303817749023437,3.6825103759765625,1.0
2-3-1,Run1,189210670076,3.2469940185546875,3.794708251953125,1.0
2-3-1,Run1,189210686730,3.23956298828125,3.780548095703125,1.0
2-3-1,Run1,189210703385,3.3052215576171875,3.683273315429688,1.0
2-3-1,Run1,189210720040,3.326171875,3.68316650390625,1.0
2-3-1,Run1,189210736694,3.3187713623046875,3.66668701171875,1.0
2-3-1,Run1,189210753350,3.283782958984375,3.680206298828125,1.0
2-3-1,Run1,189210770005,3.280792236328125,3.664703369140625,1.0
2-3-1,Run1,189210786659,3.3916778564453125,3.758758544921875,1.0
2-3-1,Run1,189210803314,3.379547119140625,3.75830078125,1.0
2-3-1,Run1,189210819969,3.379547119140625,3.75830078125,1.0
2-3-1,Run1,189210836623,3.2750244140625,3.6715240478515625,0.0
2-3-1,Run1,189210853278,3.170501708984375,3.584747314453125,1.0
2-3-1,Run1,189210869933,3.267303466796875,3.62188720703125,1.0
2-3-1,Run1,189210886589,3.2529754638671875,3.615036010742188,1.0
2-3-1,Run1,189210903243,3.229034423828125,3.62408447265625,1.0
2-3-1,Run1,189210919898,3.231674194335937,3.6027984619140625,1.0
2-3-1,Run1,189210936553,3.235260009765625,3.575302124023437,1.0
2-3-1,Run1,189210953207,3.21978759765625,3.6405181884765625,1.0
2-3-1,Run1,189210969862,3.232894897460937,3.3458480834960938,1.0
2-3-1,Run1,189210986517,3.4262237548828125,3.051177978515625,1.0
2-3-1,Run1,189211003171,3.384136962890625,3.051177978515625,1.0
2-3-1,Run1,189211019827,3.3420501708984376,2.9371668497721353,0.0
2-3-1,Run1,189211036482,3.29996337890625,2.823155721028646,0.0
2-3-1,Run1,189211053136,3.2578765869140622,2.7091445922851562,0.0
2-3-1,Run1,189211069791,3.215789794921875,2.5951334635416665,0.0
2-3-1,Run1,189211086446,3.1737030029296873,2.4811223347981772,0.0
2-3-1,Run1,189211103100,3.1316162109374996,2.3671112060546875,1.0
2-3-1,Run1,189211119755,3.089529418945312,2.3671112060546875,1.0
2-3-1,Run1,189211136410,3.0474426269531247,2.8143768310546875,0.0
2-3-1,Run1,189211153066,3.005355834960937,3.2616424560546875,1.0
2-3-1,Run1,189211169720,3.151107788085937,3.323715209960937,1.0
2-3-1,Run1,189211186375,3.22998046875,3.43548583984375,1.0
2-3-1,Run1,189211203030,3.206390380859375,3.746978759765625,1.0
2-3-1,Run1,189211219684,3.2142791748046875,3.60198974609375,1.0
2-3-1,Run1,189211236339,3.2072906494140625,3.597381591796875,1.0
2-3-1,Run1,189211252994,3.2271270751953125,3.610061645507813,1.0
2-3-1,Run1,189211269648,3.250518798828125,3.615631103515625,1.0
2-3-1,Run1,189211286303,3.2351226806640625,3.7593994140625,1.0
2-3-1,Run1,189211302959,3.2379302978515625,3.720306396484375,1.0
2-3-1,Run1,189211319613,3.2155914306640625,3.720306396484375,1.0
2-3-1,Run1,189211336268,3.205673217773437,3.6391525268554688,1.0
2-3-1,Run1,189211352923,3.2335968017578125,3.5579986572265625,1.0
2-3-1,Run1,189211369577,3.244476318359375,3.617843627929688,1.0
2-3-1,Run1,189211386232,3.3814239501953125,3.7452239990234375,1.0
2-3-1,Run1,189211402887,3.399078369140625,3.692092895507813,1.0
2-3-1,Run1,189211419542,3.2323760986328125,3.658538818359375,1.0
2-3-1,Run1,189211436197,3.242462158203125,3.674285888671875,1.0
2-3-1,Run1,189211452852,3.244857788085937,3.7454681396484375,1.0
2-3-1,Run1,189211469507,3.2264556884765625,3.7117767333984375,1.0
2-3-1,Run1,189211486161,3.2250213623046875,3.7117767333984375,1.0
2-3-1,Run1,189211502816,3.236846923828125,3.72210693359375,1.0
2-3-1,Run1,189211519471,3.220611572265625,3.6251220703125,1.0
2-3-1,Run1,189211536125,3.2086334228515625,3.6251068115234375,1.0
2-3-1,Run1,189211552780,3.2019805908203125,3.723114013671875,1.0
2-3-1,Run1,189211569436,3.195098876953125,3.6739349365234375,1.0
2-3-1,Run1,189211586090,3.167205810546875,3.6019439697265625,1.0
2-3-1,Run1,189211602745,3.1754150390625,3.592315673828125,1.0
2-3-1,Run1,189211619400,3.17193603515625,3.641265869140625,1.0
2-3-1,Run1,189211636054,3.1392364501953125,3.5952301025390625,1.0
2-3-1,Run1,189211652709,3.1309814453125,3.55084228515625,1.0
2-3-1,Run1,189211669364,3.04046630859375,3.5318756103515625,1.0
2-3-1,Run1,189211686019,3.009979248046875,3.502786809747869,0.0
2-3-1,Run1,189211702674,2.9794921875,3.4736980091441763,0.0
2-3-1,Run1,189211719329,2.949005126953125,3.444609208540483,0.0
2-3-1,Run1,189211735984,2.91851806640625,3.4155204079367896,0.0
2-3-1,Run1,189211752638,2.888031005859375,3.3864316073330962,0.0
2-3-1,Run1,189211769293,2.8575439453125,3.3573428067294033,0.0
2-3-1,Run1,189211785948,2.827056884765625,3.32825400612571,0.0
2-3-1,Run1,189211802602,2.79656982421875,3.2991652055220166,1.0
2-3-1,Run1,189211819257,2.4588775634765625,3.2700764049183233,1.0
2-3-1,Run1,189211835912,2.1339263916015625,3.2409876043146304,1.0
2-3-1,Run1,189211852567,2.8809356689453125,3.211898803710937,1.0
2-3-1,Run1,189211869222,3.0561065673828125,3.211898803710937,1.0
2-3-1,Run1,189211885877,3.130035400390625,3.31719970703125,1.0
2-3-1,Run1,189211902531,3.115631103515625,3.4845428466796875,1.0
2-3-1,Run1,189211919186,3.129730224609375,3.545883178710937,1.0
2-3-1,Run1,189211935841,3.1366424560546875,3.5260772705078125,1.0
2-3-1,Run1,189211952496,3.1385040283203125,3.555572509765625,1.0
2-3-1,Run1,189211969150,3.165145874023437,3.5384979248046875,1.0
2-3-1,Run1,189211985806,3.169708251953125,3.515380859375,1.0
2-3-1,Run1,189212002461,3.172515869140625,3.5520172119140625,1.0
2-3-1,Run1,189212019115,3.189208984375,3.57537841796875,1.0
2-3-1,Run1,189212035770,3.1762847900390625,3.5435791015625,1.0
2-3-1,Run1,189212052425,3.1970672607421875,3.572052001953125,1.0
2-3-1,Run1,189212069079,3.2059783935546875,3.585922241210937,1.0
2-3-1,Run1,189212085734,3.1806640625,3.5513916015625,1.0
2-3-1,Run1,189212102390,3.18756103515625,3.54400634765625,1.0
2-3-1,Run1,189212119044,3.2041015625,3.5587615966796875,1.0
2-3-1,Run1,189212135699,3.19873046875,3.5703582763671875,1.0
2-3-1,Run1,189212152354,3.19915771484375,3.5784454345703125,1.0
2-3-1,Run1,189212169008,3.225448608398437,3.5859832763671875,1.0
2-3-1,Run1,189212185663,3.222259521484375,3.5932159423828125,1.0
2-3-1,Run1,189212202318,3.220733642578125,3.608184814453125,1.0
2-3-1,Run1,189212218973,3.2435455322265625,3.601318359375,1.0
2-3-1,Run1,189212235628,3.235992431640625,3.5800323486328125,1.0
2-3-1,Run1,189212252283,3.2083892822265625,3.678253173828125,1.0
2-3-1,Run1,189212268938,3.2066802978515625,3.6368560791015625,1.0
2-3-1,Run1,189212285592,3.200958251953125,3.570648193359375,1.0
2-3-1,Run1,189212302247,3.1869049072265625,3.578094482421875,1.0
2-3-1,Run1,189212318902,3.35272216796875,3.657135009765625,1.0
2-3-1,Run1,189212335556,3.347015380859375,3.6743011474609375,1.0
2-3-1,Run1,189212352211,3.1627655029296875,3.6743011474609375,1.0
2-3-1,Run1,189212368867,3.162582397460937,3.5989913940429688,1.0
2-3-1,Run1,189212385521,3.3514556884765625,3.523681640625,1.0
2-3-1,Run1,189212402176,3.3297119140625,3.5717926025390625,1.0
2-3-1,Run1,189212418831,3.3297119140625,3.5752105712890625,1.0
2-3-1,Run1,189212435485,3.2001113891601562,3.59478759765625,1.0
2-3-1,Run1,189212452140,3.0705108642578125,3.73187255859375,1.0
2-3-1,Run1,189212468795,3.17462158203125,3.668853759765625,1.0
2-3-1,Run1,189212485450,3.36065673828125,3.579940795898437,1.0
2-3-1,Run1,189212502104,3.34808349609375,3.59930419921875,1.0
2-3-1,Run1,189212518760,3.17608642578125,3.601058959960937,1.0
2-3-1,Run1,189212535415,3.1822052001953125,3.5988311767578125,1.0
2-3-1,Run1,189212552069,3.194000244140625,3.599227905273437,1.0
2-3-1,Run1,189212568724,3.1885223388671875,3.5806121826171875,1.0
2-3-1,Run1,189212585379,3.1809539794921875,3.5451812744140625,1.0
2-3-1,Run1,189212602033,3.08758544921875,3.48590087890625,1.0
2-3-1,Run1,189212618688,3.0899524688720703,3.474313909357244,0.0
2-3-1,Run1,189212635343,3.0923194885253906,3.4627269398082388,0.0
2-3-1,Run1,189212651998,3.094686508178711,3.451139970259233,0.0
2-3-1,Run1,189212668653,3.0970535278320312,3.439553000710227,0.0
2-3-1,Run1,189212685308,3.0994205474853516,3.4279660311612217,0.0
2-3-1,Run1,189212701962,3.101787567138672,3.416379061612216,0.0
2-3-1,Run1,189212718617,3.104154586791992,3.4047920920632104,0.0
2-3-1,Run1,189212735272,3.1065216064453125,3.3932051225142046,1.0
2-3-1,Run1,189212751927,2.966339111328125,3.3816181529651987,1.0
2-3-1,Run1,189212768581,2.8441925048828125,3.3700311834161933,1.0
2-3-1,Run1,189212785237,2.9966278076171875,3.3584442138671875,1.0
2-3-1,Run1,189212801892,3.1888427734375,3.507720947265625,1.0
2-3-1,Run1,189212818546,3.235092163085937,3.522705078125,1.0
2-3-1,Run1,189212835201,3.1935272216796875,3.53131103515625,1.0
2-3-1,Run1,189212851856,3.2139129638671875,3.60333251953125,1.0
2-3-1,Run1,189212868510,3.22802734375,3.61334228515625,1.0
2-3-1,Run1,189212885165,3.2371978759765625,3.61968994140625,1.0
2-3-1,Run1,189212901820,3.245346069335937,3.627044677734375,1.0
2-3-1,Run1,189212918475,3.2565460205078125,3.66259765625,1.0
2-3-1,Run1,189212935130,3.2483673095703125,3.6401519775390634,1.0
2-3-1,Run1,189212951785,3.224273681640625,3.638397216796875,1.0
2-3-1,Run1,189212968439,3.2237091064453125,3.63946533203125,1.0
2-3-1,Run1,189212985094,3.2461395263671875,3.735137939453125,1.0
2-3-1,Run1,189213001749,3.2584686279296875,3.729049682617188,1.0
2-3-1,Run1,189213018404,3.25677490234375,3.6345367431640634,1.0
2-3-1,Run1,189213035058,3.253890991210937,3.638473510742188,1.0
2-3-1,Run1,189213051714,3.272705078125,3.649566650390625,1.0
2-3-1,Run1,189213068369,3.2882080078125,3.64251708984375,1.0
2-3-1,Run1,189213085023,3.2763824462890625,3.667144775390625,1.0
2-3-1,Run1,189213101678,3.269744873046875,3.68902587890625,1.0
2-3-1,Run1,189213118333,3.26422119140625,3.786453247070313,1.0
2-3-1,Run1,189213134987,3.2508697509765625,3.724334716796875,1.0
2-3-1,Run1,189213151642,3.2412261962890625,3.724334716796875,1.0
2-3-1,Run1,189213168297,3.2339630126953125,3.805206298828125,1.0
2-3-1,Run1,189213184952,3.2148590087890625,3.805206298828125,1.0
2-3-1,Run1,189213201607,3.1078643798828125,3.6615047454833984,1.0
2-3-1,Run1,189213218262,3.001495361328125,3.517803192138672,0.0
2-3-1,Run1,189213234916,2.8951263427734375,3.3741016387939453,0.0
2-3-1,Run1,189213251571,2.78875732421875,3.2304000854492188,0.0
2-3-1,Run1,189213268226,2.6823883056640625,3.086698532104492,0.0
2-3-1,Run1,189213284881,2.576019287109375,2.9429969787597656,0.0
2-3-1,Run1,189213301535,2.4696502685546875,2.799295425415039,1.0
2-3-1,Run1,189213318191,2.3532257080078125,2.6555938720703125,1.0
2-3-1,Run1,189213334846,2.2701873779296875,2.6555938720703125,1.0
2-3-1,Run1,189213351500,3.045440673828125,3.3050079345703125,1.0
2-3-1,Run1,189213368155,3.1412506103515625,3.516464233398437,1.0
2-3-1,Run1,189213384810,3.1604461669921875,3.579803466796875,1.0
2-3-1,Run1,189213401464,3.1536407470703125,3.6058349609375,1.0
2-3-1,Run1,189213418119,3.1575469970703125,3.65594482421875,1.0
2-3-1,Run1,189213434774,3.0937042236328125,3.59613037109375,1.0
2-3-1,Run1,189213451428,3.0697021484375,3.605865478515625,1.0
2-3-1,Run1,189213468084,3.15106201171875,3.62884521484375,1.0
2-3-1,Run1,189213484739,3.154632568359375,3.6518402099609375,1.0
2-3-1,Run1,189213501393,3.0708160400390625,3.6406402587890634,1.0
2-3-1,Run1,189213518048,3.094589233398437,3.6520843505859375,1.0
2-3-1,Run1,189213534703,3.187469482421875,3.657562255859375,1.0
2-3-1,Run1,189213551358,3.205780029296875,3.7553863525390634,1.0
2-3-1,Run1,189213568012,3.1950225830078125,3.827835083007813,1.0
2-3-1,Run1,189213584667,3.20648193359375,3.827835083007813,1.0
2-3-1,Run1,189213601323,3.213607788085937,3.780807495117188,1.0
2-3-1,Run1,189213617977,3.3484344482421875,3.780807495117188,1.0
2-3-1,Run1,189213634632,3.3975982666015625,3.7414703369140634,1.0
2-3-1,Run1,189213651287,3.3975982666015625,3.658966064453125,1.0
2-3-1,Run1,189213667941,3.343902587890625,3.6836090087890634,1.0
2-3-1,Run1,189213684596,3.2902069091796875,3.8180084228515625,1.0
2-3-1,Run1,189213701251,3.23651123046875,3.8065338134765625,1.0
2-3-1,Run1,189213717905,3.182815551757812,3.664962768554688,1.0
2-3-1,Run1,189213734561,3.1291198730468746,3.663375854492188,1.0
2-3-1,Run1,189213751216,3.075424194335937,3.6478424072265625,1.0
2-3-1,Run1,189213767870,3.193710327148437,3.619964599609375,1.0
2-3-1,Run1,189213784525,3.1615447998046875,3.621383666992188,1.0
2-3-1,Run1,189213801180,3.1313018798828125,3.5777587890625,1.0
2-3-1,Run1,189213817835,3.1282501220703125,3.5482635498046875,1.0
2-3-1,Run1,189213834489,3.133331298828125,3.601425170898437,1.0
2-3-1,Run1,189213851144,3.1256561279296875,3.59027099609375,1.0
2-3-1,Run1,189213867800,3.128387451171875,3.595123291015625,1.0
2-3-1,Run1,189213884454,3.0974273681640625,3.587631225585937,1.0
2-3-1,Run1,189213901109,3.061004638671875,3.592193603515625,1.0
2-3-1,Run1,189213917764,3.077377319335937,3.591781616210937,1.0
2-3-1,Run1,189213934418,3.0891265869140625,3.5808868408203125,1.0
2-3-1,Run1,189213951073,3.082489013671875,3.554840087890625,1.0
2-3-1,Run1,189213967728,3.070953369140625,3.537460327148437,1.0
2-3-1,Run1,189213984382,3.0657196044921875,3.566024780273437,1.0
2-3-1,Run1,189214001038,3.095077514648437,3.5630035400390625,1.0
2-3-1,Run1,189214017693,3.093368530273437,3.527099609375,1.0
2-3-1,Run1,189214034347,3.103866577148437,3.54144287109375,1.0
2-3-1,Run1,189214051002,3.31170654296875,3.679534912109375,1.0
2-3-1,Run1,189214067657,3.231109619140625,3.725494384765625,1.0
2-3-1,Run1,189214084312,3.04010009765625,3.725494384765625,1.0
2-3-1,Run1,189214100966,3.0360870361328125,3.673553466796875,1.0
2-3-1,Run1,189214117621,3.0442352294921875,3.5273590087890625,1.0
2-3-1,Run1,189214134277,3.04205322265625,3.5352325439453125,1.0
2-3-1,Run1,189214150931,3.063583374023437,3.54443359375,1.0
2-3-1,Run1,189214167586,3.0888671875,3.53851318359375,1.0
2-3-1,Run1,189214184241,3.275253295898437,3.545562744140625,1.0
2-3-1,Run1,189214200895,3.255615234375,3.5282745361328125,1.0
2-3-1,Run1,189214217550,3.083740234375,3.5292510986328125,1.0
2-3-1,Run1,189214234205,3.080184936523437,3.542236328125,1.0
2-3-1,Run1,189214250859,3.063461303710937,3.537582397460937,1.0
2-3-1,Run1,189214267515,3.0558319091796875,3.5343170166015625,1.0
2-3-1,Run1,189214284170,3.0764923095703125,3.5487213134765625,1.0
2-3-1,Run1,189214300824,3.0584259033203125,3.559921264648437,1.0
2-3-1,Run1,189214317479,3.0538787841796875,3.694976806640625,1.0
2-3-1,Run1,189214334134,3.0905914306640625,3.6401519775390634,1.0
2-3-1,Run1,189214350789,3.050506591796875,3.3707275390625,1.0
2-3-1,Run1,189214367443,2.865951538085937,3.166778564453125,1.0
2-3-1,Run1,189214384098,2.874981350368923,3.20528564453125,0.0
2-3-1,Run1,189214400753,2.8840111626519094,3.243792724609375,0.0
2-3-1,Run1,189214417408,2.8930409749348955,3.2822998046875,0.0
2-3-1,Run1,189214434063,2.9020707872178817,3.320806884765625,0.0
2-3-1,Run1,189214450718,2.911100599500868,3.35931396484375,0.0
2-3-1,Run1,189214467372,2.920130411783854,3.397821044921875,0.0
2-3-1,Run1,189214484027,2.92916022406684,3.436328125,0.0
2-3-1,Run1,189214500682,2.9381900363498263,3.474835205078125,0.0
2-3-1,Run1,189214517336,2.9472198486328125,3.51334228515625,1.0
2-3-1,Run1,189214533991,3.0282745361328125,3.551849365234375,1.0
2-3-1,Run1,189214550647,3.034210205078125,3.396148681640625,1.0
2-3-1,Run1,189214567301,3.093658447265625,3.5275115966796875,1.0
2-3-1,Run1,189214583956,3.1018829345703125,3.572540283203125,1.0
2-3-1,Run1,189214600611,3.096649169921875,3.49505615234375,1.0
2-3-1,Run1,189214617266,3.1175994873046875,3.553695678710937,1.0
2-3-1,Run1,189214633920,3.1079254150390625,3.5727996826171875,1.0
2-3-1,Run1,189214650575,3.1065673828125,3.577255249023437,1.0
2-3-1,Run1,189214667230,3.1128387451171875,3.55572509765625,1.0
2-3-1,Run1,189214683885,3.126068115234375,3.5819854736328125,1.0
2-3-1,Run1,189214700540,3.14373779296875,3.617263793945313,1.0
2-3-1,Run1,189214717195,3.139266967773437,3.63507080078125,1.0
2-3-1,Run1,189214733849,3.1492919921875,3.613739013671875,1.0
2-3-1,Run1,189214750504,3.3227081298828125,3.6777191162109375,1.0
2-3-1,Run1,189214767159,3.321273803710937,3.674758911132813,1.0
2-3-1,Run1,189214783813,3.321273803710937,3.674758911132813,1.0
2-3-1,Run1,189214800468,3.1787261962890625,3.6049118041992188,0.0
2-3-1,Run1,189214817124,3.0361785888671875,3.535064697265625,1.0
2-3-1,Run1,189214833778,3.1383209228515625,3.57037353515625,1.0
2-3-1,Run1,189214850433,3.1302642822265625,3.608840942382813,1.0
2-3-1,Run1,189214867088,3.1143798828125,3.63397216796875,1.0
2-3-1,Run1,189214883743,3.11981201171875,3.642578125,1.0
2-3-1,Run1,189214900397,3.1251220703125,3.6617279052734375,1.0
2-3-1,Run1,189214917052,3.134033203125,3.786331176757813,1.0
2-3-1,Run1,189214933707,3.1099395751953125,3.744842529296875,1.0
2-3-1,Run1,189214950362,3.10089111328125,3.744842529296875,1.0
2-3-1,Run1,189214967017,3.0238494873046875,3.687301635742188,1.0
2-3-1,Run1,189214983672,2.9737701416015625,3.597930908203125,1.0
2-3-1,Run1,189215000326,3.1292266845703125,3.59417724609375,1.0
2-3-1,Run1,189215016981,3.1305694580078125,3.5883331298828125,1.0
2-3-1,Run1,189215033636,3.106781005859375,3.595443725585937,1.0
2-3-1,Run1,189215050290,3.095809936523437,3.5631103515625,1.0
2-3-1,Run1,189215066945,3.096923828125,3.545761108398437,1.0
2-3-1,Run1,189215083601,3.0957183837890625,3.572998046875,1.0
2-3-1,Run1,189215100255,3.0785369873046875,3.585067749023437,1.0
2-3-1,Run1,189215116910,3.081024169921875,3.550933837890625,1.0
2-3-1,Run1,189215133565,3.0687255859375,3.5634765625,1.0
2-3-1,Run1,189215150220,3.061309814453125,3.5706329345703125,1.0
2-3-1,Run1,189215166874,3.077301025390625,3.563827514648437,1.0
2-3-1,Run1,189215183529,3.083465576171875,3.579376220703125,1.0
2-3-1,Run1,189215200184,3.0918121337890625,3.570068359375,1.0
2-3-1,Run1,189215216838,3.111328125,3.58984375,1.0
2-3-1,Run1,189215233494,3.0084686279296875,3.58917236328125,1.0
2-3-1,Run1,189215250149,3.0282440185546875,3.568603515625,1.0
2-3-1,Run1,189215266803,3.131332397460937,3.5827178955078125,1.0
2-3-1,Run1,189215283458,3.2949981689453125,3.707489013671875,1.0
2-3-1,Run1,189215300113,3.304916381835937,3.7197418212890634,1.0
2-3-1,Run1,189215316767,3.138885498046875,3.60443115234375,1.0
2-3-1,Run1,189215333422,3.1332550048828125,3.619216918945313,1.0
2-3-1,Run1,189215350077,3.285888671875,3.767791748046875,1.0
2-3-1,Run1,189215366732,3.3524932861328125,3.764251708984375,1.0
2-3-1,Run1,189215383387,3.1780548095703125,3.62353515625,1.0
2-3-1,Run1,189215400042,3.18450927734375,3.6257476806640634,1.0
2-3-1,Run1,189215416697,3.370223999023437,3.66705322265625,1.0
2-3-1,Run1,189215433351,3.3472442626953125,3.6676025390625,1.0
2-3-1,Run1,189215450006,3.202545166015625,3.6486663818359375,1.0
2-3-1,Run1,189215466661,3.1962127685546875,3.645233154296875,1.0
2-3-1,Run1,189215483315,3.335662841796875,3.646728515625,1.0
2-3-1,Run1,189215499971,3.3667449951171875,3.632614135742188,1.0
2-3-1,Run1,189215516626,3.1992340087890625,3.647537231445313,1.0
2-3-1,Run1,189215533280,3.186874389648437,3.6639251708984375,1.0
2-3-1,Run1,189215549935,3.178955078125,3.66656494140625,1.0
2-3-1,Run1,189215566590,3.17755126953125,3.6509857177734375,1.0
2-3-1,Run1,189215583244,3.175765991210937,3.651702880859375,1.0
2-3-1,Run1,189215599899,3.179550170898437,3.6861419677734375,1.0
2-3-1,Run1,189215616554,3.190673828125,3.679397583007813,1.0
2-3-1,Run1,189215633209,3.1722412109375,3.6514739990234375,1.0
2-3-1,Run1,189215649864,3.297515869140625,3.660125732421875,1.0
2-3-1,Run1,189215666519,3.363265991210937,3.66278076171875,1.0
2-3-1,Run1,189215683174,3.183258056640625,3.6685791015625,1.0
2-3-1,Run1,189215699828,3.192489624023437,3.6841888427734375,1.0
2-3-1,Run1,189215716483,3.171112060546875,3.6755218505859375,1.0
2-3-1,Run1,189215733138,3.150604248046875,3.680465698242188,1.0
2-3-1,Run1,189215749792,3.180328369140625,3.6937255859375,1.0
2-3-1,Run1,189215766448,3.1836395263671875,3.6949462890625,1.0
2-3-1,Run1,189215783103,3.174957275390625,3.688568115234375,1.0
2-3-1,Run1,189215799757,3.175033569335937,3.69219970703125,1.0
2-3-1,Run1,189215816412,3.1829376220703125,3.6924896240234375,1.0
2-3-1,Run1,189215833067,3.1868896484375,3.686859130859375,1.0
2-3-1,Run1,189215849721,3.1862335205078125,3.818115234375,1.0
2-3-1,Run1,189215866376,3.1923370361328125,3.8192138671875,1.0
2-3-1,Run1,189215883031,3.1812744140625,3.69317626953125,1.0
2-3-1,Run1,189215899686,3.17987060546875,3.6829833984375,1.0
2-3-1,Run1,189215916341,3.19219970703125,3.67315673828125,1.0
2-3-1,Run1,189215932996,3.18487548828125,3.666915893554688,1.0
2-3-1,Run1,189215949651,3.179229736328125,3.686004638671875,1.0
2-3-1,Run1,189215966305,3.1858367919921875,3.6920013427734375,1.0
2-3-1,Run1,189215982960,3.173004150390625,3.675048828125,1.0
2-3-1,Run1,189215999615,3.149383544921875,3.6671295166015625,1.0
2-3-1,Run1,189216016269,3.137924194335937,3.660675048828125,1.0
2-3-1,Run1,189216032925,3.140716552734375,3.6763916015625,1.0
2-3-1,Run1,189216049580,3.3119659423828125,3.796234130859375,1.0
2-3-1,Run1,189216066234,3.3441925048828125,3.742584228515625,1.0
2-3-1,Run1,189216082889,3.171905517578125,3.667572021484375,1.0
2-3-1,Run1,189216099544,3.138641357421875,3.665206909179688,1.0
2-3-1,Run1,189216116198,3.285247802734375,3.7390289306640634,1.0
2-3-1,Run1,189216132853,3.2062098185221353,3.696519851684571,0.0
2-3-1,Run1,189216149508,3.1271718343098955,3.654010772705079,0.0
2-3-1,Run1,189216166162,3.0481338500976562,3.6115016937255864,0.0
2-3-1,Run1,189216182818,2.9690958658854165,3.568992614746094,0.0
2-3-1,Run1,189216199473,2.890057881673177,3.526483535766602,0.0
2-3-1,Run1,189216216128,2.811019897460937,3.4839744567871094,1.0
2-3-1,Run1,189216232782,2.995834350585937,3.441465377807617,1.0
2-3-1,Run1,189216249437,3.1024932861328125,3.398956298828125,1.0
2-3-1,Run1,189216266092,3.11566162109375,3.497344970703125,1.0
2-3-1,Run1,189216282746,3.1290435791015625,3.6300201416015625,1.0
2-3-1,Run1,189216299401,3.1397857666015625,3.67132568359375,1.0
2-3-1,Run1,189216316057,3.2632598876953125,3.833786010742188,1.0
2-3-1,Run1,189216332711,3.2592315673828125,3.8791351318359375,1.0
2-3-1,Run1,189216349366,3.1380767822265625,3.734085083007813,1.0
2-3-1,Run1,189216366021,3.1490478515625,3.718551635742188,1.0
2-3-1,Run1,189216382675,3.185577392578125,3.71820068359375,1.0
2-3-1,Run1,189216399330,3.21453857421875,3.7271575927734375,1.0
2-3-1,Run1,189216415985,3.23480224609375,3.857986450195313,1.0
2-3-1,Run1,189216432639,3.15570068359375,3.748550415039063,1.0
2-3-1,Run1,189216449295,3.09112548828125,3.639114379882813,1.0
2-3-1,Run1,189216465950,3.212799072265625,3.67938232421875,1.0
2-3-1,Run1,189216482605,3.222137451171875,3.667388916015625,1.0
2-3-1,Run1,189216499259,3.25091552734375,3.7115325927734375,1.0
2-3-1,Run1,189216515914,3.21856689453125,3.71868896484375,1.0
2-3-1,Run1,189216532569,3.18377685546875,3.6967926025390634,1.0
2-3-1,Run1,189216549223,3.180023193359375,3.699142456054688,1.0
2-3-1,Run1,189216565878,3.1621856689453125,3.702972412109375,1.0
2-3-1,Run1,189216582534,3.1573638916015625,3.685104370117188,1.0
2-3-1,Run1,189216599188,3.1590576171875,3.678176879882813,1.0
2-3-1,Run1,189216615843,3.160003662109375,3.66156005859375,1.0
2-3-1,Run1,189216632498,3.15313720703125,3.618194580078125,1.0
2-3-1,Run1,189216649152,3.108489990234375,3.601913452148437,1.0
2-3-1,Run1,189216665807,3.1052703857421875,3.638580322265625,1.0
2-3-1,Run1,189216682462,3.092758178710937,3.608856201171875,1.0
2-3-1,Run1,189216699116,3.076156616210937,3.59051513671875,1.0
2-3-1,Run1,189216715772,3.065643310546875,3.588119506835937,1.0
2-3-1,Run1,189216732427,3.0452117919921875,3.57904052734375,1.0
2-3-1,Run1,189216749082,3.038604736328125,3.5744171142578125,1.0
2-3-1,Run1,189216765736,3.033203125,3.51397705078125,1.0
2-3-1,Run1,189216782391,3.211944580078125,3.5269689559936523,1.0
2-3-1,Run1,189216799046,3.201338768005371,3.5399608612060547,0.0
2-3-1,Run1,189216815700,3.190732955932617,3.552952766418457,0.0
2-3-1,Run1,189216832355,3.1801271438598633,3.5659446716308594,0.0
2-3-1,Run1,189216849011,3.1695213317871094,3.5789365768432617,0.0
2-3-1,Run1,189216865665,3.1589155197143555,3.591928482055664,0.0
2-3-1,Run1,189216882320,3.1483097076416016,3.6049203872680664,0.0
2-3-1,Run1,189216898975,3.1377038955688477,3.6179122924804688,0.0
2-3-1,Run1,189216915629,3.1270980834960938,3.6309041976928715,0.0
2-3-1,Run1,189216932284,3.11649227142334,3.643896102905274,0.0
2-3-1,Run1,189216948939,3.105886459350586,3.6568880081176762,0.0
2-3-1,Run1,189216979455,3.095280647277832,3.6698799133300786,0.0
2-3-1,Run1,189216996111,3.084674835205078,3.682871818542481,0.0
2-3-1,Run1,189217012766,3.074069023132324,3.6958637237548833,0.0
2-3-1,Run1,189217046170,3.0634632110595703,3.7088556289672856,0.0
2-3-1,Run1,189217062825,3.0528573989868164,3.721847534179688,1.0
2-3-1,Run1,189217079479,3.0422515869140625,3.5022125244140625,1.0
2-3-1,Run1,189217096134,3.137451171875,3.4146728515625,1.0
2-3-1,Run1,189217112788,3.1779937744140625,3.4692535400390625,1.0
2-3-1,Run1,189217129444,3.164520263671875,3.611297607421875,1.0
2-3-1,Run1,189217146099,3.172836303710937,3.646408081054688,1.0
2-3-1,Run1,189217162753,3.19677734375,3.6185455322265625,1.0
2-3-1,Run1,189217179408,3.327667236328125,3.670501708984375,1.0
2-3-1,Run1,189217196063,3.292388916015625,3.678497314453125,1.0
2-3-1,Run1,189217212717,3.196640014648437,3.698089599609375,1.0
2-3-1,Run1,189217229372,3.231781005859375,3.72479248046875,1.0
2-3-1,Run1,189217246027,3.265533447265625,3.718460083007813,1.0
2-3-1,Run1,189217262682,3.25726318359375,3.724807739257813,1.0
2-3-1,Run1,189217279337,3.36151123046875,3.91552734375,1.0
2-3-1,Run1,189217295992,3.4360504150390625,3.900466918945313,1.0
2-3-1,Run1,189217312646,3.3155670166015625,3.7900390625,1.0
2-3-1,Run1,189217329301,3.327789306640625,3.793548583984375,1.0
2-3-1,Run1,189217345955,3.3680419921875,3.814743041992188,1.0
2-3-1,Run1,189217362610,3.3562469482421875,3.798431396484375,1.0
2-3-1,Run1,189217379264,3.361846923828125,3.79345703125,1.0
2-3-1,Run1,189217395920,3.3772735595703125,3.795608520507813,1.0
2-3-1,Run1,189217412575,3.3732147216796875,3.8044281005859375,1.0
2-3-1,Run1,189217429229,3.3801727294921875,3.822784423828125,1.0
2-3-1,Run1,189217445884,3.37310791015625,3.825149536132813,1.0
2-3-1,Run1,189217462539,3.3484344482421875,3.8372650146484375,1.0
2-3-1,Run1,189217479193,3.3383026123046875,3.85516357421875,1.0
2-3-1,Run1,189217495848,3.340423583984375,3.833892822265625,1.0
2-3-1,Run1,189217512503,3.2982330322265625,3.829864501953125,1.0
2-3-1,Run1,189217529158,3.295013427734375,3.841384887695313,1.0
2-3-1,Run1,189217545813,3.2971649169921875,3.839569091796875,1.0
2-3-1,Run1,189217562468,3.292572021484375,3.839187622070313,1.0
2-3-1,Run1,189217579121,3.2685546875,3.9275054931640634,1.0
2-3-1,Run1,189217595776,3.243881225585937,3.918411254882813,1.0
2-3-1,Run1,189217612431,3.350677490234375,3.813934326171875,1.0
2-3-1,Run1,189217629086,3.3886260986328125,3.808013916015625,1.0
2-3-1,Run1,189217645740,3.243682861328125,3.787673950195313,1.0
2-3-1,Run1,189217662396,3.2290496826171875,3.785736083984375,1.0
2-3-1,Run1,189217679051,3.2164306640625,3.7900238037109375,1.0
2-3-1,Run1,189217695705,3.2146759033203125,3.7660064697265625,1.0
2-3-1,Run1,189217712360,3.2110137939453125,3.828369140625,1.0
2-3-1,Run1,189217729015,3.1942596435546875,3.9261627197265625,1.0
2-3-1,Run1,189217745669,3.173126220703125,3.9261627197265625,1.0
2-3-1,Run1,189217762324,3.09051513671875,3.8924331665039062,1.0
2-3-1,Run1,189217778979,3.0695691789899553,3.85870361328125,0.0
2-3-1,Run1,189217795633,3.0486232212611606,3.8249740600585938,0.0
2-3-1,Run1,189217812289,3.027677263532366,3.7912445068359375,0.0
2-3-1,Run1,189217828943,3.0067313058035716,3.7575149536132812,0.0
2-3-1,Run1,189217845597,2.985785348074777,3.723785400390625,0.0
2-3-1,Run1,189217862252,2.964839390345982,3.6900558471679688,0.0
2-3-1,Run1,189217878907,2.9438934326171875,3.6563262939453125,1.0
2-3-1,Run1,189217895562,2.9438934326171875,3.6225967407226562,1.0
2-3-1,Run1,189217912216,2.9880523681640625,3.5888671875,1.0
2-3-1,Run1,189217928871,3.1269683837890625,3.6552581787109375,1.0
2-3-1,Run1,189217945527,3.169189453125,3.670578002929688,1.0
2-3-1,Run1,189217962181,3.150375366210937,3.678878784179688,1.0
2-3-1,Run1,189217978836,3.124984741210937,3.6692047119140634,1.0
2-3-1,Run1,189217995491,3.1168212890625,3.6518402099609375,1.0
2-3-1,Run1,189218012145,3.12762451171875,3.616607666015625,1.0
2-3-1,Run1,189218028800,3.138778686523437,3.624099731445313,1.0
2-3-1,Run1,189218045455,3.134262084960937,3.7734222412109375,1.0
2-3-1,Run1,189218062109,3.1279449462890625,3.76361083984375,1.0
2-3-1,Run1,189218078764,3.12652587890625,3.6417083740234375,1.0
2-3-1,Run1,189218095419,3.1783905029296875,3.6439208984375,1.0
2-3-1,Run1,189218112073,3.4289093017578125,3.766921997070313,1.0
2-3-1,Run1,189218128728,3.3886260986328125,3.7333984375,1.0
2-3-1,Run1,189218145383,3.201751708984375,3.7333984375,1.0
2-3-1,Run1,189218162038,3.2018280029296875,3.704875946044922,1.0
2-3-1,Run1,189218178692,3.3991241455078125,3.6763534545898438,1.0
2-3-1,Run1,189218195347,3.3824005126953125,3.647830963134766,1.0
2-3-1,Run1,189218212003,3.3824005126953125,3.619308471679688,1.0
2-3-1,Run1,189218228657,3.250152587890625,3.735687255859375,1.0
2-3-1,Run1,189218245312,3.117904663085937,3.6114501953125,1.0
2-3-1,Run1,189218261967,3.117904663085937,3.4281768798828125,1.0
2-3-1,Run1,189218278621,3.0122566223144527,3.4304412841796874,0.0
2-3-1,Run1,189218295276,2.9066085815429683,3.4327056884765623,0.0
2-3-1,Run1,189218311931,2.800960540771484,3.4349700927734377,0.0
2-3-1,Run1,189218328585,2.6953125,3.4372344970703126,0.0
2-3-1,Run1,189218345240,2.5896644592285156,3.4394989013671875,0.0
2-3-1,Run1,189218361895,2.4840164184570312,3.4417633056640624,0.0
2-3-1,Run1,189218378549,2.378368377685547,3.4440277099609373,0.0
2-3-1,Run1,189218395204,2.2727203369140625,3.4462921142578127,1.0
2-3-1,Run1,189218411859,2.48052978515625,3.4485565185546876,1.0
2-3-1,Run1,189218428514,2.66741943359375,3.4508209228515625,1.0
2-3-1,Run1,189218445168,2.9414825439453125,3.3807525634765625,1.0
2-3-1,Run1,189218461823,3.157577514648437,3.35113525390625,1.0
2-3-1,Run1,189218478479,3.248321533203125,3.5301971435546875,1.0
2-3-1,Run1,189218495133,3.266387939453125,3.592269897460937,1.0
2-3-1,Run1,189218511788,3.2499237060546875,3.646408081054688,1.0
2-3-1,Run1,189218528443,3.263946533203125,3.6099700927734375,1.0
2-3-1,Run1,189218545097,3.4176177978515625,3.6284688313802085,1.0
2-3-1,Run1,189218561752,3.5205078125,3.646967569986979,1.0
2-3-1,Run1,189218578406,3.5205078125,3.66546630859375,1.0
2-3-1,Run1,189218595060,3.4863739013671875,3.714691162109375,1.0
2-3-1,Run1,189218611716,3.2916412353515625,3.8570709228515625,1.0
2-3-1,Run1,189218628371,3.262939453125,3.681121826171875,1.0
2-3-1,Run1,189218645025,3.396881103515625,3.657012939453125,1.0
2-3-1,Run1,189218661680,3.51055908203125,3.703323364257813,1.0
2-3-1,Run1,189218678335,3.29351806640625,3.703125,1.0
2-3-1,Run1,189218694990,3.261322021484375,3.675048828125,1.0
2-3-1,Run1,189218711644,3.214508056640625,3.648025512695313,1.0
2-3-1,Run1,189218728299,3.216156005859375,3.6158599853515625,1.0
2-3-1,Run1,189218744954,3.4067535400390625,3.5912399291992188,1.0
2-3-1,Run1,189218761609,3.381942749023437,3.566619873046875,1.0
2-3-1,Run1,189218778264,3.143890380859375,3.562118530273437,1.0
2-3-1,Run1,189218794919,3.1360321044921875,3.578125,1.0
2-3-1,Run1,189218811573,3.1041717529296875,3.6341400146484375,1.0
2-3-1,Run1,189218828227,3.07232666015625,3.54498291015625,1.0
2-3-1,Run1,189218844882,3.060150146484375,3.4558258056640625,1.0
2-3-1,Run1,189218861536,3.047149658203125,3.5388946533203125,1.0
2-3-1,Run1,189218878191,3.02056884765625,3.783401489257813,1.0
2-3-1,Run1,189218894847,3.030853271484375,3.617767333984375,1.0
2-3-1,Run1,189218911501,3.250473022460937,3.617767333984375,1.0
2-3-1,Run1,189218928156,3.158721923828125,3.710250854492188,1.0
2-3-1,Run1,189218944811,2.95306396484375,3.500106811523437,1.0
2-3-1,Run1,189218961466,2.934478759765625,3.48492431640625,1.0
2-3-1,Run1,189218978120,2.93359375,3.631515502929688,1.0
2-3-1,Run1,189218994775,2.934432983398437,3.53558349609375,1.0
2-3-1,Run1,189219011430,2.9535064697265625,3.4396514892578125,1.0
2-3-1,Run1,189219028084,3.010406494140625,3.5047149658203125,1.0
2-3-1,Run1,189219044740,3.31671142578125,3.68975830078125,1.0
2-3-1,Run1,189219061395,3.2820663452148438,3.6436126708984373,0.0
2-3-1,Run1,189219078048,3.2474212646484375,3.597467041015625,0.0
2-3-1,Run1,189219094703,3.2127761840820312,3.5513214111328124,0.0
2-3-1,Run1,189219111358,3.178131103515625,3.50517578125,0.0
2-3-1,Run1,189219128012,3.1434860229492188,3.4590301513671875,0.0
2-3-1,Run1,189219144667,3.1088409423828125,3.412884521484375,0.0
2-3-1,Run1,189219161323,3.0741958618164062,3.3667388916015626,0.0
2-3-1,Run1,189219177977,3.03955078125,3.32059326171875,0.0
2-3-1,Run1,189219194632,3.0049057006835938,3.2744476318359377,0.0
2-3-1,Run1,189219211287,2.9702606201171875,3.228302001953125,1.0
2-3-1,Run1,189219227942,3.0232696533203125,3.228302001953125,1.0
2-3-1,Run1,189219244596,3.0494384765625,3.379745483398437,1.0
2-3-1,Run1,189219261251,3.067047119140625,3.379745483398437,1.0
2-3-1,Run1,189219277906,3.0641632080078125,3.5262908935546875,1.0
2-3-1,Run1,189219294560,3.0592041015625,3.60626220703125,1.0
2-3-1,Run1,189219311215,3.0823974609375,3.620880126953125,1.0
2-3-1,Run1,189219327870,3.1295928955078125,3.55224609375,1.0
2-3-1,Run1,189219344524,3.1556549072265625,3.632034301757813,1.0
2-3-1,Run1,189219361179,3.154083251953125,3.632034301757813,1.0
2-3-1,Run1,189219377834,3.290924072265625,3.726699829101563,1.0
2-3-1,Run1,189219394488,3.283233642578125,3.821365356445313,1.0
2-3-1,Run1,189219411143,3.201156616210937,3.821365356445313,1.0
2-3-1,Run1,189219427799,3.2215728759765625,3.7469558715820312,1.0
2-3-1,Run1,189219444453,3.233795166015625,3.67254638671875,1.0
2-3-1,Run1,189219461107,3.2515869140625,3.67254638671875,1.0
2-3-1,Run1,189219477763,3.246826171875,3.736541748046875,1.0
2-3-1,Run1,189219494418,3.1647491455078125,3.736541748046875,1.0
2-3-1,Run1,189219511072,3.12384033203125,3.644073486328125,1.0
2-3-1,Run1,189219527727,3.2532958984375,3.644073486328125,1.0
2-3-1,Run1,189219544382,3.25201416015625,3.650090535481771,1.0
2-3-1,Run1,189219561036,3.230697631835937,3.6561075846354174,1.0
2-3-1,Run1,189219577691,3.241302490234375,3.6621246337890634,1.0
2-3-1,Run1,189219594346,3.21563720703125,3.6621246337890634,1.0
2-3-1,Run1,189219611000,3.2134552001953125,3.665740966796875,1.0
2-3-1,Run1,189219627655,3.2174224853515625,3.665740966796875,1.0
2-3-1,Run1,189219644310,3.20654296875,3.7363967895507812,1.0
2-3-1,Run1,189219660964,3.2487030029296875,3.807052612304688,1.0
2-3-1,Run1,189219677619,3.2559814453125,3.807052612304688,1.0
2-3-1,Run1,189219694274,3.23876953125,3.7381515502929688,1.0
2-3-1,Run1,189219710928,3.2395172119140625,3.66925048828125,1.0
2-3-1,Run1,189219727583,3.235321044921875,3.66925048828125,1.0
2-3-1,Run1,189219744238,3.215667724609375,3.61712646484375,1.0
2-3-1,Run1,189219760894,3.219970703125,3.6689453125,1.0
2-3-1,Run1,189219777548,3.2397918701171875,3.6738433837890634,1.0
2-3-1,Run1,189219794203,3.2267608642578125,3.6236419677734375,1.0
2-3-1,Run1,189219810858,3.237045288085937,3.295150756835937,1.0
2-3-1,Run1,189219827511,3.161117553710937,3.295150756835937,1.0
2-3-1,Run1,189219844167,3.156539916992187,3.312854342990451,0.0
2-3-1,Run1,189219860822,3.151962280273437,3.3305579291449647,0.0
2-3-1,Run1,189219877476,3.147384643554687,3.348261515299479,0.0
2-3-1,Run1,189219894131,3.142807006835937,3.365965101453993,0.0
2-3-1,Run1,189219910786,3.1382293701171875,3.3836686876085067,0.0
2-3-1,Run1,189219927440,3.1336517333984375,3.4013722737630205,0.0
2-3-1,Run1,189219944095,3.1290740966796875,3.419075859917535,0.0
2-3-1,Run1,189219960750,3.1244964599609375,3.4367794460720487,0.0
2-3-1,Run1,189219977404,3.1199188232421875,3.4544830322265625,1.0
2-3-1,Run1,189219994059,3.2089996337890625,3.4544830322265625,1.0
2-3-1,Run1,189220010714,3.2971343994140625,3.6507415771484375,1.0
2-3-1,Run1,189220027369,3.2709197998046875,3.6934661865234375,1.0
2-3-1,Run1,189220044024,3.301254272460937,3.722625732421875,1.0
2-3-1,Run1,189220060679,3.3533172607421875,3.689407348632813,1.0
2-3-1,Run1,189220077333,3.4744110107421875,3.7822799682617188,1.0
2-3-1,Run1,189220093987,3.3665924072265625,3.875152587890625,1.0
2-3-1,Run1,189220110643,3.337997436523437,3.751434326171875,1.0
2-3-1,Run1,189220127298,3.325180053710937,3.708526611328125,1.0
2-3-1,Run1,189220143952,3.28973388671875,3.8160018920898438,1.0
2-3-1,Run1,189220160607,3.3599395751953125,3.9234771728515625,1.0
2-3-1,Run1,189220177261,3.3496551513671875,3.739654541015625,1.0
2-3-1,Run1,189220193916,3.335113525390625,3.685791015625,1.0
2-3-1,Run1,189220210571,3.2909088134765625,3.655593872070313,1.0
2-3-1,Run1,189220227226,3.3100128173828125,3.698028564453125,1.0
2-3-1,Run1,189220243880,3.2987060546875,3.686477661132813,1.0
2-3-1,Run1,189220260535,3.263031005859375,3.6590728759765625,1.0
2-3-1,Run1,189220277190,3.2273712158203125,3.6521148681640634,1.0
2-3-1,Run1,189220293845,3.2039031982421875,3.6296539306640634,1.0
2-3-1,Run1,189220310499,3.147689819335937,3.5346221923828125,1.0
2-3-1,Run1,189220327155,3.1259002685546875,3.5346221923828125,1.0
2-3-1,Run1,189220343809,3.09716796875,3.50518798828125,1.0
2-3-1,Run1,189220360463,3.0784454345703125,3.50518798828125,1.0
2-3-1,Run1,189220377119,3.088851928710937,3.4734649658203125,1.0
2-3-1,Run1,189220393774,3.0685272216796875,3.4734649658203125,1.0
2-3-1,Run1,189220410428,3.224029541015625,3.4806315104166665,1.0
2-3-1,Run1,189220427082,3.19448004828559,3.487798055013021,0.0
2-3-1,Run1,189220443737,3.1649305555555554,3.494964599609375,0.0
2-3-1,Run1,189220460391,3.135381062825521,3.502131144205729,0.0
2-3-1,Run1,189220477047,3.105831570095486,3.5092976888020835,0.0
2-3-1,Run1,189220493702,3.0762820773654513,3.5164642333984375,0.0
2-3-1,Run1,189220510356,3.0467325846354165,3.5236307779947915,0.0
2-3-1,Run1,189220527011,3.017183091905382,3.530797322591146,0.0
2-3-1,Run1,189220543666,2.9876335991753473,3.5379638671875,0.0
2-3-1,Run1,189220560321,2.9580841064453125,3.545130411783854,1.0
2-3-1,Run1,189220576975,2.9580841064453125,3.5522969563802085,1.0
2-3-1,Run1,189220593630,3.04913330078125,3.5594635009765625,1.0
2-3-1,Run1,189220610285,3.04913330078125,3.5594635009765625,1.0
2-3-1,Run1,189220626939,3.117401123046875,3.509429931640625,1.0
2-3-1,Run1,189220643594,3.00457763671875,3.4593963623046875,1.0
2-3-1,Run1,189220660249,3.0140533447265625,3.570556640625,1.0
2-3-1,Run1,189220676903,3.03900146484375,3.6215667724609375,1.0
2-3-1,Run1,189220693558,3.0365142822265625,3.578155517578125,1.0
2-3-1,Run1,189220710213,3.128524780273437,3.5811767578125,1.0
2-3-1,Run1,189220726867,3.03497314453125,3.545883178710937,1.0
2-3-1,Run1,189220743522,2.9414215087890625,3.4833984375,1.0
2-3-1,Run1,189220760178,3.0642547607421875,3.4833984375,1.0
2-3-1,Run1,189220776832,3.05401611328125,3.483505249023437,1.0
2-3-1,Run1,189220793487,3.0360107421875,3.483505249023437,1.0
2-3-1,Run1,189220810142,3.053070068359375,3.497283935546875,1.0
2-3-1,Run1,189220826797,3.0997772216796875,3.569854736328125,1.0
2-3-1,Run1,189220843451,3.1114044189453125,3.777908325195313,1.0
2-3-1,Run1,189220860106,3.0764617919921875,3.6778106689453125,1.0
2-3-1,Run1,189220876761,3.10015869140625,3.5777130126953125,1.0
2-3-1,Run1,189220893414,3.123626708984375,3.5188751220703125,1.0
2-3-1,Run1,189220910070,3.1088104248046875,3.514984130859375,1.0
2-3-1,Run1,189220926725,3.0866851806640625,3.621826171875,1.0
2-3-1,Run1,189220943379,3.10870361328125,3.6090240478515625,1.0
2-3-1,Run1,189220960034,3.119049072265625,3.625762939453125,1.0
2-3-1,Run1,189220976689,3.082382202148437,3.6511383056640634,1.0
2-3-1,Run1,189220993343,3.076568603515625,3.5866241455078125,1.0
2-3-1,Run1,189221009998,3.091949462890625,3.5674591064453125,1.0
2-3-1,Run1,189221026653,3.111053466796875,3.5674591064453125,1.0
2-3-1,Run1,189221043307,3.1055450439453125,3.524444580078125,1.0
2-3-1,Run1,189221059963,3.09619140625,3.5675201416015625,1.0
2-3-1,Run1,189221076618,3.10858154296875,3.54034423828125,1.0
2-3-1,Run1,189221093273,3.118194580078125,3.489166259765625,1.0
2-3-1,Run1,189221109927,3.132064819335937,3.5252685546875,1.0
2-3-1,Run1,189221126581,3.1319732666015625,3.5252685546875,1.0
2-3-1,Run1,189221143236,3.137542724609375,3.5601043701171875,1.0
2-3-1,Run1,189221159890,3.1685028076171875,3.5601043701171875,1.0
2-3-1,Run1,189221176545,3.429061889648437,3.629180908203125,1.0
2-3-1,Run1,189221193201,3.265350341796875,3.629180908203125,1.0
2-3-1,Run1,189221209855,3.2048797607421875,3.6427154541015625,1.0
2-3-1,Run1,189221226510,3.22845458984375,3.7197265625,1.0
2-3-1,Run1,189221243165,3.192474365234375,3.73944091796875,1.0
2-3-1,Run1,189221259819,3.2096099853515625,3.725982666015625,1.0
2-3-1,Run1,189221276474,3.203277587890625,3.745803833007813,1.0
2-3-1,Run1,189221293129,3.176177978515625,3.7706146240234375,1.0
2-3-1,Run1,189221309783,3.2053680419921875,3.767181396484375,1.0
2-3-1,Run1,189221326438,3.214569091796875,3.7822418212890634,1.0
2-3-1,Run1,189221343094,3.208526611328125,3.7890625,1.0
2-3-1,Run1,189221359749,3.211669921875,3.747039794921875,1.0
2-3-1,Run1,189221376402,3.21917724609375,3.7359771728515625,1.0
2-3-1,Run1,189221393057,3.203826904296875,3.691116333007813,1.0
2-3-1,Run1,189221409712,3.2104644775390625,3.744796752929688,1.0
2-3-1,Run1,189221426366,3.221527099609375,3.7850494384765625,1.0
2-3-1,Run1,189221443021,3.211090087890625,3.778121948242188,1.0
2-3-1,Run1,189221459676,3.149169921875,3.770309448242188,1.0
2-3-1,Run1,189221476331,3.1268310546875,3.859207153320313,1.0
2-3-1,Run1,189221492986,3.1268310546875,3.7609481811523438,1.0
2-3-1,Run1,189221509641,3.265228271484375,3.662689208984375,1.0
2-3-1,Run1,189221526295,3.40362548828125,3.7034912109375,1.0
2-3-1,Run1,189221542950,3.191497802734375,3.7247161865234375,1.0
2-3-1,Run1,189221559605,3.2007598876953125,3.739898681640625,1.0
2-3-1,Run1,189221576259,3.200912475585937,3.87481689453125,1.0
2-3-1,Run1,189221592914,3.2257080078125,3.91156005859375,1.0
2-3-1,Run1,189221609569,3.2227935791015625,3.6656494140625,1.0
2-3-1,Run1,189221626224,3.1632080078125,3.6358489990234375,1.0
2-3-1,Run1,189221642878,3.1795806884765625,3.6596832275390634,1.0
2-3-1,Run1,189221659533,3.20001220703125,3.670806884765625,1.0
2-3-1,Run1,189221676188,3.1405181884765625,3.6492767333984375,1.0
2-3-1,Run1,189221692842,3.13482666015625,3.5791015625,1.0
2-3-1,Run1,189221709497,3.1347808837890625,3.525619506835937,1.0
2-3-1,Run1,189221726152,3.133209228515625,3.525619506835937,1.0
2-3-1,Run1,189221742806,3.106307983398437,3.586410522460937,1.0
2-3-1,Run1,189221759461,3.058624267578125,3.586410522460937,1.0
2-3-1,Run1,189221776117,3.2944488525390625,3.5457102457682286,1.0
2-3-1,Run1,189221792771,3.2544422149658203,3.5050099690755205,0.0
2-3-1,Run1,189221809426,3.214435577392578,3.464309692382812,0.0
2-3-1,Run1,189221826081,3.174428939819336,3.423609415690104,0.0
2-3-1,Run1,189221842734,3.1344223022460938,3.3829091389973955,0.0
2-3-1,Run1,189221859389,3.0944156646728516,3.342208862304687,0.0
2-3-1,Run1,189221876044,3.0544090270996094,3.301508585611979,0.0
2-3-1,Run1,189221892699,3.014402389526367,3.2608083089192705,0.0
2-3-1,Run1,189221909354,2.974395751953125,3.2201080322265625,1.0
2-3-1,Run1,189221926009,3.194366455078125,3.179407755533854,1.0
2-3-1,Run1,189221942664,3.1826324462890625,3.1387074788411455,1.0
2-3-1,Run1,189221959318,3.2111358642578125,3.0980072021484375,1.0
2-3-1,Run1,189221975973,3.562973022460937,3.057306925455729,1.0
2-3-1,Run1,189221992628,3.4209442138671875,3.016606648763021,1.0
2-3-1,Run1,189222009282,3.195281982421875,2.9759063720703125,1.0
2-3-1,Run1,189222025937,3.0830230712890625,2.9759063720703125,1.0
2-3-1,Run1,189222042592,3.0692584698016825,2.978533231295072,0.0
2-3-1,Run1,189222059247,3.055493868314303,2.9811600905198317,0.0
2-3-1,Run1,189222075902,3.041729266826923,2.9837869497445912,0.0
2-3-1,Run1,189222092557,3.0279646653395433,2.986413808969351,0.0
2-3-1,Run1,189222109211,3.0142000638521633,2.9890406681941104,0.0
2-3-1,Run1,189222125866,3.0004354623647838,2.99166752741887,0.0
2-3-1,Run1,189222142521,2.9866708608774037,2.99429438664363,0.0
2-3-1,Run1,189222159176,2.972906259390024,2.9969212458683896,0.0
2-3-1,Run1,189222175830,2.959141657902644,2.999548105093149,0.0
2-3-1,Run1,189222192486,2.9453770564152646,3.0021749643179088,0.0
2-3-1,Run1,189222209141,2.9316124549278846,3.0048018235426683,0.0
2-3-1,Run1,189222225795,2.917847853440505,3.007428682767428,0.0
2-3-1,Run1,189222242450,2.904083251953125,3.0100555419921875,1.0
2-3-1,Run1,189222259105,2.904083251953125,3.0100555419921875,1.0
2-3-1,Run1,189222275759,3.182220458984375,3.528778076171875,1.0
2-3-1,Run1,189222292414,3.24310302734375,3.528778076171875,1.0
2-3-1,Run1,189222309069,3.2985076904296875,3.5811920166015625,1.0
2-3-1,Run1,189222325723,3.2677154541015625,3.5811920166015625,1.0
2-3-1,Run1,189222342379,3.3238983154296875,3.5686187744140625,1.0
2-3-1,Run1,189222359034,3.3800811767578125,3.6588134765625,1.0
2-3-1,Run1,189222375688,3.191619873046875,3.697967529296875,1.0
2-3-1,Run1,189222392343,3.19781494140625,3.634368896484375,1.0
2-3-1,Run1,189222408998,3.194305419921875,3.5806121826171875,1.0
2-3-1,Run1,189222425653,3.1833953857421875,3.626022338867188,1.0
2-3-1,Run1,189222442307,3.1781768798828125,3.634124755859375,1.0
2-3-1,Run1,189222458962,3.1825714111328125,3.636428833007813,1.0
2-3-1,Run1,189222475617,3.1295166015625,3.7812652587890634,1.0
2-3-1,Run1,189222492272,3.12432861328125,3.6571044921875,1.0
2-3-1,Run1,189222508927,3.135772705078125,3.532943725585937,1.0
2-3-1,Run1,189222525582,3.1574249267578125,3.5853424072265625,1.0
2-3-1,Run1,189222542236,3.1245880126953125,3.608200073242188,1.0
2-3-1,Run1,189222558891,3.06866455078125,3.6090240478515625,1.0
2-3-1,Run1,189222575546,3.064300537109375,3.740020751953125,1.0
2-3-1,Run1,189222592200,3.053817749023437,3.58013916015625,1.0
2-3-1,Run1,189222608855,3.0459442138671875,3.4475860595703125,1.0
2-3-1,Run1,189222625511,2.9429168701171875,3.39654541015625,1.0
2-3-1,Run1,189222642165,2.967906951904297,3.409271240234375,0.0
2-3-1,Run1,189222658820,2.9928970336914062,3.4219970703125,0.0
2-3-1,Run1,189222675475,3.0178871154785156,3.434722900390625,0.0
2-3-1,Run1,189222692130,3.042877197265625,3.44744873046875,1.0
2-3-1,Run1,189222708784,2.9412841796875,3.432159423828125,1.0
2-3-1,Run1,189222725439,2.9365234375,3.46234130859375,1.0
2-3-1,Run1,189222742094,2.933578491210937,3.428009033203125,1.0
2-3-1,Run1,189222758748,2.907745361328125,3.419525146484375,1.0
2-3-1,Run1,189222775404,2.88482666015625,3.4212188720703125,1.0
2-3-1,Run1,189222792059,2.922393798828125,3.3931121826171875,1.0
2-3-1,Run1,189222808713,2.9307098388671875,3.3887481689453125,1.0
2-3-1,Run1,189222825368,2.9027099609375,3.406402587890625,1.0
2-3-1,Run1,189222842023,2.904388427734375,3.41375732421875,1.0
2-3-1,Run1,189222858677,2.8946075439453125,3.416244506835937,1.0
2-3-1,Run1,189222875332,2.8803863525390625,3.3995819091796875,1.0
2-3-1,Run1,189222891987,2.818588256835937,3.359237670898437,1.0
2-3-1,Run1,189222908641,2.929244995117187,3.3894119262695312,0.0
2-3-1,Run1,189222925297,3.039901733398437,3.419586181640625,1.0
2-3-1,Run1,189222941952,2.868804931640625,3.2924346923828125,1.0
2-3-1,Run1,189222958607,2.9263153076171875,3.240631103515625,1.0
2-3-1,Run1,189222975261,2.91754150390625,3.2389678955078125,1.0
2-3-1,Run1,189222991916,2.8615875244140625,3.3182830810546875,1.0
2-3-1,Run1,189223008571,2.81134033203125,3.289886474609375,1.0
2-3-1,Run1,189223025225,2.796630859375,3.293426513671875,1.0
2-3-1,Run1,189223041880,2.8188629150390625,3.3094635009765625,1.0
2-3-1,Run1,189223058536,2.836181640625,3.21832275390625,1.0
2-3-1,Run1,189223075190,2.809921264648437,3.157821655273437,1.0
2-3-1,Run1,189223091845,2.7582244873046875,3.2308349609375,1.0
2-3-1,Run1,189223108500,2.7332763671875,3.249359130859375,1.0
2-3-1,Run1,189223125154,2.763336181640625,3.1840362548828125,1.0
2-3-1,Run1,189223141809,2.795883178710937,2.928985595703125,1.0
2-3-1,Run1,189223158464,2.6614532470703125,2.928985595703125,1.0
2-3-1,Run1,189223175118,2.6652069091796875,2.949210427024148,0.0
2-3-1,Run1,189223191773,2.6689605712890625,2.9694352583451704,0.0
2-3-1,Run1,189223208429,2.6727142333984375,2.9896600896661933,0.0
2-3-1,Run1,189223225084,2.6764678955078125,3.009884920987216,0.0
2-3-1,Run1,189223241738,2.6802215576171875,3.0301097523082388,0.0
2-3-1,Run1,189223258393,2.683975219726562,3.0503345836292612,0.0
2-3-1,Run1,189223275048,2.687728881835937,3.070559414950284,0.0
2-3-1,Run1,189223291702,2.691482543945312,3.0907842462713067,0.0
2-3-1,Run1,189223308357,2.695236206054687,3.1110090775923296,0.0
2-3-1,Run1,189223325012,2.698989868164062,3.1312339089133525,0.0
2-3-1,Run1,189223341667,2.702743530273437,3.151458740234375,1.0
2-3-1,Run1,189223358322,2.7866668701171875,3.151458740234375,1.0
2-3-1,Run1,189223374977,2.817840576171875,3.2193603515625,1.0
2-3-1,Run1,189223391631,2.8339996337890625,3.258331298828125,1.0
2-3-1,Run1,189223408286,2.851898193359375,3.2698516845703125,1.0
2-3-1,Run1,189223424941,2.852874755859375,3.2878570556640625,1.0
2-3-1,Run1,189223441595,2.887176513671875,3.3164520263671875,1.0
2-3-1,Run1,189223458250,2.8944854736328125,3.318328857421875,1.0
2-3-1,Run1,189223474905,2.90423583984375,3.3277740478515625,1.0
2-3-1,Run1,189223491561,2.915267944335937,3.32366943359375,1.0
2-3-1,Run1,189223508215,3.0048980712890625,3.3996124267578125,1.0
2-3-1,Run1,189223524870,3.1130828857421875,3.3864898681640625,1.0
2-3-1,Run1,189223541525,3.1130828857421875,3.3864898681640625,1.0
2-3-1,Run1,189223558179,2.972320556640625,3.3574562072753906,0.0
2-3-1,Run1,189223574834,2.8315582275390625,3.3284225463867188,1.0
2-3-1,Run1,189223591489,2.9305877685546875,3.299388885498047,1.0
2-3-1,Run1,189223608143,2.8914337158203125,3.270355224609375,1.0
2-3-1,Run1,189223624798,2.8873443603515625,3.270355224609375,1.0
2-3-1,Run1,189223641454,2.9031219482421875,3.13818359375,1.0
2-3-1,Run1,189223658108,2.915283203125,3.304916381835937,1.0
2-3-1,Run1,189223674763,2.893585205078125,3.664703369140625,1.0
2-3-1,Run1,189223691418,2.8755645751953125,3.4051666259765625,1.0
2-3-1,Run1,189223708072,2.8388671875,3.259429931640625,1.0
2-3-1,Run1,189223724727,2.8111114501953125,3.274078369140625,1.0
2-3-1,Run1,189223741382,2.8068389892578125,3.23468017578125,1.0
2-3-1,Run1,189223758037,2.6690826416015625,3.1278533935546875,1.0
2-3-1,Run1,189223774692,2.6986541748046875,3.21026611328125,1.0
2-3-1,Run1,189223791347,2.6986541748046875,3.21026611328125,1.0
2-3-1,Run1,189223808002,2.7650222778320312,3.2713470458984375,0.0
2-3-1,Run1,189223824656,2.831390380859375,3.332427978515625,1.0
2-3-1,Run1,189223841311,2.7576446533203125,3.219589233398437,1.0
2-3-1,Run1,189223857966,2.7733306884765625,3.186630249023437,1.0
2-3-1,Run1,189223874620,2.77142333984375,3.20294189453125,1.0
2-3-1,Run1,189223891275,2.75958251953125,3.233245849609375,1.0
2-3-1,Run1,189223907930,2.7586669921875,3.227813720703125,1.0
2-3-1,Run1,189223924585,2.7500457763671875,3.2376251220703125,1.0
2-3-1,Run1,189223941240,2.7509918212890625,3.2247772216796875,1.0
2-3-1,Run1,189223957895,2.7930450439453125,3.180419921875,1.0
2-3-1,Run1,189223974549,2.802978515625,3.2154083251953125,1.0
2-3-1,Run1,189223991204,2.7504425048828125,3.2281494140625,1.0
2-3-1,Run1,189224007859,2.795654296875,3.263427734375,1.0
2-3-1,Run1,189224024514,2.8596954345703125,3.307647705078125,1.0
2-3-1,Run1,189224041168,2.8596954345703125,3.307647705078125,1.0
2-3-1,Run1,189224057824,2.7475967407226562,3.19879150390625,0.0
2-3-1,Run1,189224074479,2.635498046875,3.089935302734375,1.0
2-3-1,Run1,189224091133,2.773193359375,3.122283935546875,1.0
2-3-1,Run1,189224107788,2.769882202148437,3.1057586669921875,1.0
2-3-1,Run1,189224124443,2.7776641845703125,3.1203765869140625,1.0
2-3-1,Run1,189224141097,2.740097045898437,3.220977783203125,1.0
2-3-1,Run1,189224157752,2.718719482421875,3.1543045043945312,1.0
2-3-1,Run1,189224174407,2.7866668701171875,3.087631225585937,1.0
2-3-1,Run1,189224191061,2.7630157470703125,3.2412872314453125,1.0
2-3-1,Run1,189224207717,2.7158203125,3.223495483398437,1.0
2-3-1,Run1,189224224372,2.7861328125,3.14056396484375,1.0
2-3-1,Run1,189224241026,2.7479248046875,3.124740600585937,1.0
2-3-1,Run1,189224257681,2.690414428710937,3.0978240966796875,1.0
2-3-1,Run1,189224274336,2.7755279541015625,3.097930908203125,1.0
2-3-1,Run1,189224290991,2.787139892578125,3.031402587890625,1.0
2-3-1,Run1,189224307645,2.6854248046875,2.996826171875,1.0
2-3-1,Run1,189224324300,2.6534576416015625,2.9963836669921875,1.0
2-3-1,Run1,189224340955,2.7009735107421875,3.014251708984375,1.0
2-3-1,Run1,189224357610,2.66925048828125,3.059677124023437,1.0
2-3-1,Run1,189224374265,2.6135711669921875,3.0399627685546875,1.0
2-3-1,Run1,189224390920,2.649444580078125,2.9947052001953125,1.0
2-3-1,Run1,189224407574,2.703887939453125,3.06585693359375,1.0
2-3-1,Run1,189224424229,2.567718505859375,3.06585693359375,1.0
2-3-1,Run1,189224440884,2.572296142578125,3.061435475068934,1.0
2-3-1,Run1,189224457538,2.572296142578125,3.0570140165441178,1.0
2-3-1,Run1,189224474193,2.582341512044271,3.0525925580193016,0.0
2-3-1,Run1,189224490849,2.5923868815104165,3.0481710994944855,0.0
2-3-1,Run1,189224507503,2.6024322509765625,3.043749640969669,0.0
2-3-1,Run1,189224524158,2.6124776204427085,3.039328182444853,0.0
2-3-1,Run1,189224540813,2.622522989908854,3.0349067239200367,0.0
2-3-1,Run1,189224557468,2.632568359375,3.0304852653952206,0.0
2-3-1,Run1,189224574122,2.642613728841146,3.0260638068704044,0.0
2-3-1,Run1,189224590777,2.6526590983072915,3.0216423483455883,0.0
2-3-1,Run1,189224607432,2.6627044677734375,3.017220889820772,0.0
2-3-1,Run1,189224624086,2.6727498372395835,3.012799431295956,0.0
2-3-1,Run1,189224655482,2.682795206705729,3.0083779727711395,0.0
2-3-1,Run1,189224672137,2.692840576171875,3.0039565142463234,0.0
2-3-1,Run1,189224706185,2.702885945638021,2.9995350557215072,0.0
2-3-1,Run1,189224722840,2.7129313151041665,2.995113597196691,0.0
2-3-1,Run1,189224739495,2.7229766845703125,2.990692138671875,1.0
2-3-1,Run1,189224756149,2.818115234375,2.990692138671875,1.0
2-3-1,Run1,189224772804,2.89801025390625,3.1967315673828125,1.0
2-3-1,Run1,189224789460,2.90673828125,3.1967315673828125,1.0
2-3-1,Run1,189224806114,2.92498779296875,3.3000030517578125,1.0
2-3-1,Run1,189224822769,2.976806640625,3.364501953125,1.0
2-3-1,Run1,189224839424,3.0116729736328125,3.375106811523437,1.0
2-3-1,Run1,189224856078,3.021697998046875,3.31512451171875,1.0
2-3-1,Run1,189224872733,3.0034332275390625,3.3883819580078125,1.0
2-3-1,Run1,189224889388,3.0116729736328125,3.3883819580078125,1.0
2-3-1,Run1,189224906043,3.0233306884765625,3.371185302734375,1.0
2-3-1,Run1,189224922698,3.029876708984375,3.45367431640625,1.0
2-3-1,Run1,189224939353,3.063095092773437,3.4676971435546875,1.0
2-3-1,Run1,189224956008,2.9696502685546875,3.4569854736328125,1.0
2-3-1,Run1,189224972662,3.0064239501953125,3.669967651367188,1.0
2-3-1,Run1,189224989317,3.02874755859375,3.594223022460937,1.0
2-3-1,Run1,189225005972,3.0125732421875,3.594223022460937,1.0
2-3-1,Run1,189225022626,3.03326416015625,3.4804611206054688,1.0
2-3-1,Run1,189225039281,3.03643798828125,3.36669921875,1.0
2-3-1,Run1,189225055936,3.033111572265625,3.4428863525390625,1.0
2-3-1,Run1,189225072591,3.0307159423828125,3.4459381103515625,1.0
2-3-1,Run1,189225089246,3.026031494140625,3.4149322509765625,1.0
2-3-1,Run1,189225105901,2.99188232421875,3.4160614013671875,1.0
2-3-1,Run1,189225122555,2.975448608398437,3.42181396484375,1.0
2-3-1,Run1,189225139210,2.953765869140625,3.4511871337890625,1.0
2-3-1,Run1,189225155865,2.9082183837890625,3.45587158203125,1.0
2-3-1,Run1,189225172520,2.9285125732421875,3.642913818359375,1.0
2-3-1,Run1,189225189174,2.9285125732421875,3.578765869140625,1.0
2-3-1,Run1,189225205830,3.0515594482421875,3.578765869140625,1.0
2-3-1,Run1,189225222485,3.1746063232421875,3.513080596923828,1.0
2-3-1,Run1,189225239139,2.944732666015625,3.4473953247070312,1.0
2-3-1,Run1,189225255794,2.9367218017578125,3.381710052490234,1.0
2-3-1,Run1,189225272449,3.1483154296875,3.316024780273437,1.0
2-3-1,Run1,189225289103,3.1630401611328125,3.37042236328125,1.0
2-3-1,Run1,189225305758,2.9386444091796875,3.5724639892578125,1.0
2-3-1,Run1,189225322413,2.9348907470703125,3.108551025390625,1.0
2-3-1,Run1,189225339067,3.155014038085937,3.108551025390625,1.0
2-3-1,Run1,189225355723,3.1688995361328125,3.4709625244140625,1.0
2-3-1,Run1,189225372378,2.89794921875,3.3227081298828125,1.0
2-3-1,Run1,189225389032,2.8978271484375,3.3159332275390625,1.0
2-3-1,Run1,189225405687,2.899322509765625,3.430160522460937,1.0
2-3-1,Run1,189225422342,2.8618621826171875,3.5806427001953125,1.0
2-3-1,Run1,189225438997,2.861053466796875,3.35345458984375,1.0
2-3-1,Run1,189225455651,2.885284423828125,3.3219451904296875,1.0
2-3-1,Run1,189225472306,2.909881591796875,3.42578125,1.0
2-3-1,Run1,189225488961,2.9068603515625,3.3567581176757812,1.0
2-3-1,Run1,189225505616,2.9090728759765625,3.2877349853515625,1.0
2-3-1,Run1,189225522271,2.92193603515625,3.3399200439453125,1.0
2-3-1,Run1,189225538926,2.916366577148437,3.3625030517578125,1.0
2-3-1,Run1,189225555580,2.9143524169921875,3.36431884765625,1.0
2-3-1,Run1,189225572235,2.930938720703125,3.3694305419921875,1.0
2-3-1,Run1,189225588890,2.9408416748046875,3.3512115478515625,1.0
2-3-1,Run1,189225605544,2.940032958984375,3.34490966796875,1.0
2-3-1,Run1,189225622199,2.8532257080078125,3.316375732421875,1.0
2-3-1,Run1,189225638855,2.810546875,3.200424194335937,1.0
2-3-1,Run1,189225655509,2.810546875,3.200424194335937,1.0
2-3-1,Run1,189225672164,2.8170720150596216,3.214566682514391,0.0
2-3-1,Run1,189225688819,2.8235971551192436,3.228709170692845,0.0
2-3-1,Run1,189225705474,2.830122295178865,3.242851658871299,0.0
2-3-1,Run1,189225722128,2.8366474352384867,3.256994147049753,0.0
2-3-1,Run1,189225738783,2.8431725752981087,3.2711366352282067,0.0
2-3-1,Run1,189225755438,2.8496977153577303,3.285279123406661,0.0
2-3-1,Run1,189225772092,2.856222855417352,3.2994216115851147,0.0
2-3-1,Run1,189225788748,2.862747995476974,3.313564099763569,0.0
2-3-1,Run1,189225805403,2.8692731355365955,3.3277065879420227,0.0
2-3-1,Run1,189225835499,2.875798275596217,3.341849076120477,0.0
2-3-1,Run1,189225852154,2.8823234156558386,3.3559915642989306,0.0
2-3-1,Run1,189225868809,2.8888485557154606,3.370134052477385,0.0
2-3-1,Run1,189225885463,2.895373695775082,3.3842765406558386,0.0
2-3-1,Run1,189225902118,2.9018988358347038,3.398419028834293,0.0
2-3-1,Run1,189225918773,2.9084239758943258,3.4125615170127466,0.0
2-3-1,Run1,189225935428,2.9149491159539473,3.4267040051912008,0.0
2-3-1,Run1,189225970195,2.921474256013569,3.4408464933696545,0.0
2-3-1,Run1,189225986849,2.927999396073191,3.4549889815481087,0.0
2-3-1,Run1,189226003504,2.9345245361328125,3.4691314697265625,1.0
2-3-1,Run1,189226020159,3.050277709960937,3.4691314697265625,1.0
2-3-1,Run1,189226036813,3.073822021484375,3.446197509765625,1.0
2-3-1,Run1,189226053468,3.0883941650390625,3.446197509765625,1.0
2-3-1,Run1,189226070124,3.115142822265625,3.5070037841796875,1.0
2-3-1,Run1,189226086779,3.117919921875,3.5070037841796875,1.0
2-3-1,Run1,189226103433,3.066650390625,3.49462890625,1.0
2-3-1,Run1,189226120088,3.054931640625,3.49462890625,1.0
2-3-1,Run1,189226136743,3.0944061279296875,3.5038604736328125,1.0
2-3-1,Run1,189226153397,3.123138427734375,3.5645294189453125,1.0
2-3-1,Run1,189226170052,3.358383178710937,3.741302490234375,1.0
2-3-1,Run1,189226186707,3.223480224609375,3.680618286132813,1.0
2-3-1,Run1,189226203361,3.223480224609375,3.680618286132813,1.0
2-3-1,Run1,189226220017,3.1274566650390625,3.658279418945313,0.0
2-3-1,Run1,189226236672,3.03143310546875,3.635940551757813,1.0
2-3-1,Run1,189226253326,3.1098175048828125,3.67608642578125,1.0
2-3-1,Run1,189226269981,3.124603271484375,3.787811279296875,1.0
2-3-1,Run1,189226286636,3.1213531494140625,3.910003662109375,1.0
2-3-1,Run1,189226303290,3.130279541015625,3.71551513671875,1.0
2-3-1,Run1,189226319945,3.146209716796875,3.6865386962890634,1.0
2-3-1,Run1,189226336600,3.134628295898437,3.6829833984375,1.0
2-3-1,Run1,189226353255,3.128326416015625,3.69171142578125,1.0
2-3-1,Run1,189226369910,3.287811279296875,3.686798095703125,1.0
2-3-1,Run1,189226386565,3.3406219482421875,3.7208404541015625,1.0
2-3-1,Run1,189226403220,3.149032592773437,3.7183837890625,1.0
2-3-1,Run1,189226419874,3.1062469482421875,3.6869964599609375,1.0
2-3-1,Run1,189226436529,3.115447998046875,3.7293701171875,1.0
2-3-1,Run1,189226453184,3.15289306640625,3.773239135742188,1.0
2-3-1,Run1,189226469838,3.171783447265625,3.7701568603515625,1.0
2-3-1,Run1,189226486493,3.1941070556640625,3.6790618896484375,1.0
2-3-1,Run1,189226503149,3.192138671875,3.6856842041015625,1.0
2-3-1,Run1,189226519803,3.150863647460937,3.73834228515625,1.0
2-3-1,Run1,189226536458,3.136337280273437,3.867843627929688,1.0
2-3-1,Run1,189226553113,3.1560211181640625,3.984786987304688,1.0
2-3-1,Run1,189226569767,3.1460113525390625,3.984786987304688,1.0
2-3-1,Run1,189226586422,3.033554077148437,3.815338134765625,1.0
2-3-1,Run1,189226603077,2.9591217041015625,3.6458892822265625,1.0
2-3-1,Run1,189226619732,3.0955963134765625,3.688201904296875,1.0
2-3-1,Run1,189226636386,3.0522003173828125,3.6136474609375,1.0
2-3-1,Run1,189226653042,3.023956298828125,3.613555908203125,1.0
2-3-1,Run1,189226669697,3.0659942626953125,3.6287994384765625,1.0
2-3-1,Run1,189226686351,3.079315185546875,3.5632476806640625,1.0
2-3-1,Run1,189226703006,3.07049560546875,3.538299560546875,1.0
2-3-1,Run1,189226719661,3.030380249023437,3.601715087890625,1.0
2-3-1,Run1,189226736315,3.028656005859375,3.773040771484375,1.0
2-3-1,Run1,189226752970,3.069686889648437,3.78118896484375,1.0
2-3-1,Run1,189226769625,3.045562744140625,3.78118896484375,1.0
2-3-1,Run1,189226786280,3.067352294921875,3.6834716796875,1.0
2-3-1,Run1,189226802935,3.0266265869140625,3.6834716796875,1.0
2-3-1,Run1,189226819590,3.0147247314453125,3.5957794189453125,1.0
2-3-1,Run1,189226836244,3.046005249023437,3.508087158203125,1.0
2-3-1,Run1,189226852899,3.004180908203125,3.508087158203125,1.0
2-3-1,Run1,189226869554,2.9641876220703125,3.2352447509765625,1.0
2-3-1,Run1,189226886209,2.8118896484375,3.2352447509765625,1.0
2-3-1,Run1,189226902863,2.8325703938802085,3.250972202845982,0.0
2-3-1,Run1,189226919518,2.8532511393229165,3.266699654715402,0.0
2-3-1,Run1,189226936174,2.873931884765625,3.2824271065848216,0.0
2-3-1,Run1,189226952828,2.8946126302083335,3.298154558454241,0.0
2-3-1,Run1,189226969483,2.9152933756510415,3.3138820103236606,0.0
2-3-1,Run1,189226986138,2.93597412109375,3.3296094621930803,1.0
2-3-1,Run1,189227002792,2.983367919921875,3.3453369140625,1.0
2-3-1,Run1,189227019447,3.1517333984375,3.3453369140625,1.0
2-3-1,Run1,189227036102,3.1475372314453125,3.51812744140625,1.0
2-3-1,Run1,189227052756,3.14471435546875,3.5165557861328125,1.0
2-3-1,Run1,189227069411,3.145111083984375,3.5174713134765625,1.0
2-3-1,Run1,189227086067,3.1126251220703125,3.519256591796875,1.0
2-3-1,Run1,189227102721,3.133270263671875,3.3414306640625,1.0
2-3-1,Run1,189227119376,3.15679931640625,3.3414306640625,1.0
2-3-1,Run1,189227136030,3.1654205322265625,3.540435791015625,1.0
2-3-1,Run1,189227152686,3.2002105712890625,3.540435791015625,1.0
2-3-1,Run1,189227169340,3.208114624023437,3.582748413085937,1.0
2-3-1,Run1,189227185995,3.194076538085937,3.582748413085937,1.0
2-3-1,Run1,189227202650,3.394760131835937,3.7062530517578125,1.0
2-3-1,Run1,189227219304,3.3519287109375,3.829757690429688,1.0
2-3-1,Run1,189227235960,3.2482452392578125,3.829757690429688,1.0
2-3-1,Run1,189227252614,3.26800537109375,3.796005249023438,1.0
2-3-1,Run1,189227269268,3.27227783203125,3.762252807617188,1.0
2-3-1,Run1,189227285924,3.295761108398437,3.829193115234375,1.0
2-3-1,Run1,189227302579,3.3052215576171875,4.002655029296875,1.0
2-3-1,Run1,189227319232,3.301910400390625,3.9781583150227866,1.0
2-3-1,Run1,189227335888,3.296859741210937,3.953661600748698,1.0
2-3-1,Run1,189227352543,3.2789459228515625,3.9291648864746094,1.0
2-3-1,Run1,189227369197,3.279647827148437,3.904668172200521,1.0
2-3-1,Run1,189227385853,3.305328369140625,3.8801714579264326,1.0
2-3-1,Run1,189227402508,3.289703369140625,3.8556747436523438,1.0
2-3-1,Run1,189227419163,3.2444000244140625,3.8311780293782554,1.0
2-3-1,Run1,189227435817,3.220062255859375,3.806681315104167,1.0
2-3-1,Run1,189227452472,3.1938934326171875,3.7821846008300786,1.0
2-3-1,Run1,189227469127,3.149261474609375,3.75768788655599,1.0
2-3-1,Run1,189227485781,3.13323974609375,3.7331911722819013,1.0
2-3-1,Run1,189227502436,3.12579345703125,3.708694458007813,1.0
2-3-1,Run1,189227519091,3.144393920898437,3.708694458007813,1.0
2-3-1,Run1,189227535746,3.1353912353515625,3.7862472534179688,1.0
2-3-1,Run1,189227552401,3.142547607421875,3.863800048828125,1.0
2-3-1,Run1,189227569055,3.101318359375,3.863800048828125,1.0
2-3-1,Run1,189227585710,3.031112670898437,3.7480239868164062,1.0
2-3-1,Run1,189227602365,3.03955078125,3.632247924804688,1.0
2-3-1,Run1,189227619020,3.0543365478515625,3.658737182617188,1.0
2-3-1,Run1,189227635674,3.0400543212890625,3.6513824462890634,1.0
2-3-1,Run1,189227652329,3.0428619384765625,3.68450927734375,1.0
2-3-1,Run1,189227668985,3.019775390625,3.852981567382813,1.0
2-3-1,Run1,189227685640,3.019195556640625,3.896942138671875,1.0
2-3-1,Run1,189227702293,3.0288848876953125,3.686447143554688,1.0
2-3-1,Run1,189227718949,3.042266845703125,3.654006958007813,1.0
2-3-1,Run1,189227735604,3.043060302734375,3.6409759521484375,1.0
2-3-1,Run1,189227752258,3.006622314453125,3.5936737060546875,1.0
2-3-1,Run1,189227768913,3.027313232421875,3.592025756835937,1.0
2-3-1,Run1,189227785568,3.066314697265625,3.6570892333984375,1.0
2-3-1,Run1,189227802222,3.0237274169921875,3.670608520507813,1.0
2-3-1,Run1,189227818878,3.0174560546875,3.6383056640625,1.0
2-3-1,Run1,189227835533,3.0359649658203125,3.71685791015625,1.0
2-3-1,Run1,189227852187,3.016845703125,3.679148864746094,1.0
2-3-1,Run1,189227868842,2.994964599609375,3.6414398193359374,1.0
2-3-1,Run1,189227885497,2.891265869140625,3.6037307739257813,1.0
2-3-1,Run1,189227902151,2.904989242553711,3.566021728515625,0.0
2-3-1,Run1,189227918806,2.918712615966797,3.5283126831054688,0.0
2-3-1,Run1,189227935461,2.932435989379883,3.4906036376953127,0.0
2-3-1,Run1,189227952116,2.9461593627929688,3.452894592285156,0.0
2-3-1,Run1,189227968771,2.9598827362060547,3.415185546875,0.0
2-3-1,Run1,189227985426,2.9736061096191406,3.3774765014648436,0.0
2-3-1,Run1,189228002081,2.9873294830322266,3.3397674560546875,1.0
2-3-1,Run1,189228018735,3.0010528564453125,3.3397674560546875,1.0
2-3-1,Run1,189228035390,2.899871826171875,3.4090118408203125,1.0
2-3-1,Run1,189228052045,2.9734039306640625,3.4090118408203125,1.0
2-3-1,Run1,189228068699,2.9886932373046875,2.8618621826171875,1.0
2-3-1,Run1,189228085354,2.8809356689453125,2.8618621826171875,1.0
2-3-1,Run1,189228102009,2.8358612060546875,3.2744293212890625,1.0
2-3-1,Run1,189228118664,2.926300048828125,3.2744293212890625,1.0
2-3-1,Run1,189228135319,2.935287475585937,2.60479736328125,1.0
2-3-1,Run1,189228151974,2.848876953125,2.60479736328125,1.0
2-3-1,Run1,189228168628,2.7705078125,2.6443084716796874,0.0
2-3-1,Run1,189228185283,2.692138671875,2.683819580078125,0.0
2-3-1,Run1,189228201938,2.61376953125,2.7233306884765627,0.0
2-3-1,Run1,189228218593,2.535400390625,2.762841796875,0.0
2-3-1,Run1,189228235247,2.45703125,2.8023529052734375,0.0
2-3-1,Run1,189228251902,2.378662109375,2.841864013671875,0.0
2-3-1,Run1,189228268558,2.30029296875,2.8813751220703123,0.0
2-3-1,Run1,189228285212,2.221923828125,2.92088623046875,0.0
2-3-1,Run1,189228301867,2.1435546875,2.9603973388671876,0.0
2-3-1,Run1,189228318522,2.065185546875,2.999908447265625,0.0
2-3-1,Run1,189228335176,1.98681640625,3.0394195556640624,0.0
2-3-1,Run1,189228351831,1.908447265625,3.0789306640625,0.0
2-3-1,Run1,189228368486,1.830078125,3.1184417724609377,1.0
2-3-1,Run1,189228385140,2.513153076171875,3.157952880859375,1.0
2-3-1,Run1,189228401795,3.1157684326171875,3.1974639892578125,1.0
2-3-1,Run1,189228418451,3.1349029541015625,3.1974639892578125,1.0
2-3-1,Run1,189228435105,3.1591033935546875,3.428573608398437,1.0
2-3-1,Run1,189228451760,3.1674346923828125,3.428573608398437,1.0
2-3-1,Run1,189228468415,3.1906280517578125,3.22259521484375,1.0
2-3-1,Run1,189228485070,3.1898193359375,3.22259521484375,1.0
2-3-1,Run1,189228501724,3.2011871337890625,3.606353759765625,1.0
2-3-1,Run1,189228518379,3.20416259765625,3.606353759765625,1.0
2-3-1,Run1,189228535034,3.2021636962890625,3.6069488525390634,1.0
2-3-1,Run1,189228551689,3.202606201171875,3.689697265625,1.0
2-3-1,Run1,189228568344,3.239410400390625,3.746780395507813,1.0
2-3-1,Run1,189228584999,3.266265869140625,3.65338134765625,1.0
2-3-1,Run1,189228601653,3.243255615234375,3.6567230224609375,1.0
2-3-1,Run1,189228618308,3.251449584960937,3.7541351318359375,1.0
2-3-1,Run1,189228634963,3.2796630859375,3.7649993896484375,1.0
2-3-1,Run1,189228651617,3.272186279296875,3.708465576171875,1.0
2-3-1,Run1,189228668272,3.2777862548828125,3.7069091796875,1.0
2-3-1,Run1,189228684927,3.2733612060546875,3.7069091796875,1.0
2-3-1,Run1,189228701582,3.276702880859375,3.7125396728515625,1.0
2-3-1,Run1,189228718237,3.285263061523437,3.7740478515625,1.0
2-3-1,Run1,189228734892,3.480438232421875,3.962936401367188,1.0
2-3-1,Run1,189228751547,3.436752319335937,3.9126281738281254,1.0
2-3-1,Run1,189228768201,3.436752319335937,3.8623199462890625,1.0
2-3-1,Run1,189228784856,3.3077163696289062,3.81201171875,0.0
2-3-1,Run1,189228801511,3.178680419921875,3.7617034912109375,1.0
2-3-1,Run1,189228818165,3.22442626953125,3.8150787353515625,1.0
2-3-1,Run1,189228834820,3.1919708251953125,3.817672729492188,1.0
2-3-1,Run1,189228851476,3.192840576171875,3.802947998046875,1.0
2-3-1,Run1,189228868130,3.1882781982421875,3.78118896484375,1.0
2-3-1,Run1,189228884785,3.18402099609375,3.77081298828125,1.0
2-3-1,Run1,189228901440,3.1579132080078125,3.8658294677734375,1.0
2-3-1,Run1,189228918094,3.1372222900390625,3.297088623046875,1.0
2-3-1,Run1,189228934749,3.13153076171875,3.297088623046875,1.0
2-3-1,Run1,189228951404,3.127777099609375,3.477653503417969,1.0
2-3-1,Run1,189228968058,3.085113525390625,3.6582183837890634,1.0
2-3-1,Run1,189228984713,3.0796051025390625,3.6582183837890634,1.0
2-3-1,Run1,189229001369,3.08258056640625,3.652313232421876,1.0
2-3-1,Run1,189229018024,3.036285400390625,3.646408081054688,1.0
2-3-1,Run1,189229034678,3.110870361328125,3.646408081054688,1.0
2-3-1,Run1,189229051333,3.105304718017578,3.6432590484619145,0.0
2-3-1,Run1,189229067988,3.0997390747070312,3.640110015869141,0.0
2-3-1,Run1,189229084642,3.0941734313964844,3.6369609832763676,0.0
2-3-1,Run1,189229101297,3.0886077880859375,3.633811950683594,0.0
2-3-1,Run1,189229117952,3.0830421447753906,3.6306629180908208,0.0
2-3-1,Run1,189229134606,3.0774765014648438,3.6275138854980473,0.0
2-3-1,Run1,189229151262,3.071910858154297,3.624364852905274,0.0
2-3-1,Run1,189229167917,3.06634521484375,3.6212158203125,0.0
2-3-1,Run1,189229184571,3.060779571533203,3.6180667877197266,0.0
2-3-1,Run1,189229201226,3.0552139282226562,3.614917755126953,0.0
2-3-1,Run1,189229231522,3.0496482849121094,3.6117687225341797,0.0
2-3-1,Run1,189229248177,3.0440826416015625,3.6086196899414062,0.0
2-3-1,Run1,189229264832,3.0385169982910156,3.605470657348633,0.0
2-3-1,Run1,189229281486,3.0329513549804688,3.6023216247558594,0.0
2-3-1,Run1,189229298142,3.027385711669922,3.599172592163086,0.0
2-3-1,Run1,189229314797,3.021820068359375,3.5960235595703125,0.0
2-3-1,Run1,189229331451,3.016254425048828,3.592874526977539,0.0
2-3-1,Run1,189229348106,3.0106887817382812,3.5897254943847656,0.0
2-3-1,Run1,189229364761,3.0051231384277344,3.586576461791992,0.0
2-3-1,Run1,189229381416,2.9995574951171875,3.5834274291992188,0.0
2-3-1,Run1,189229398070,2.9939918518066406,3.5802783966064453,0.0
2-3-1,Run1,189229414725,2.9884262084960938,3.577129364013672,0.0
2-3-1,Run1,189229431380,2.982860565185547,3.5739803314208984,0.0
2-3-1,Run1,189229448035,2.977294921875,3.570831298828125,0.0
2-3-1,Run1,189229464690,2.971729278564453,3.567682266235351,0.0
2-3-1,Run1,189229481345,2.9661636352539062,3.5645332336425777,0.0
2-3-1,Run1,189229516210,2.9605979919433594,3.5613842010498042,0.0
2-3-1,Run1,189229532864,2.9550323486328125,3.558235168457031,1.0
2-3-1,Run1,189229549519,3.032699584960937,3.5550861358642574,1.0
2-3-1,Run1,189229566174,3.0445556640625,3.551937103271484,1.0
2-3-1,Run1,189229582829,3.058380126953125,3.5487880706787105,1.0
2-3-1,Run1,189229599484,3.06072998046875,3.545639038085937,1.0
2-3-1,Run1,189229616139,3.040512084960937,3.545639038085937,1.0
2-3-1,Run1,189229632794,3.019515991210937,3.51422119140625,1.0
2-3-1,Run1,189229649448,3.0265350341796875,3.509017944335937,1.0
2-3-1,Run1,189229666103,3.019195556640625,3.49688720703125,1.0
2-3-1,Run1,189229682758,2.9393768310546875,3.4920501708984375,1.0
2-3-1,Run1,189229699412,2.83306884765625,3.487213134765625,1.0
2-3-1,Run1,189229716067,2.83306884765625,3.5635528564453125,1.0
2-3-1,Run1,189229732723,3.0371170043945312,3.750274658203125,1.0
2-3-1,Run1,189229749377,3.2411651611328125,3.623626708984375,1.0
2-3-1,Run1,189229766032,2.966278076171875,3.623626708984375,1.0
2-3-1,Run1,189229782687,2.9591217041015625,3.4666748046875,1.0
2-3-1,Run1,189229799341,2.8821258544921875,3.309722900390625,1.0
2-3-1,Run1,189229815996,2.848129272460937,3.41461181640625,1.0
2-3-1,Run1,189229832651,2.8829803466796875,3.65087890625,1.0
2-3-1,Run1,189229849306,2.8747711181640625,3.5305023193359375,1.0
2-3-1,Run1,189229865960,2.8806915283203125,3.410125732421875,1.0
2-3-1,Run1,189229882616,2.90496826171875,3.4652862548828125,1.0
2-3-1,Run1,189229899271,2.9054412841796875,3.428253173828125,1.0
2-3-1,Run1,189229915925,2.88446044921875,3.4488983154296875,1.0
2-3-1,Run1,189229932580,2.830917358398437,3.6712493896484375,1.0
2-3-1,Run1,189229949235,2.84539794921875,3.74224853515625,1.0
2-3-1,Run1,189229965889,2.884765625,3.436737060546875,1.0
2-3-1,Run1,189229982544,2.87945556640625,3.31304931640625,1.0
2-3-1,Run1,189229999199,2.88330078125,3.3137969970703125,1.0
2-3-1,Run1,189230015853,2.9114990234375,3.3137969970703125,1.0
2-3-1,Run1,189230032509,2.9236297607421875,3.264678955078125,1.0
2-3-1,Run1,189230049164,2.873046875,3.364974975585937,1.0
2-3-1,Run1,189230065818,2.8556060791015625,3.4260406494140625,1.0
2-3-1,Run1,189230082473,2.92034912109375,3.39215087890625,1.0
2-3-1,Run1,189230099128,2.957000732421875,3.50262451171875,1.0
2-3-1,Run1,189230115783,2.9204254150390625,3.602935791015625,1.0
2-3-1,Run1,189230132437,2.9195709228515625,3.43792724609375,1.0
2-3-1,Run1,189230149092,2.920761108398437,3.463119506835937,1.0
2-3-1,Run1,189230165747,2.9678192138671875,3.68902587890625,1.0
2-3-1,Run1,189230182402,3.00469970703125,3.5108795166015625,1.0
2-3-1,Run1,189230199057,2.973739624023437,3.332733154296875,1.0
2-3-1,Run1,189230215712,2.975311279296875,3.332733154296875,1.0
2-3-1,Run1,189230232366,2.993026733398437,3.374984741210937,1.0
2-3-1,Run1,189230249021,3.0034332275390625,3.44610595703125,1.0
2-3-1,Run1,189230265676,3.0245513916015625,3.507659912109375,1.0
2-3-1,Run1,189230282330,3.016342163085937,3.461166381835937,1.0
2-3-1,Run1,189230298985,3.037200927734375,3.426010131835937,1.0
2-3-1,Run1,189230315640,3.0522613525390625,3.5051727294921875,1.0
2-3-1,Run1,189230332295,3.071197509765625,3.4873809814453125,1.0
2-3-1,Run1,189230348950,3.05816650390625,3.3949127197265625,1.0
2-3-1,Run1,189230365605,3.0423583984375,3.4126739501953125,1.0
2-3-1,Run1,189230382260,3.0410308837890625,3.425537109375,1.0
2-3-1,Run1,189230398914,3.08990478515625,3.477508544921875,1.0
2-3-1,Run1,189230415569,3.173324584960937,3.477508544921875,1.0
2-3-1,Run1,189230432224,3.130859375,3.4310760498046875,1.0
2-3-1,Run1,189230448878,3.086776733398437,3.4310760498046875,1.0
2-3-1,Run1,189230465533,3.0854034423828125,3.447723388671875,1.0
2-3-1,Run1,189230482189,3.078720092773437,3.447723388671875,1.0
2-3-1,Run1,189230498843,3.138397216796875,3.4991607666015625,1.0
2-3-1,Run1,189230515498,3.155258178710937,3.5648345947265625,1.0
2-3-1,Run1,189230532153,3.137191772460937,3.587066650390625,1.0
2-3-1,Run1,189230548807,3.1071929931640625,3.529632568359375,1.0
2-3-1,Run1,189230565462,3.1363677978515625,3.636161804199219,1.0
2-3-1,Run1,189230582117,3.162353515625,3.7426910400390634,1.0
2-3-1,Run1,189230598771,3.3946075439453125,3.7426910400390634,1.0
2-3-1,Run1,189230615427,3.43414306640625,3.943923950195313,1.0
2-3-1,Run1,189230632082,3.153915405273437,3.943923950195313,1.0
2-3-1,Run1,189230648737,2.975830078125,3.8849695379083813,1.0
2-3-1,Run1,189230665391,3.044231414794922,3.826015125621449,0.0
2-3-1,Run1,189230682046,3.1126327514648438,3.7670607133345175,0.0
2-3-1,Run1,189230698701,3.1810340881347656,3.7081063010475854,0.0
2-3-1,Run1,189230715355,3.2494354248046875,3.6491518887606538,0.0
2-3-1,Run1,189230732010,3.3178367614746094,3.5901974764737217,0.0
2-3-1,Run1,189230748665,3.3862380981445312,3.53124306418679,0.0
2-3-1,Run1,189230765320,3.454639434814453,3.472288651899858,0.0
2-3-1,Run1,189230781975,3.523040771484375,3.4133342396129263,1.0
2-3-1,Run1,189230798630,3.17559814453125,3.354379827325994,1.0
2-3-1,Run1,189230815284,3.029022216796875,3.2954254150390625,1.0
2-3-1,Run1,189230831939,3.120452880859375,3.3413238525390625,1.0
2-3-1,Run1,189230848594,3.2131805419921875,3.5468292236328125,1.0
2-3-1,Run1,189230865248,3.2121124267578125,3.642333984375,1.0
2-3-1,Run1,189230881903,3.212020874023437,3.514862060546875,1.0
2-3-1,Run1,189230898558,3.2220916748046875,3.6038970947265625,1.0
2-3-1,Run1,189230915214,3.26141357421875,3.6038970947265625,1.0
2-3-1,Run1,189230931868,3.288330078125,3.701095581054688,1.0
2-3-1,Run1,189230948523,3.2692413330078125,3.701095581054688,1.0
2-3-1,Run1,189230965178,3.4881134033203125,3.736404418945313,1.0
2-3-1,Run1,189230981832,3.4569549560546875,3.771713256835938,1.0
2-3-1,Run1,189230998487,3.2920074462890625,3.807022094726563,1.0
2-3-1,Run1,189231015142,3.280364990234375,3.842330932617188,1.0
2-3-1,Run1,189231031796,3.40911865234375,3.877639770507813,1.0
2-3-1,Run1,189231048451,3.4376220703125,3.917633056640625,1.0
2-3-1,Run1,189231065107,3.323089599609375,4.0411376953125,1.0
2-3-1,Run1,189231081761,3.323516845703125,4.0399932861328125,1.0
2-3-1,Run1,189231098416,3.32965087890625,3.932571411132813,1.0
2-3-1,Run1,189231115071,3.3232879638671875,3.959625244140625,1.0
2-3-1,Run1,189231131725,3.311019897460937,4.1469268798828125,1.0
2-3-1,Run1,189231148380,3.29803466796875,4.005126953125,1.0
2-3-1,Run1,189231165035,3.272491455078125,3.906906127929688,1.0
2-3-1,Run1,189231181690,3.2539825439453125,3.9193267822265625,1.0
2-3-1,Run1,189231198344,3.2120513916015625,3.895294189453125,1.0
2-3-1,Run1,189231215000,3.212875366210937,3.8845062255859375,1.0
2-3-1,Run1,189231231655,3.210678100585937,3.878219604492188,1.0
2-3-1,Run1,189231248309,3.19781494140625,3.870285034179688,1.0
2-3-1,Run1,189231264964,3.180999755859375,3.84613037109375,1.0
2-3-1,Run1,189231281619,3.158538818359375,3.8529052734375,1.0
2-3-1,Run1,189231298273,3.149688720703125,3.853240966796875,1.0
2-3-1,Run1,189231314928,3.1508331298828125,3.8349761962890634,1.0
2-3-1,Run1,189231331583,3.13555908203125,3.824615478515625,1.0
2-3-1,Run1,189231348237,3.142059326171875,3.7895660400390634,1.0
2-3-1,Run1,189231364893,3.26495361328125,3.7305331759982647,1.0
2-3-1,Run1,189231381548,3.2392921447753906,3.671500311957466,0.0
2-3-1,Run1,189231398202,3.2136306762695312,3.6124674479166674,0.0
2-3-1,Run1,189231414857,3.187969207763672,3.5534345838758687,0.0
2-3-1,Run1,189231431512,3.1623077392578125,3.4944017198350696,0.0
2-3-1,Run1,189231448167,3.136646270751953,3.435368855794271,0.0
2-3-1,Run1,189231464821,3.1109848022460938,3.3763359917534723,0.0
2-3-1,Run1,189231481476,3.0853233337402344,3.3173031277126737,0.0
2-3-1,Run1,189231498131,3.059661865234375,3.258270263671875,1.0
2-3-1,Run1,189231514786,3.16033935546875,3.258270263671875,1.0
2-3-1,Run1,189231531441,3.0817108154296875,3.411712646484375,1.0
2-3-1,Run1,189231548096,3.0899658203125,3.410385131835937,1.0
2-3-1,Run1,189231564750,3.07635498046875,3.405517578125,1.0
2-3-1,Run1,189231581405,2.9327392578125,3.774993896484375,1.0
2-3-1,Run1,189231598060,2.955169677734375,3.56109619140625,1.0
2-3-1,Run1,189231614714,3.035400390625,3.547637939453125,1.0
2-3-1,Run1,189231631369,3.0493927001953125,3.47015380859375,1.0
2-3-1,Run1,189231648025,2.9728546142578125,3.370361328125,1.0
2-3-1,Run1,189231664679,2.9724426969475704,3.369747492820705,0.0
2-3-1,Run1,189231681334,2.972030779637328,3.36913365751641,0.0
2-3-1,Run1,189231697989,2.9716188623270856,3.368519822212115,0.0
2-3-1,Run1,189231714644,2.9712069450168435,3.36790598690782,0.0
2-3-1,Run1,189231731298,2.9707950277066013,3.3672921516035244,0.0
2-3-1,Run1,189231747953,2.970383110396359,3.3666783162992293,0.0
2-3-1,Run1,189231764608,2.9699711930861166,3.3660644809949343,0.0
2-3-1,Run1,189231781262,2.9695592757758744,3.3654506456906392,0.0
2-3-1,Run1,189231797918,2.9691473584656323,3.364836810386344,0.0
2-3-1,Run1,189231814573,2.96873544115539,3.364222975082049,0.0
2-3-1,Run1,189231831227,2.9683235238451475,3.363609139777754,0.0
2-3-1,Run1,189231847882,2.9679116065349054,3.362995304473459,0.0
2-3-1,Run1,189231864537,2.9674996892246632,3.362381469169164,0.0
2-3-1,Run1,189231881191,2.967087771914421,3.3617676338648685,0.0
2-3-1,Run1,189231897846,2.9666758546041785,3.3611537985605735,0.0
2-3-1,Run1,189231914501,2.9662639372939363,3.3605399632562785,0.0
2-3-1,Run1,189231931155,2.965852019983694,3.3599261279519834,0.0
2-3-1,Run1,189231947811,2.965440102673452,3.3593122926476884,0.0
2-3-1,Run1,189231964466,2.9650281853632094,3.3586984573433933,0.0
2-3-1,Run1,189231981121,2.9646162680529673,3.3580846220390983,0.0
2-3-1,Run1,189231997775,2.964204350742725,3.3574707867348033,0.0
2-3-1,Run1,189232014430,2.963792433432483,3.3568569514305078,0.0
2-3-1,Run1,189232031085,2.9633805161222404,3.3562431161262127,0.0
2-3-1,Run1,189232047739,2.9629685988119983,3.3556292808219177,0.0
2-3-1,Run1,189232064394,2.962556681501756,3.3550154455176227,0.0
2-3-1,Run1,189232081049,2.962144764191514,3.3544016102133276,0.0
2-3-1,Run1,189232097704,2.9617328468812714,3.3537877749090326,0.0
2-3-1,Run1,189232114359,2.961320929571029,3.3531739396047375,0.0
2-3-1,Run1,189232131014,2.960909012260787,3.3525601043004425,0.0
2-3-1,Run1,189232147668,2.960497094950545,3.3519462689961474,0.0
2-3-1,Run1,189232164323,2.9600851776403023,3.351332433691852,0.0
2-3-1,Run1,189232180978,2.95967326033006,3.350718598387557,0.0
2-3-1,Run1,189232197632,2.959261343019818,3.350104763083262,0.0
2-3-1,Run1,189232214287,2.958849425709576,3.349490927778967,0.0
2-3-1,Run1,189232230942,2.9584375083993333,3.348877092474672,0.0
2-3-1,Run1,189232247598,2.958025591089091,3.3482632571703768,0.0
2-3-1,Run1,189232264252,2.957613673778849,3.3476494218660817,0.0
2-3-1,Run1,189232280907,2.957201756468607,3.3470355865617867,0.0
2-3-1,Run1,189232297562,2.9567898391583642,3.3464217512574916,0.0
2-3-1,Run1,189232314216,2.956377921848122,3.345807915953196,0.0
2-3-1,Run1,189232330871,2.95596600453788,3.345194080648901,0.0
2-3-1,Run1,189232347526,2.955554087227638,3.344580245344606,0.0
2-3-1,Run1,189232364180,2.955142169917395,3.343966410040311,0.0
2-3-1,Run1,189232380835,2.954730252607153,3.343352574736016,0.0
2-3-1,Run1,189232397491,2.954318335296911,3.342738739431721,0.0
2-3-1,Run1,189232414145,2.9539064179866688,3.342124904127426,0.0
2-3-1,Run1,189232430800,2.953494500676426,3.341511068823131,0.0
2-3-1,Run1,189232447455,2.953082583366184,3.340897233518836,0.0
2-3-1,Run1,189232464109,2.952670666055942,3.3402833982145403,0.0
2-3-1,Run1,189232480764,2.9522587487456997,3.3396695629102453,0.0
2-3-1,Run1,189232497419,2.951846831435457,3.3390557276059503,0.0
2-3-1,Run1,189232514074,2.951434914125215,3.3384418923016552,0.0
2-3-1,Run1,189232530729,2.951022996814973,3.33782805699736,0.0
2-3-1,Run1,189232547384,2.9506110795047307,3.337214221693065,0.0
2-3-1,Run1,189232564039,2.950199162194488,3.33660038638877,0.0
2-3-1,Run1,189232580693,2.949787244884246,3.335986551084475,0.0
2-3-1,Run1,189232597348,2.949375327574004,3.3353727157801796,0.0
2-3-1,Run1,189232614003,2.9489634102637616,3.3347588804758845,0.0
2-3-1,Run1,189232630657,2.948551492953519,3.3341450451715895,0.0
2-3-1,Run1,189232647312,2.948139575643277,3.3335312098672945,0.0
2-3-1,Run1,189232663967,2.9477276583330347,3.3329173745629994,0.0
2-3-1,Run1,189232680622,2.9473157410227926,3.3323035392587044,0.0
2-3-1,Run1,189232697277,2.94690382371255,3.3316897039544093,0.0
2-3-1,Run1,189232713932,2.946491906402308,3.3310758686501143,0.0
2-3-1,Run1,189232730586,2.9460799890920657,3.3304620333458193,0.0
2-3-1,Run1,189232747241,2.9456680717818235,3.3298481980415238,0.0
2-3-1,Run1,189232763896,2.945256154471581,3.3292343627372287,0.0
2-3-1,Run1,189232780551,2.944844237161339,3.3286205274329337,0.0
2-3-1,Run1,189232797205,2.9444323198510967,3.3280066921286386,0.0
2-3-1,Run1,189232813860,2.9440204025408545,3.3273928568243436,0.0
2-3-1,Run1,189232830516,2.943608485230612,3.3267790215200486,0.0
2-3-1,Run1,189232847170,2.9431965679203698,3.3261651862157535,0.0
2-3-1,Run1,189232863825,2.9427846506101276,3.3255513509114585,0.0
2-3-1,Run1,189232880480,2.9423727332998855,3.3249375156071634,0.0
2-3-1,Run1,189232897134,2.941960815989643,3.324323680302868,0.0
2-3-1,Run1,189232913789,2.9415488986794007,3.323709844998573,0.0
2-3-1,Run1,189232930444,2.9411369813691586,3.323096009694278,0.0
2-3-1,Run1,189232947098,2.9407250640589164,3.322482174389983,0.0
2-3-1,Run1,189232963753,2.940313146748674,3.321868339085688,0.0
2-3-1,Run1,189232980409,2.9399012294384317,3.3212545037813928,0.0
2-3-1,Run1,189232997063,2.9394893121281895,3.3206406684770977,0.0
2-3-1,Run1,189233013718,2.9390773948179474,3.3200268331728027,0.0
2-3-1,Run1,189233030373,2.938665477507705,3.3194129978685076,0.0
2-3-1,Run1,189233047028,2.9382535601974626,3.318799162564212,0.0
2-3-1,Run1,189233063682,2.9378416428872205,3.318185327259917,0.0
2-3-1,Run1,189233080337,2.9374297255769783,3.317571491955622,0.0
2-3-1,Run1,189233096992,2.9370178082667358,3.316957656651327,0.0
2-3-1,Run1,189233113646,2.9366058909564936,3.316343821347032,0.0
2-3-1,Run1,189233130302,2.9361939736462515,3.315729986042737,0.0
2-3-1,Run1,189233146957,2.9357820563360093,3.315116150738442,0.0
2-3-1,Run1,189233163611,2.9353701390257667,3.314502315434147,0.0
2-3-1,Run1,189233180266,2.9349582217155246,3.3138884801298514,0.0
2-3-1,Run1,189233196921,2.9345463044052824,3.3132746448255563,0.0
2-3-1,Run1,189233213575,2.9341343870950403,3.3126608095212613,0.0
2-3-1,Run1,189233230230,2.9337224697847977,3.3120469742169663,0.0
2-3-1,Run1,189233246885,2.9333105524745555,3.311433138912671,0.0
2-3-1,Run1,189233263539,2.9328986351643134,3.310819303608376,0.0
2-3-1,Run1,189233280195,2.9324867178540712,3.310205468304081,0.0
2-3-1,Run1,189233296850,2.9320748005438286,3.309591632999786,0.0
2-3-1,Run1,189233313505,2.9316628832335865,3.308977797695491,0.0
2-3-1,Run1,189233330159,2.9312509659233443,3.3083639623911956,0.0
2-3-1,Run1,189233346814,2.930839048613102,3.3077501270869005,0.0
2-3-1,Run1,189233363469,2.9304271313028596,3.3071362917826055,0.0
2-3-1,Run1,189233380123,2.9300152139926174,3.3065224564783104,0.0
2-3-1,Run1,189233396778,2.9296032966823753,3.3059086211740154,0.0
2-3-1,Run1,189233413433,2.929191379372133,3.3052947858697204,0.0
2-3-1,Run1,189233430088,2.9287794620618905,3.3046809505654253,0.0
2-3-1,Run1,189233446743,2.9283675447516484,3.3040671152611303,0.0
2-3-1,Run1,189233463398,2.9279556274414062,3.3034532799568352,0.0
2-3-1,Run1,189233480052,2.927543710131164,3.3028394446525398,0.0
2-3-1,Run1,189233496707,2.927131792820922,3.3022256093482447,0.0
2-3-1,Run1,189233513362,2.9267198755106794,3.3016117740439497,0.0
2-3-1,Run1,189233530016,2.926307958200437,3.3009979387396546,0.0
2-3-1,Run1,189233546671,2.925896040890195,3.3003841034353596,0.0
2-3-1,Run1,189233563327,2.925484123579953,3.2997702681310646,0.0
2-3-1,Run1,189233579982,2.9250722062697103,3.2991564328267695,0.0
2-3-1,Run1,189233596636,2.924660288959468,3.2985425975224745,0.0
2-3-1,Run1,189233613291,2.924248371649226,3.2979287622181794,0.0
2-3-1,Run1,189233629946,2.923836454338984,3.297314926913884,0.0
2-3-1,Run1,189233646600,2.9234245370287413,3.296701091609589,0.0
2-3-1,Run1,189233663255,2.923012619718499,3.296087256305294,0.0
2-3-1,Run1,189233679910,2.922600702408257,3.295473421000999,0.0
2-3-1,Run1,189233696564,2.922188785098015,3.294859585696704,0.0
2-3-1,Run1,189233713220,2.9217768677877722,3.2942457503924087,0.0
2-3-1,Run1,189233729875,2.92136495047753,3.2936319150881137,0.0
2-3-1,Run1,189233746529,2.920953033167288,3.2930180797838187,0.0
2-3-1,Run1,189233763184,2.920541115857046,3.292404244479523,0.0
2-3-1,Run1,189233779839,2.920129198546803,3.291790409175228,0.0
2-3-1,Run1,189233796493,2.919717281236561,3.291176573870933,0.0
2-3-1,Run1,189233813148,2.919305363926319,3.290562738566638,0.0
2-3-1,Run1,189233829803,2.9188934466160767,3.289948903262343,0.0
2-3-1,Run1,189233846458,2.918481529305834,3.289335067958048,0.0
2-3-1,Run1,189233863113,2.918069611995592,3.288721232653753,0.0
2-3-1,Run1,189233879768,2.91765769468535,3.288107397349458,0.0
2-3-1,Run1,189233896423,2.9172457773751077,3.287493562045163,0.0
2-3-1,Run1,189233913077,2.916833860064865,3.2868797267408674,0.0
2-3-1,Run1,189233929732,2.916421942754623,3.2862658914365723,0.0
2-3-1,Run1,189233946387,2.916010025444381,3.2856520561322773,0.0
2-3-1,Run1,189233963041,2.9155981081341387,3.2850382208279822,0.0
2-3-1,Run1,189233979696,2.915186190823896,3.284424385523687,0.0
2-3-1,Run1,189233996351,2.914774273513654,3.283810550219392,0.0
2-3-1,Run1,189234013006,2.9143623562034118,3.283196714915097,0.0
2-3-1,Run1,189234029661,2.9139504388931696,3.282582879610802,0.0
2-3-1,Run1,189234046316,2.913538521582927,3.281969044306507,0.0
2-3-1,Run1,189234062970,2.913126604272685,3.2813552090022116,0.0
2-3-1,Run1,189234079625,2.9127146869624427,3.2807413736979165,0.0
2-3-1,Run1,189234096280,2.9123027696522006,3.2801275383936215,0.0
2-3-1,Run1,189234112935,2.911890852341958,3.2795137030893264,0.0
2-3-1,Run1,189234129589,2.911478935031716,3.2788998677850314,0.0
2-3-1,Run1,189234146244,2.9110670177214737,3.2782860324807364,0.0
2-3-1,Run1,189234162900,2.9106551004112315,3.2776721971764413,0.0
2-3-1,Run1,189234179554,2.910243183100989,3.2770583618721463,0.0
2-3-1,Run1,189234196209,2.909831265790747,3.2764445265678512,0.0
2-3-1,Run1,189234212864,2.9094193484805047,3.2758306912635557,0.0
2-3-1,Run1,189234229518,2.9090074311702625,3.2752168559592607,0.0
2-3-1,Run1,189234246173,2.90859551386002,3.2746030206549657,0.0
2-3-1,Run1,189234262828,2.9081835965497778,3.2739891853506706,0.0
2-3-1,Run1,189234279482,2.9077716792395356,3.2733753500463756,0.0
2-3-1,Run1,189234296137,2.9073597619292935,3.2727615147420805,0.0
2-3-1,Run1,189234312793,2.906947844619051,3.2721476794377855,0.0
2-3-1,Run1,189234329447,2.9065359273088087,3.2715338441334905,0.0
2-3-1,Run1,189234346102,2.9061240099985666,3.2709200088291954,0.0
2-3-1,Run1,189234362757,2.9057120926883244,3.2703061735249,0.0
2-3-1,Run1,189234379412,2.905300175378082,3.269692338220605,0.0
2-3-1,Run1,189234396066,2.9048882580678397,3.26907850291631,0.0
2-3-1,Run1,189234412721,2.9044763407575975,3.268464667612015,0.0
2-3-1,Run1,189234429376,2.9040644234473554,3.2678508323077198,0.0
2-3-1,Run1,189234446031,2.903652506137113,3.2672369970034247,0.0
2-3-1,Run1,189234462686,2.9032405888268706,3.2666231616991297,0.0
2-3-1,Run1,189234479341,2.9028286715166285,3.2660093263948347,0.0
2-3-1,Run1,189234495995,2.9024167542063863,3.265395491090539,0.0
2-3-1,Run1,189234512650,2.9020048368961437,3.264781655786244,0.0
2-3-1,Run1,189234529305,2.9015929195859016,3.264167820481949,0.0
2-3-1,Run1,189234545959,2.9011810022756594,3.263553985177654,0.0
2-3-1,Run1,189234562614,2.9007690849654173,3.262940149873359,0.0
2-3-1,Run1,189234579269,2.9003571676551747,3.262326314569064,0.0
2-3-1,Run1,189234595924,2.8999452503449326,3.261712479264769,0.0
2-3-1,Run1,189234612579,2.8995333330346904,3.261098643960474,0.0
2-3-1,Run1,189234629234,2.8991214157244483,3.260484808656179,0.0
2-3-1,Run1,189234645889,2.8987094984142057,3.2598709733518834,0.0
2-3-1,Run1,189234662543,2.8982975811039635,3.2592571380475883,0.0
2-3-1,Run1,189234679198,2.8978856637937214,3.2586433027432933,0.0
2-3-1,Run1,189234695853,2.897473746483479,3.2580294674389982,0.0
2-3-1,Run1,189234712507,2.8970618291732366,3.257415632134703,0.0
2-3-1,Run1,189234729162,2.8966499118629945,3.256801796830408,0.0
2-3-1,Run1,189234745818,2.8962379945527523,3.256187961526113,0.0
2-3-1,Run1,189234762472,2.89582607724251,3.255574126221818,0.0
2-3-1,Run1,189234779127,2.8954141599322676,3.254960290917523,0.0
2-3-1,Run1,189234795782,2.8950022426220254,3.2543464556132276,0.0
2-3-1,Run1,189234812436,2.8945903253117833,3.2537326203089325,0.0
2-3-1,Run1,189234829091,2.894178408001541,3.2531187850046375,0.0
2-3-1,Run1,189234845746,2.8937664906912985,3.2525049497003424,0.0
2-3-1,Run1,189234862400,2.8933545733810564,3.2518911143960474,0.0
2-3-1,Run1,189234879055,2.8929426560708142,3.2512772790917523,0.0
2-3-1,Run1,189234895711,2.892530738760572,3.2506634437874573,0.0
2-3-1,Run1,189234912366,2.8921188214503295,3.2500496084831623,0.0
2-3-1,Run1,189234929020,2.8917069041400874,3.249435773178867,0.0
2-3-1,Run1,189234945675,2.891294986829845,3.2488219378745717,0.0
2-3-1,Run1,189234962330,2.890883069519603,3.2482081025702767,0.0
2-3-1,Run1,189234978984,2.8904711522093605,3.2475942672659817,0.0
2-3-1,Run1,189234995639,2.8900592348991183,3.2469804319616866,0.0
2-3-1,Run1,189235012294,2.889647317588876,3.2463665966573916,0.0
2-3-1,Run1,189235028948,2.889235400278634,3.2457527613530965,0.0
2-3-1,Run1,189235045604,2.8888234829683914,3.2451389260488015,0.0
2-3-1,Run1,189235062259,2.8884115656581493,3.2445250907445065,0.0
2-3-1,Run1,189235078913,2.887999648347907,3.243911255440211,0.0
2-3-1,Run1,189235095568,2.887587731037665,3.243297420135916,0.0
2-3-1,Run1,189235112223,2.8871758137274224,3.242683584831621,0.0
2-3-1,Run1,189235128877,2.8867638964171802,3.242069749527326,0.0
2-3-1,Run1,189235145532,2.886351979106938,3.241455914223031,0.0
2-3-1,Run1,189235162187,2.885940061796696,3.2408420789187358,0.0
2-3-1,Run1,189235178842,2.885528144486454,3.2402282436144407,0.0
2-3-1,Run1,189235195497,2.885116227176211,3.2396144083101457,0.0
2-3-1,Run1,189235212152,2.884704309865969,3.2390005730058506,0.0
2-3-1,Run1,189235228807,2.884292392555727,3.238386737701555,0.0
2-3-1,Run1,189235245461,2.8838804752454843,3.23777290239726,0.0
2-3-1,Run1,189235262116,2.883468557935242,3.237159067092965,0.0
2-3-1,Run1,189235278771,2.883056640625,3.23654523178867,1.0
2-3-1,Run1,189235295425,2.860824584960937,3.235931396484375,1.0
2-3-1,Run1,189235312080,2.847442626953125,3.235931396484375,1.0
2-3-1,Run1,189235328735,2.843706571138822,3.227191162109375,0.0
2-3-1,Run1,189235345390,2.839970515324519,3.218450927734375,0.0
2-3-1,Run1,189235362045,2.8362344595102162,3.209710693359375,0.0
2-3-1,Run1,189235378700,2.8324984036959133,3.200970458984375,0.0
2-3-1,Run1,189235395354,2.8287623478816104,3.192230224609375,0.0
2-3-1,Run1,189235412009,2.8250262920673075,3.183489990234375,0.0
2-3-1,Run1,189235428664,2.821290236253005,3.174749755859375,0.0
2-3-1,Run1,189235445319,2.817554180438702,3.166009521484375,0.0
2-3-1,Run1,189235461973,2.813818124624399,3.157269287109375,0.0
2-3-1,Run1,189235478629,2.8100820688100963,3.148529052734375,0.0
2-3-1,Run1,189235495284,2.8063460129957933,3.139788818359375,0.0
2-3-1,Run1,189235511938,2.8026099571814904,3.131048583984375,0.0
2-3-1,Run1,189235528593,2.7988739013671875,3.122308349609375,1.0
2-3-1,Run1,189235545248,2.90313720703125,3.113568115234375,1.0
2-3-1,Run1,189235561902,2.8667755126953125,3.104827880859375,1.0
2-3-1,Run1,189235578557,2.865020751953125,3.104827880859375,1.0
2-3-1,Run1,189235595212,2.8642578125,3.147064208984375,1.0
2-3-1,Run1,189235611866,2.8587799072265625,3.1960906982421875,1.0
2-3-1,Run1,189235628522,2.8250732421875,3.332550048828125,1.0
2-3-1,Run1,189235645177,2.8937530517578125,3.641143798828125,1.0
2-3-1,Run1,189235661831,2.9063262939453125,3.3277740478515625,1.0
2-3-1,Run1,189235678486,2.8477020263671875,3.1964263916015625,1.0
2-3-1,Run1,189235695141,2.849105834960937,3.2790985107421875,1.0
2-3-1,Run1,189235711796,2.7186737060546875,3.2790985107421875,1.0
2-3-1,Run1,189235728450,2.7625732421875,3.325164794921875,1.0
2-3-1,Run1,189235745105,2.825714111328125,3.3789215087890625,1.0
2-3-1,Run1,189235761760,2.81396484375,3.36102294921875,1.0
2-3-1,Run1,189235778415,2.8238067626953125,3.3144073486328125,1.0
2-3-1,Run1,189235795070,2.8346099853515625,3.3150634765625,1.0
2-3-1,Run1,189235811725,2.806991577148437,3.31402587890625,1.0
2-3-1,Run1,189235828379,2.7982940673828125,3.327392578125,1.0
2-3-1,Run1,189235845034,2.8214263916015625,3.313629150390625,1.0
2-3-1,Run1,189235861689,2.82611083984375,3.298080444335937,1.0
2-3-1,Run1,189235878343,2.8132781982421875,3.333282470703125,1.0
2-3-1,Run1,189235894998,2.8173370361328125,3.314605712890625,1.0
2-3-1,Run1,189235911653,2.8004913330078125,3.2843017578125,1.0
2-3-1,Run1,189235928308,2.864852905273437,3.31005859375,1.0
2-3-1,Run1,189235944963,3.00732421875,3.560897827148437,1.0
2-3-1,Run1,189235961618,2.8120269775390625,3.3169403076171875,1.0
2-3-1,Run1,189235978273,2.791717529296875,3.2970733642578125,1.0
2-3-1,Run1,189235994927,2.9575653076171875,3.2907867431640625,1.0
2-3-1,Run1,189236011582,2.987289428710937,3.26434326171875,1.0
2-3-1,Run1,189236028237,2.7585601806640625,3.254730224609375,1.0
2-3-1,Run1,189236044891,2.7465972900390625,3.2489471435546875,1.0
2-3-1,Run1,189236061546,2.7422027587890625,3.2003173828125,1.0
2-3-1,Run1,189236078202,2.764144897460937,3.213043212890625,1.0
2-3-1,Run1,189236094856,2.798248291015625,3.43780517578125,1.0
2-3-1,Run1,189236111511,2.779632568359375,3.5212554931640625,1.0
2-3-1,Run1,189236128166,2.735336303710937,3.222503662109375,1.0
2-3-1,Run1,189236144820,2.7535552978515625,3.034454345703125,1.0
2-3-1,Run1,189236161475,2.68756103515625,3.0796051025390625,1.0
2-3-1,Run1,189236178130,2.6385498046875,3.167098999023437,1.0
2-3-1,Run1,189236194784,2.635498046875,3.100189208984375,1.0
2-3-1,Run1,189236211439,2.6582794189453125,3.15478515625,1.0
2-3-1,Run1,189236228095,2.597076416015625,3.3680572509765625,1.0
2-3-1,Run1,189236244750,2.58599853515625,3.3715437219498003,1.0
2-3-1,Run1,189236261404,2.9410858154296875,3.3750301929230386,1.0
2-3-1,Run1,189236278059,2.78466796875,3.3785166638962765,1.0
2-3-1,Run1,189236294714,2.78466796875,3.3820031348695148,1.0
2-3-1,Run1,189236311368,2.78497314453125,3.3854896058427526,0.0
2-3-1,Run1,189236328023,2.7852783203125,3.388976076815991,0.0
2-3-1,Run1,189236344678,2.78558349609375,3.3924625477892287,0.0
2-3-1,Run1,189236361332,2.785888671875,3.3959490187624666,0.0
2-3-1,Run1,189236377988,2.78619384765625,3.399435489735705,0.0
2-3-1,Run1,189236394643,2.7864990234375,3.4029219607089427,0.0
2-3-1,Run1,189236411297,2.78680419921875,3.406408431682181,0.0
2-3-1,Run1,189236427952,2.787109375,3.409894902655419,0.0
2-3-1,Run1,189236444607,2.78741455078125,3.413381373628657,0.0
2-3-1,Run1,189236461261,2.7877197265625,3.416867844601895,0.0
2-3-1,Run1,189236477916,2.78802490234375,3.420354315575133,0.0
2-3-1,Run1,189236494571,2.788330078125,3.423840786548371,0.0
2-3-1,Run1,189236511227,2.78863525390625,3.427327257521609,0.0
2-3-1,Run1,189236527881,2.7889404296875,3.4308137284948472,0.0
2-3-1,Run1,189236544536,2.78924560546875,3.434300199468085,0.0
2-3-1,Run1,189236561191,2.78955078125,3.437786670441323,0.0
2-3-1,Run1,189236577845,2.78985595703125,3.441273141414561,0.0
2-3-1,Run1,189236609570,2.7901611328125,3.444759612387799,0.0
2-3-1,Run1,189236626225,2.79046630859375,3.4482460833610373,0.0
2-3-1,Run1,189236642879,2.790771484375,3.451732554334275,0.0
2-3-1,Run1,189236659535,2.79107666015625,3.4552190253075135,0.0
2-3-1,Run1,189236676190,2.7913818359375,3.4587054962807513,0.0
2-3-1,Run1,189236692845,2.79168701171875,3.4621919672539896,0.0
2-3-1,Run1,189236726266,2.7919921875,3.4656784382272274,0.0
2-3-1,Run1,189236742921,2.79229736328125,3.4691649092004653,0.0
2-3-1,Run1,189236759576,2.7926025390625,3.4726513801737036,0.0
2-3-1,Run1,189236776230,2.79290771484375,3.4761378511469414,0.0
2-3-1,Run1,189236792885,2.793212890625,3.4796243221201797,0.0
2-3-1,Run1,189236809541,2.79351806640625,3.4831107930934175,0.0
2-3-1,Run1,189236826195,2.7938232421875,3.4865972640666554,0.0
2-3-1,Run1,189236842850,2.79412841796875,3.4900837350398937,0.0
2-3-1,Run1,189236859505,2.79443359375,3.4935702060131315,0.0
2-3-1,Run1,189236889565,2.79473876953125,3.49705667698637,0.0
2-3-1,Run1,189236906220,2.7950439453125,3.5005431479596076,0.0
2-3-1,Run1,189236940264,2.79534912109375,3.504029618932846,0.0
2-3-1,Run1,189236956920,2.795654296875,3.5075160899060838,1.0
2-3-1,Run1,189236973575,2.891830444335937,3.5110025608793216,1.0
2-3-1,Run1,189236990230,2.8369598388671875,3.51448903185256,1.0
2-3-1,Run1,189237006884,2.6806793212890625,3.5179755028257977,1.0
2-3-1,Run1,189237023539,2.693634033203125,3.521461973799036,1.0
2-3-1,Run1,189237040194,2.7918853759765625,3.524948444772274,1.0
2-3-1,Run1,189237056848,2.765106201171875,3.528434915745512,1.0
2-3-1,Run1,189237073503,2.773773193359375,3.53192138671875,1.0
2-3-1,Run1,189237090158,2.728607177734375,3.344451904296875,1.0
2-3-1,Run1,189237106813,2.72369384765625,3.3136444091796875,1.0
2-3-1,Run1,189237123468,2.684539794921875,3.332916259765625,1.0
2-3-1,Run1,189237140123,2.703887939453125,3.2743682861328125,1.0
2-3-1,Run1,189237156777,2.74615478515625,3.2721710205078125,1.0
2-3-1,Run1,189237173432,2.74456787109375,3.260482788085937,1.0
2-3-1,Run1,189237190087,2.9805450439453125,3.4605941772460938,1.0
2-3-1,Run1,189237206741,2.853744506835937,3.66070556640625,1.0
2-3-1,Run1,189237223396,2.853744506835937,3.66070556640625,1.0
2-3-1,Run1,189237240051,2.7418594360351562,3.4565963745117188,0.0
2-3-1,Run1,189237256707,2.629974365234375,3.2524871826171875,1.0
2-3-1,Run1,189237273361,2.73931884765625,3.3390655517578125,1.0
2-3-1,Run1,189237290016,2.750152587890625,3.5212860107421875,1.0
2-3-1,Run1,189237306671,2.7472381591796875,3.3913116455078125,1.0
2-3-1,Run1,189237323325,2.732421875,3.327178955078125,1.0
2-3-1,Run1,189237339980,2.7501678466796875,3.3565216064453125,1.0
2-3-1,Run1,189237356635,2.7738037109375,3.3713836669921875,1.0
2-3-1,Run1,189237373289,2.80462646484375,3.419342041015625,1.0
2-3-1,Run1,189237389944,2.835433959960937,3.4561767578125,1.0
2-3-1,Run1,189237406600,2.851287841796875,3.3730010986328125,1.0
2-3-1,Run1,189237423254,2.878204345703125,3.39013671875,1.0
2-3-1,Run1,189237439909,2.8572998046875,3.4072723388671875,1.0
2-3-1,Run1,189237456564,2.8595123291015625,3.424407958984375,1.0
2-3-1,Run1,189237473218,2.88397216796875,3.540740966796875,1.0
2-3-1,Run1,189237489873,3.0395050048828125,3.3579559326171875,1.0
2-3-1,Run1,189237506528,3.0450512921368635,3.15240478515625,1.0
2-3-1,Run1,189237523183,3.050597579390914,3.1636719880280673,0.0
2-3-1,Run1,189237539837,3.056143866644965,3.174939190899884,0.0
2-3-1,Run1,189237556493,3.061690153899016,3.1862063937717013,0.0
2-3-1,Run1,189237573148,3.0672364411530673,3.1974735966435186,0.0
2-3-1,Run1,189237589802,3.072782728407118,3.208740799515336,0.0
2-3-1,Run1,189237606457,3.078329015661169,3.2200080023871527,0.0
2-3-1,Run1,189237623112,3.08387530291522,3.23127520525897,0.0
2-3-1,Run1,189237639766,3.089421590169271,3.242542408130787,0.0
2-3-1,Run1,189237656421,3.0949678774233216,3.253809611002604,0.0
2-3-1,Run1,189237687571,3.1005141646773726,3.2650768138744213,0.0
2-3-1,Run1,189237704227,3.1060604519314237,3.2763440167462385,0.0
2-3-1,Run1,189237720881,3.1116067391854747,3.2876112196180554,0.0
2-3-1,Run1,189237737536,3.1171530264395253,3.2988784224898726,0.0
2-3-1,Run1,189237754191,3.1226993136935763,3.31014562536169,0.0
2-3-1,Run1,189237770845,3.1282456009476274,3.321412828233507,0.0
2-3-1,Run1,189237787500,3.1337918882016784,3.332680031105324,0.0
2-3-1,Run1,189237804155,3.139338175455729,3.343947233977141,0.0
2-3-1,Run1,189237820809,3.14488446270978,3.3552144368489585,0.0
2-3-1,Run1,189237837465,3.150430749963831,3.3664816397207753,0.0
2-3-1,Run1,189237854120,3.155977037217882,3.3777488425925926,0.0
2-3-1,Run1,189237870775,3.1615233244719327,3.38901604546441,0.0
2-3-1,Run1,189237887429,3.167069611725984,3.400283248336227,0.0
2-3-1,Run1,189237904084,3.172615898980035,3.411550451208044,0.0
2-3-1,Run1,189237920739,3.1781621862340854,3.422817654079861,0.0
2-3-1,Run1,189237954267,3.1837084734881365,3.4340848569516784,0.0
2-3-1,Run1,189237970922,3.1892547607421875,3.4453520598234952,1.0
2-3-1,Run1,189237987577,3.039520263671875,3.4566192626953125,1.0
2-3-1,Run1,189238004232,3.105865478515625,3.510482788085937,1.0
2-3-1,Run1,189238020888,3.0898895263671875,3.6689453125,1.0
2-3-1,Run1,189238037542,3.0465545654296875,3.6254348754882812,1.0
2-3-1,Run1,189238054197,3.047958374023437,3.5819244384765625,1.0
2-3-1,Run1,189238070852,3.091705322265625,3.5384140014648438,1.0
2-3-1,Run1,189238087506,3.108428955078125,3.494903564453125,1.0
2-3-1,Run1,189238104161,3.0884246826171875,3.57440185546875,1.0
2-3-1,Run1,189238120816,3.113555908203125,3.5937042236328125,1.0
2-3-1,Run1,189238137472,3.1140899658203125,3.624908447265625,1.0
2-3-1,Run1,189238154126,3.0991973876953125,3.906982421875,1.0
2-3-1,Run1,189238170781,3.1030731201171875,3.819549560546875,1.0
2-3-1,Run1,189238187436,3.120956420898437,3.6362152099609375,1.0
2-3-1,Run1,189238204090,3.1284332275390625,3.5770416259765625,1.0
2-3-1,Run1,189238220745,3.12213134765625,3.6714324951171875,1.0
2-3-1,Run1,189238237400,3.08892822265625,3.765823364257813,1.0
2-3-1,Run1,189238254054,2.733627319335937,3.3907470703125,1.0
2-3-1,Run1,189238270709,2.455062866210937,3.082183837890625,1.0
2-3-1,Run1,189238287365,2.5010596381293397,3.1061942360617896,0.0
2-3-1,Run1,189238304019,2.547056410047743,3.1302046342329546,0.0
2-3-1,Run1,189238320674,2.5930531819661455,3.154215032404119,0.0
2-3-1,Run1,189238337329,2.639049953884548,3.1782254305752837,0.0
2-3-1,Run1,189238353983,2.6850467258029513,3.2022358287464487,0.0
2-3-1,Run1,189238370638,2.731043497721354,3.2262462269176133,0.0
2-3-1,Run1,189238387293,2.7770402696397567,3.2502566250887783,0.0
2-3-1,Run1,189238403948,2.82303704155816,3.274267023259943,0.0
2-3-1,Run1,189238420602,2.8690338134765625,3.2982774214311075,1.0
2-3-1,Run1,189238437258,2.8690338134765625,3.3222878196022725,1.0
2-3-1,Run1,189238453913,3.0084991455078125,3.346298217773437,1.0
2-3-1,Run1,189238470567,3.0730133056640625,3.346298217773437,1.0
2-3-1,Run1,189238487222,3.1165924072265625,3.5390167236328125,1.0
2-3-1,Run1,189238503877,3.143051147460937,3.5390167236328125,1.0
2-3-1,Run1,189238520531,3.1514129638671875,3.5278778076171875,1.0
2-3-1,Run1,189238537186,3.1532745361328125,3.5278778076171875,1.0
2-3-1,Run1,189238553841,3.2074432373046875,3.6445159912109375,1.0
2-3-1,Run1,189238570495,3.21478271484375,3.560043334960937,1.0
2-3-1,Run1,189238587151,3.3142852783203125,2.9170684814453125,1.0
2-3-1,Run1,189238603806,3.3297882080078125,3.8921966552734375,1.0
2-3-1,Run1,189238620460,3.3297882080078125,3.8921966552734375,1.0
2-3-1,Run1,189238637115,3.3322347005208335,3.8134307861328125,0.0
2-3-1,Run1,189238653770,3.334681193033854,3.734664916992188,1.0
2-3-1,Run1,189238670425,3.337127685546875,3.779815673828125,1.0
2-3-1,Run1,189238687079,3.23797607421875,3.78668212890625,1.0
2-3-1,Run1,189238703734,3.2647705078125,3.7935943603515625,1.0
2-3-1,Run1,189238720390,3.413803100585937,3.937530517578125,1.0
2-3-1,Run1,189238737044,3.41925048828125,4.0090179443359375,1.0
2-3-1,Run1,189238753699,3.272308349609375,4.0090179443359375,1.0
2-3-1,Run1,189238770354,3.267196655273437,3.9727859497070312,1.0
2-3-1,Run1,189238787008,3.29852294921875,3.936553955078125,1.0
2-3-1,Run1,189238803663,3.2986602783203125,3.900321960449219,1.0
2-3-1,Run1,189238820318,3.30517578125,3.864089965820313,1.0
2-3-1,Run1,189238836972,3.3119049072265625,3.8092193603515625,1.0
2-3-1,Run1,189238853628,3.301177978515625,3.63446044921875,1.0
2-3-1,Run1,189238870284,3.304550170898437,3.878204345703125,1.0
2-3-1,Run1,189238886938,3.30908203125,3.9174652099609375,1.0
2-3-1,Run1,189238903593,3.3129425048828125,3.9576568603515625,1.0
2-3-1,Run1,189238920248,3.3207244873046875,3.9339752197265625,1.0
2-3-1,Run1,189238936903,3.3043365478515625,3.931671142578125,1.0
2-3-1,Run1,189238953557,3.2929229736328125,3.934249877929688,1.0
2-3-1,Run1,189238970212,3.318084716796875,3.8212890625,1.0
2-3-1,Run1,189238986867,3.3054962158203125,3.5136871337890625,1.0
2-3-1,Run1,189239003521,3.284912109375,4.0474853515625,1.0
2-3-1,Run1,189239020177,3.3189849853515625,3.9883880615234375,1.0
2-3-1,Run1,189239036832,3.360992431640625,4.00634765625,1.0
2-3-1,Run1,189239053486,3.3764190673828125,4.11517333984375,1.0
2-3-1,Run1,189239070141,3.3631744384765625,4.075454711914063,1.0
2-3-1,Run1,189239086796,3.359848022460937,4.075454711914063,1.0
2-3-1,Run1,189239103450,3.3443756103515625,4.002166748046876,1.0
2-3-1,Run1,189239120105,3.322113037109375,3.928878784179688,1.0
2-3-1,Run1,189239136760,3.3055877685546875,3.928878784179688,1.0
2-3-1,Run1,189239153414,3.4091339111328125,3.888209949840199,1.0
2-3-1,Run1,189239170070,3.2756080627441406,3.8475411155007104,0.0
2-3-1,Run1,189239186725,3.1420822143554688,3.806872281161222,0.0
2-3-1,Run1,189239203380,3.008556365966797,3.7662034468217334,0.0
2-3-1,Run1,189239220034,2.875030517578125,3.7255346124822446,0.0
2-3-1,Run1,189239236689,2.741504669189453,3.684865778142756,0.0
2-3-1,Run1,189239253344,2.607978820800781,3.644196943803267,0.0
2-3-1,Run1,189239269998,2.474452972412109,3.6035281094637783,0.0
2-3-1,Run1,189239286653,2.340927124023437,3.56285927512429,1.0
2-3-1,Run1,189239303308,2.793304443359375,3.5221904407848013,1.0
2-3-1,Run1,189239319963,3.2151641845703125,3.4815216064453125,1.0
2-3-1,Run1,189239336618,3.386077880859375,3.4815216064453125,1.0
2-3-1,Run1,189239353273,3.28216552734375,3.5990397135416665,1.0
2-3-1,Run1,189239369927,3.3022613525390625,3.716557820638021,1.0
2-3-1,Run1,189239386582,3.286483764648437,3.834075927734375,1.0
2-3-1,Run1,189239403237,3.2710723876953125,3.875762939453125,1.0
2-3-1,Run1,189239419891,3.2732086181640625,3.92913818359375,1.0
2-3-1,Run1,189239436546,3.2713623046875,3.967681884765625,1.0
2-3-1,Run1,189239453202,3.28436279296875,4.1446533203125,1.0
2-3-1,Run1,189239469857,3.321044921875,4.136962890625,1.0
2-3-1,Run1,189239486511,3.339935302734375,4.136962890625,1.0
2-3-1,Run1,189239503166,3.3509979248046875,4.093479156494141,1.0
2-3-1,Run1,189239519821,3.351226806640625,4.049995422363281,1.0
2-3-1,Run1,189239536475,3.261383056640625,4.006511688232422,1.0
2-3-1,Run1,189239553130,3.2601318359375,3.9630279541015625,1.0
2-3-1,Run1,189239569785,3.3524322509765625,3.9630279541015625,1.0
2-3-1,Run1,189239586440,3.410858154296875,3.9666595458984375,1.0
2-3-1,Run1,189239603095,3.4224395751953125,4.007293701171875,1.0
2-3-1,Run1,189239619750,3.4447174072265625,4.0390472412109375,1.0
2-3-1,Run1,189239636404,3.38604736328125,4.0391387939453125,1.0
2-3-1,Run1,189239653059,3.3547821044921875,4.06060791015625,1.0
2-3-1,Run1,189239669714,3.3547821044921875,4.03277587890625,1.0
2-3-1,Run1,189239686369,3.4931411743164062,3.96295166015625,1.0
2-3-1,Run1,189239703024,3.631500244140625,3.990936279296875,1.0
2-3-1,Run1,189239719679,3.427642822265625,4.069854736328125,1.0
2-3-1,Run1,189239736334,3.435287475585937,4.033256530761719,1.0
2-3-1,Run1,189239752989,3.4376220703125,3.9966583251953125,1.0
2-3-1,Run1,189239769644,3.3295135498046875,3.9600601196289062,1.0
2-3-1,Run1,189239786299,3.2996826171875,3.9234619140625,1.0
2-3-1,Run1,189239802953,3.2996826171875,3.9234619140625,1.0
2-3-1,Run1,189239819608,3.3236236572265625,3.9309539794921875,1.0
2-3-1,Run1,189239836263,3.3236236572265625,3.938446044921875,1.0
2-3-1,Run1,189239852917,3.34613037109375,3.9459381103515625,1.0
2-3-1,Run1,189239869572,3.4525146484375,3.998382568359375,1.0
2-3-1,Run1,189239886227,3.4444732666015625,4.1731719970703125,1.0
2-3-1,Run1,189239902882,3.4395751953125,4.169891357421875,1.0
2-3-1,Run1,189239919537,3.4237213134765625,4.169891357421875,1.0
2-3-1,Run1,189239936192,3.4033966064453125,4.1290334065755205,1.0
2-3-1,Run1,189239952846,3.4429168701171875,4.088175455729167,1.0
2-3-1,Run1,189239969501,3.4502105712890625,4.0473175048828125,1.0
2-3-1,Run1,189239986156,3.4469757080078125,3.852081298828125,1.0
2-3-1,Run1,189240002811,3.4604644775390625,3.7953948974609375,1.0
2-3-1,Run1,189240019465,3.444061279296875,3.76934814453125,1.0
2-3-1,Run1,189240036121,3.436279296875,3.8076171875,1.0
2-3-1,Run1,189240052776,3.4687957763671875,3.818023681640625,1.0
2-3-1,Run1,189240069430,3.4510040283203125,3.76763916015625,1.0
2-3-1,Run1,189240086085,3.5920867919921875,3.71270751953125,1.0
2-3-1,Run1,189240102740,3.5992431640625,3.65777587890625,1.0
2-3-1,Run1,189240119394,3.5992431640625,3.662384033203125,1.0
2-3-1,Run1,189240136049,3.71563720703125,3.7221527099609375,1.0
2-3-1,Run1,189240152704,3.582870483398437,3.898269653320313,1.0
2-3-1,Run1,189240169359,3.587738037109375,3.9588623046875,1.0
2-3-1,Run1,189240186014,3.5841522216796875,3.98651123046875,1.0
2-3-1,Run1,189240202669,3.612274169921875,4.014068603515625,1.0
2-3-1,Run1,189240219323,3.630905151367188,4.0256195068359375,1.0
2-3-1,Run1,189240235978,3.60858154296875,3.9871826171875,1.0
2-3-1,Run1,189240252633,3.6526031494140634,3.87408447265625,1.0
2-3-1,Run1,189240269288,3.6376953125,3.89532470703125,1.0
2-3-1,Run1,189240285942,3.691848754882813,4.15283203125,1.0
2-3-1,Run1,189240302597,3.5800537109375004,4.077019585503472,0.0
2-3-1,Run1,189240319253,3.4682586669921878,4.001207139756945,0.0
2-3-1,Run1,189240335907,3.356463623046875,3.9253946940104165,0.0
2-3-1,Run1,189240352562,3.2446685791015626,3.849582248263889,0.0
2-3-1,Run1,189240369217,3.13287353515625,3.773769802517361,0.0
2-3-1,Run1,189240385871,3.021078491210938,3.6979573567708335,0.0
2-3-1,Run1,189240402526,2.9092834472656253,3.6221449110243054,0.0
2-3-1,Run1,189240419181,2.7974884033203127,3.5463324652777777,0.0
2-3-1,Run1,189240435835,2.685693359375,3.47052001953125,1.0
2-3-1,Run1,189240452490,2.5738983154296875,3.47052001953125,1.0
2-3-1,Run1,189240469146,3.0088653564453125,4.0356292724609375,1.0
2-3-1,Run1,189240485800,3.4852294921875,4.0356292724609375,1.0
2-3-1,Run1,189240502455,3.5256500244140625,4.242843627929688,1.0
2-3-1,Run1,189240519111,3.5966949462890625,4.009735107421875,1.0
2-3-1,Run1,189240535766,3.549652099609375,3.97503662109375,1.0
2-3-1,Run1,189240552420,3.6446685791015625,4.1221923828125,1.0
2-3-1,Run1,189240569075,3.777069091796875,4.1473236083984375,1.0
2-3-1,Run1,189240585730,3.777069091796875,4.1473236083984375,1.0
2-3-1,Run1,189240602384,3.697013854980469,3.825775146484375,1.0
2-3-1,Run1,189240619039,3.6169586181640634,3.825775146484375,1.0
2-3-1,Run1,189240635695,3.642257690429688,4.198974609375,1.0
2-3-1,Run1,189240652349,3.656570434570313,4.140899658203125,1.0
2-3-1,Run1,189240669004,3.6756591796875,4.153106689453125,1.0
2-3-1,Run1,189240685659,3.64666748046875,4.157958984375,1.0
2-3-1,Run1,189240702313,3.6655120849609375,4.170196533203125,1.0
2-3-1,Run1,189240718968,3.699676513671875,4.184356689453125,1.0
2-3-1,Run1,189240735623,3.67279052734375,4.1817626953125,1.0
2-3-1,Run1,189240752278,3.662521362304688,4.19329833984375,1.0
2-3-1,Run1,189240768933,3.654083251953125,4.198410034179688,1.0
2-3-1,Run1,189240785588,3.650665283203125,4.176681518554688,1.0
2-3-1,Run1,189240802243,3.6527099609375,4.198638916015625,1.0
2-3-1,Run1,189240818897,3.6341705322265625,4.20208740234375,1.0
2-3-1,Run1,189240835552,3.6259918212890634,4.162109375,1.0
2-3-1,Run1,189240852207,3.692214965820313,4.2374267578125,1.0
2-3-1,Run1,189240868861,3.5444183349609375,4.127532958984375,0.0
2-3-1,Run1,189240885516,3.3966217041015625,4.01763916015625,1.0
2-3-1,Run1,189240902172,3.4827117919921875,4.058624267578125,1.0
2-3-1,Run1,189240918826,3.45782470703125,4.0440521240234375,1.0
2-3-1,Run1,189240935481,3.4426422119140625,4.0421905517578125,1.0
2-3-1,Run1,189240952136,3.4022674560546875,4.039581298828125,1.0
2-3-1,Run1,189240968790,3.398101806640625,4.039108276367188,1.0
2-3-1,Run1,189240985445,3.3975372314453125,4.007080078125,1.0
2-3-1,Run1,189241002100,3.375106811523437,3.987091064453125,1.0
2-3-1,Run1,189241018754,3.376068115234375,3.952957153320313,1.0
2-3-1,Run1,189241035409,3.3733367919921875,3.9290771484375,1.0
2-3-1,Run1,189241052065,3.3385772705078125,3.897628784179688,1.0
2-3-1,Run1,189241068720,3.348861694335937,3.9161224365234375,1.0
2-3-1,Run1,189241085374,3.3261260986328125,3.899734497070313,1.0
2-3-1,Run1,189241102029,3.3123779296875,3.866409301757813,1.0
2-3-1,Run1,189241118684,3.304901123046875,3.823822021484375,1.0
2-3-1,Run1,189241135338,3.301361083984375,3.8271636962890634,1.0
2-3-1,Run1,189241151993,3.313827514648437,3.73931884765625,1.0
2-3-1,Run1,189241168648,3.28533935546875,3.642898559570313,1.0
2-3-1,Run1,189241185302,3.439483642578125,3.606109619140625,1.0
2-3-1,Run1,189241201958,3.403305053710937,3.865631103515625,1.0
2-3-1,Run1,189241218613,3.3178863525390625,3.728195190429688,1.0
2-3-1,Run1,189241235267,3.3304901123046875,3.72296142578125,1.0
2-3-1,Run1,189241251922,3.361068725585937,3.780059814453125,1.0
2-3-1,Run1,189241268577,3.363983154296875,3.80975341796875,1.0
2-3-1,Run1,189241285231,3.3850555419921875,3.825592041015625,1.0
2-3-1,Run1,189241301886,3.3820343017578125,3.82611083984375,1.0
2-3-1,Run1,189241318541,3.37347412109375,3.956207275390625,1.0
2-3-1,Run1,189241335197,3.3913116455078125,3.90643310546875,1.0
2-3-1,Run1,189241351851,3.419662475585937,3.839797973632813,1.0
2-3-1,Run1,189241368506,3.4220733642578125,3.8440093994140634,1.0
2-3-1,Run1,189241385162,3.4123077392578125,3.8339691162109375,1.0
2-3-1,Run1,189241401816,3.4088134765625,3.83941650390625,1.0
2-3-1,Run1,189241418471,3.4100494384765625,3.936599731445313,1.0
2-3-1,Run1,189241435126,3.37078857421875,3.7537689208984375,1.0
2-3-1,Run1,189241451780,3.298370361328125,3.5709381103515625,1.0
2-3-1,Run1,189241468435,3.37786865234375,3.5709381103515625,1.0
2-3-1,Run1,189241485091,3.3675079345703125,3.8628234863281254,1.0
2-3-1,Run1,189241501745,3.38189697265625,4.154708862304688,1.0
2-3-1,Run1,189241518400,3.374725341796875,3.8618316650390634,1.0
2-3-1,Run1,189241535055,3.3640594482421875,3.800872802734375,1.0
2-3-1,Run1,189241551709,3.343978881835937,3.793014526367188,1.0
2-3-1,Run1,189241568364,3.3365936279296875,3.8187408447265625,1.0
2-3-1,Run1,189241585019,3.3349609375,3.79754638671875,1.0
2-3-1,Run1,189241601674,3.32568359375,3.73822021484375,1.0
2-3-1,Run1,189241618328,3.3332977294921875,3.843505859375,1.0
2-3-1,Run1,189241634984,3.3312530517578125,3.2256546020507812,1.0
2-3-1,Run1,189241651639,3.2140655517578125,2.6078033447265625,1.0
2-3-1,Run1,189241668293,3.040267944335937,2.6078033447265625,1.0
2-3-1,Run1,189241684948,2.9892711639404292,2.6862360636393228,0.0
2-3-1,Run1,189241701603,2.9382743835449214,2.7646687825520835,0.0
2-3-1,Run1,189241718257,2.8872776031494136,2.8431015014648438,0.0
2-3-1,Run1,189241734912,2.8362808227539062,2.921534220377604,0.0
2-3-1,Run1,189241751567,2.7852840423583984,2.9999669392903647,0.0
2-3-1,Run1,189241768221,2.7342872619628906,3.078399658203125,0.0
2-3-1,Run1,189241784877,2.683290481567383,3.1568323771158857,0.0
2-3-1,Run1,189241801532,2.632293701171875,3.235265096028646,1.0
2-3-1,Run1,189241818186,2.632293701171875,3.3136978149414062,1.0
2-3-1,Run1,189241834841,3.4221343994140625,3.392130533854167,1.0
2-3-1,Run1,189241851496,3.373199462890625,3.4705632527669272,1.0
2-3-1,Run1,189241868151,3.412445068359375,3.5489959716796875,1.0
2-3-1,Run1,189241884805,3.44744873046875,3.51751708984375,1.0
2-3-1,Run1,189241901460,3.43756103515625,3.477203369140625,1.0
2-3-1,Run1,189241918116,3.4499969482421875,3.403533935546875,1.0
2-3-1,Run1,189241934770,3.457366943359375,3.694290161132813,1.0
2-3-1,Run1,189241951425,3.428466796875,3.694290161132813,1.0
2-3-1,Run1,189241968080,3.4581756591796875,3.6324628194173183,1.0
2-3-1,Run1,189241984734,3.6295318603515625,3.570635477701823,1.0
2-3-1,Run1,189242001389,3.405843734741211,3.5088081359863286,0.0
2-3-1,Run1,189242018044,3.1821556091308594,3.4469807942708335,0.0
2-3-1,Run1,189242034698,2.958467483520508,3.385153452555339,0.0
2-3-1,Run1,189242051353,2.7347793579101562,3.3233261108398438,0.0
2-3-1,Run1,189242068009,2.5110912322998047,3.261498769124349,0.0
2-3-1,Run1,189242084663,2.287403106689453,3.1996714274088545,0.0
2-3-1,Run1,189242101318,2.0637149810791016,3.1378440856933594,0.0
2-3-1,Run1,189242117973,1.84002685546875,3.0760167439778647,1.0
2-3-1,Run1,189242134628,2.125595092773437,3.0141894022623696,1.0
2-3-1,Run1,189242151282,2.740585327148437,2.952362060546875,1.0
2-3-1,Run1,189242167937,3.562103271484375,2.952362060546875,1.0
2-3-1,Run1,189242184593,3.423187255859375,3.5555572509765625,1.0
2-3-1,Run1,189242201247,3.418792724609375,3.686843872070313,1.0
2-3-1,Run1,189242217903,3.40533447265625,3.7696685791015625,1.0
2-3-1,Run1,189242234558,3.396759033203125,3.728225708007813,1.0
2-3-1,Run1,189242251212,3.3883209228515625,3.85791015625,1.0
2-3-1,Run1,189242267867,3.394439697265625,3.957489013671875,1.0
2-3-1,Run1,189242284522,3.374755859375,3.791839599609375,1.0
2-3-1,Run1,189242301176,3.379302978515625,3.805953979492188,1.0
2-3-1,Run1,189242317831,3.553680419921875,4.0092315673828125,1.0
2-3-1,Run1,189242334486,3.4997100830078125,3.9005813598632812,1.0
2-3-1,Run1,189242351140,3.404571533203125,3.79193115234375,1.0
2-3-1,Run1,189242367796,3.399322509765625,3.747238159179688,1.0
2-3-1,Run1,189242384451,3.414413452148437,3.6139984130859375,1.0
2-3-1,Run1,189242401106,3.43475341796875,4.008636474609375,1.0
2-3-1,Run1,189242417760,3.4512481689453125,3.886688232421875,1.0
2-3-1,Run1,189242434415,3.4427032470703125,3.862335205078125,1.0
2-3-1,Run1,189242451070,3.513916015625,3.875198364257813,1.0
2-3-1,Run1,189242467724,3.5006256103515625,3.885223388671875,1.0
2-3-1,Run1,189242484379,3.4304962158203125,3.8907623291015625,1.0
2-3-1,Run1,189242501035,3.436798095703125,3.9022216796875,1.0
2-3-1,Run1,189242517689,3.4183502197265625,3.884963989257813,1.0
2-3-1,Run1,189242534344,3.4140625,3.86322021484375,1.0
2-3-1,Run1,189242550999,3.39892578125,3.856292724609375,1.0
2-3-1,Run1,189242567653,3.38775634765625,3.87506103515625,1.0
2-3-1,Run1,189242584308,3.374908447265625,3.86480712890625,1.0
2-3-1,Run1,189242600963,3.366119384765625,3.85833740234375,1.0
2-3-1,Run1,189242617617,3.341064453125,3.862457275390625,1.0
2-3-1,Run1,189242634272,3.37225341796875,3.854705810546875,1.0
2-3-1,Run1,189242650928,3.36376953125,3.8618316650390634,1.0
2-3-1,Run1,189242667583,3.306884765625,3.85211181640625,1.0
2-3-1,Run1,189242684237,3.307601928710937,3.8436431884765625,1.0
2-3-1,Run1,189242700892,3.3316802978515625,3.852386474609375,1.0
2-3-1,Run1,189242717547,3.31298828125,3.8630523681640634,1.0
2-3-1,Run1,189242734201,3.324188232421875,3.8799896240234375,1.0
2-3-1,Run1,189242750856,3.230819702148437,4.0008697509765625,1.0
2-3-1,Run1,189242767511,3.095794677734375,3.7934967041015626,1.0
2-3-1,Run1,189242784165,3.1278045654296873,3.5861236572265627,0.0
2-3-1,Run1,189242800821,3.159814453125,3.3787506103515623,0.0
2-3-1,Run1,189242817476,3.1918243408203124,3.1713775634765624,0.0
2-3-1,Run1,189242834130,3.223834228515625,2.9640045166015625,0.0
2-3-1,Run1,189242850785,3.2558441162109375,2.7566314697265626,0.0
2-3-1,Run1,189242867440,3.28785400390625,2.5492584228515627,0.0
2-3-1,Run1,189242884094,3.3198638916015626,2.3418853759765623,0.0
2-3-1,Run1,189242900749,3.351873779296875,2.134512329101563,0.0
2-3-1,Run1,189242917404,3.3838836669921877,1.9271392822265625,1.0
2-3-1,Run1,189242934059,3.4158935546875,1.9271392822265625,1.0
2-3-1,Run1,189242950714,3.1448516845703125,3.4037322998046875,1.0
2-3-1,Run1,189242967369,3.1107177734375,3.521820068359375,1.0
2-3-1,Run1,189242984024,3.139801025390625,3.604827880859375,1.0
2-3-1,Run1,189243000678,3.138946533203125,3.54547119140625,1.0
2-3-1,Run1,189243017333,3.2887725830078125,3.60113525390625,1.0
2-3-1,Run1,189243033988,3.2959136962890625,3.644866943359375,1.0
2-3-1,Run1,189243050642,3.1499786376953125,3.753616333007813,1.0
2-3-1,Run1,189243067297,3.20654296875,3.732269287109375,1.0
2-3-1,Run1,189243083953,3.450927734375,3.732269287109375,1.0
2-3-1,Run1,189243100607,3.36920166015625,3.6693115234375,1.0
2-3-1,Run1,189243117262,3.1785125732421875,3.606353759765625,1.0
2-3-1,Run1,189243133917,3.2082061767578125,3.662750244140625,1.0
2-3-1,Run1,189243150571,3.241729736328125,3.784881591796875,1.0
2-3-1,Run1,189243167226,3.24041748046875,3.746871948242188,1.0
2-3-1,Run1,189243183881,3.1949462890625,3.647994995117188,1.0
2-3-1,Run1,189243200536,3.191162109375,3.63690185546875,1.0
2-3-1,Run1,189243217190,3.219833374023437,3.6285247802734375,1.0
2-3-1,Run1,189243233846,3.222991943359375,3.64166259765625,1.0
2-3-1,Run1,189243250501,3.229095458984375,3.752838134765625,1.0
2-3-1,Run1,189243267155,3.23223876953125,3.727020263671875,1.0
2-3-1,Run1,189243283810,3.2191925048828125,3.727020263671875,1.0
2-3-1,Run1,189243300465,3.224578857421875,3.71484375,1.0
2-3-1,Run1,189243317119,3.2376861572265625,3.71484375,1.0
2-3-1,Run1,189243333774,3.2115936279296875,3.729461669921875,1.0
2-3-1,Run1,189243350429,3.196533203125,3.615203857421875,1.0
2-3-1,Run1,189243367083,3.2240142822265625,3.629806518554688,1.0
2-3-1,Run1,189243383739,3.2625885009765625,3.78228759765625,1.0
2-3-1,Run1,189243400394,3.2713165283203125,3.74462890625,1.0
2-3-1,Run1,189243417048,3.2187042236328125,3.74462890625,1.0
2-3-1,Run1,189243433703,3.2028045654296875,3.7161865234375,1.0
2-3-1,Run1,189243450358,3.205673217773437,3.6004638671875,1.0
2-3-1,Run1,189243467013,3.1741943359375,3.6123046875,1.0
2-3-1,Run1,189243483667,3.1851806640625,3.768722534179688,1.0
2-3-1,Run1,189243500322,3.20660400390625,3.729293823242188,1.0
2-3-1,Run1,189243516978,3.2215728759765625,3.729293823242188,1.0
2-3-1,Run1,189243533632,3.2100982666015625,3.69183349609375,1.0
2-3-1,Run1,189243550287,3.191146850585937,3.69183349609375,1.0
2-3-1,Run1,189243566942,3.1936798095703125,3.672119140625,1.0
2-3-1,Run1,189243583596,3.2146453857421875,3.554718017578125,1.0
2-3-1,Run1,189243600251,3.215667724609375,3.545516967773437,1.0
2-3-1,Run1,189243616906,3.1950225830078125,3.55401611328125,1.0
2-3-1,Run1,189243633560,3.200714111328125,3.5708465576171875,1.0
2-3-1,Run1,189243650215,3.2046661376953125,3.557281494140625,1.0
2-3-1,Run1,189243666871,3.218124389648437,3.553695678710937,1.0
2-3-1,Run1,189243683525,3.232269287109375,3.5525665283203125,1.0
2-3-1,Run1,189243700180,3.2164459228515625,3.5537109375,1.0
2-3-1,Run1,189243716835,3.42864990234375,3.6981048583984375,1.0
2-3-1,Run1,189243733490,3.322662353515625,3.656784057617188,1.0
2-3-1,Run1,189243750144,3.155014038085937,3.556976318359375,1.0
2-3-1,Run1,189243766799,3.17120361328125,3.55389404296875,1.0
2-3-1,Run1,189243783454,3.179306030273437,3.52679443359375,1.0
2-3-1,Run1,189243800108,3.1900634765625,3.5381622314453125,1.0
2-3-1,Run1,189243816764,3.402618408203125,3.694381713867188,1.0
2-3-1,Run1,189243833419,3.376739501953125,3.682647705078125,1.0
2-3-1,Run1,189243850073,3.159637451171875,3.682647705078125,1.0
2-3-1,Run1,189243866728,3.161651611328125,3.6982574462890634,1.0
2-3-1,Run1,189243883383,3.180770874023437,3.6982574462890634,1.0
2-3-1,Run1,189243900037,3.1764678955078125,3.643402099609375,1.0
2-3-1,Run1,189243916692,3.1763153076171875,3.5319976806640625,1.0
2-3-1,Run1,189243933347,3.192291259765625,3.5382232666015625,1.0
2-3-1,Run1,189243950001,3.2076568603515625,3.544036865234375,1.0
2-3-1,Run1,189243966657,3.19696044921875,3.5369415283203125,1.0
2-3-1,Run1,189243983312,3.2020721435546875,3.529769897460937,1.0
2-3-1,Run1,189243999967,3.218780517578125,3.545440673828125,1.0
2-3-1,Run1,189244016621,3.20318603515625,3.57489013671875,1.0
2-3-1,Run1,189244033276,3.206329345703125,3.57122802734375,1.0
2-3-1,Run1,189244049931,3.2483673095703125,3.589691162109375,1.0
2-3-1,Run1,189244066585,3.2284088134765625,3.58575439453125,1.0
2-3-1,Run1,189244083240,3.3787078857421875,3.675048828125,1.0
2-3-1,Run1,189244099896,3.5008544921875,3.68682861328125,1.0
2-3-1,Run1,189244116550,3.303573608398437,3.68682861328125,1.0
2-3-1,Run1,189244133205,3.3043975830078125,3.6615371704101562,1.0
2-3-1,Run1,189244149860,3.322418212890625,3.6362457275390625,1.0
2-3-1,Run1,189244166514,3.3360748291015625,3.6109542846679688,1.0
2-3-1,Run1,189244183169,3.3509674072265625,3.585662841796875,1.0
2-3-1,Run1,189244199824,3.368270874023437,3.624755859375,1.0
2-3-1,Run1,189244216478,3.3749237060546875,3.672882080078125,1.0
2-3-1,Run1,189244233133,3.337753295898437,3.650299072265625,1.0
2-3-1,Run1,189244249789,3.5045623779296875,3.566719748757102,1.0
2-3-1,Run1,189244266444,3.4325103759765625,3.4831404252485796,0.0
2-3-1,Run1,189244283098,3.3604583740234375,3.3995611017400567,0.0
2-3-1,Run1,189244299753,3.2884063720703125,3.315981778231534,0.0
2-3-1,Run1,189244316408,3.2163543701171875,3.2324024547230112,0.0
2-3-1,Run1,189244333062,3.1443023681640625,3.1488231312144888,0.0
2-3-1,Run1,189244349717,3.0722503662109375,3.065243807705966,0.0
2-3-1,Run1,189244366372,3.0001983642578125,2.9816644841974433,0.0
2-3-1,Run1,189244383026,2.9281463623046875,2.8980851606889204,0.0
2-3-1,Run1,189244399682,2.8560943603515625,2.814505837180398,1.0
2-3-1,Run1,189244416337,2.916015625,2.730926513671875,1.0
2-3-1,Run1,189244432991,3.053451538085937,2.730926513671875,1.0
2-3-1,Run1,189244449646,3.268646240234375,3.258209228515625,1.0
2-3-1,Run1,189244466301,3.3672637939453125,3.258209228515625,1.0
2-3-1,Run1,189244482955,3.410888671875,3.4696502685546875,1.0
2-3-1,Run1,189244499610,3.3826141357421875,3.5062408447265625,1.0
2-3-1,Run1,189244516265,3.3887939453125,3.5997314453125,1.0
2-3-1,Run1,189244532920,3.385848999023437,3.7566070556640634,1.0
2-3-1,Run1,189244549575,3.461532592773437,3.74908447265625,1.0
2-3-1,Run1,189244566230,3.409423828125,3.74652099609375,1.0
2-3-1,Run1,189244582885,3.3704986572265625,3.754074096679688,1.0
2-3-1,Run1,189244599539,3.3852996826171875,3.79437255859375,1.0
2-3-1,Run1,189244616194,3.382537841796875,3.825851440429688,1.0
2-3-1,Run1,189244632849,3.3870391845703125,3.824630737304688,1.0
2-3-1,Run1,189244649503,3.386459350585937,3.840164184570313,1.0
2-3-1,Run1,189244666158,3.391998291015625,3.861740112304688,1.0
2-3-1,Run1,189244682814,3.398406982421875,3.8941650390625,1.0
2-3-1,Run1,189244699468,3.377685546875,3.908294677734375,1.0
2-3-1,Run1,189244716123,3.3498992919921875,3.873626708984375,1.0
2-3-1,Run1,189244732778,3.31378173828125,3.80902099609375,1.0
2-3-1,Run1,189244749432,3.215789794921875,3.7241363525390634,1.0
2-3-1,Run1,189244766087,3.30059814453125,3.740203857421875,1.0
2-3-1,Run1,189244782742,3.251129150390625,3.722564697265625,1.0
2-3-1,Run1,189244799397,3.235931396484375,3.7458343505859375,1.0
2-3-1,Run1,189244816051,3.2560272216796875,3.89056396484375,1.0
2-3-1,Run1,189244832707,3.280670166015625,3.877532958984375,1.0
2-3-1,Run1,189244849362,3.2414093017578125,3.877532958984375,1.0
2-3-1,Run1,189244866016,3.2341766357421875,3.686614990234375,1.0
2-3-1,Run1,189244882671,3.2171783447265625,3.6156158447265625,1.0
2-3-1,Run1,189244899326,3.203475952148437,3.6243896484375,1.0
2-3-1,Run1,189244915980,3.16412353515625,3.717941284179688,1.0
2-3-1,Run1,189244932635,3.1975555419921875,3.843673706054688,1.0
2-3-1,Run1,189244949290,3.1973876953125,3.843673706054688,1.0
2-3-1,Run1,189244965944,3.120819091796875,3.8489990234375,1.0
2-3-1,Run1,189244982600,3.1233062744140625,3.62445068359375,1.0
2-3-1,Run1,189244999255,3.1537628173828125,3.603713989257813,1.0
2-3-1,Run1,189245015909,3.18914794921875,3.585357666015625,1.0
2-3-1,Run1,189245032564,3.168319702148437,3.572296142578125,1.0
2-3-1,Run1,189245049219,3.135040283203125,3.599472045898437,1.0
2-3-1,Run1,189245065874,3.156036376953125,3.6141510009765625,1.0
2-3-1,Run1,189245082528,3.160064697265625,3.6063232421875,1.0
2-3-1,Run1,189245099183,3.150741577148437,3.597747802734375,1.0
2-3-1,Run1,189245115838,3.1854705810546875,3.736358642578125,1.0
2-3-1,Run1,189245132493,3.18841552734375,3.75213623046875,1.0
2-3-1,Run1,189245149148,3.1888580322265625,3.75213623046875,1.0
2-3-1,Run1,189245165803,3.1929473876953125,3.688690185546875,1.0
2-3-1,Run1,189245182457,3.20819091796875,3.597900390625,1.0
2-3-1,Run1,189245199112,3.215667724609375,3.616485595703125,1.0
2-3-1,Run1,189245215767,3.2347412109375,3.619110107421875,1.0
2-3-1,Run1,189245232421,3.24517822265625,3.62188720703125,1.0
2-3-1,Run1,189245249076,3.264877319335937,3.6221923828125,1.0
2-3-1,Run1,189245265732,3.2757568359375,3.623001098632813,1.0
2-3-1,Run1,189245282386,3.261337280273437,3.7733306884765625,1.0
2-3-1,Run1,189245299041,3.2410125732421875,3.7151947021484375,1.0
2-3-1,Run1,189245315696,3.2360382080078125,3.513046264648437,1.0
2-3-1,Run1,189245332351,3.1513214111328125,3.4217987060546875,1.0
2-3-1,Run1,189245349005,3.0928751627604165,3.3379669189453125,1.0
2-3-1,Run1,189245365660,3.034428914388021,3.3301605224609374,0.0
2-3-1,Run1,189245382315,2.975982666015625,3.3223541259765623,0.0
2-3-1,Run1,189245398969,2.917536417643229,3.3145477294921877,0.0
2-3-1,Run1,189245415625,2.8590901692708335,3.3067413330078126,0.0
2-3-1,Run1,189245432280,2.8006439208984375,3.2989349365234375,0.0
2-3-1,Run1,189245448934,2.7421976725260415,3.2911285400390624,0.0
2-3-1,Run1,189245465589,2.683751424153646,3.2833221435546873,0.0
2-3-1,Run1,189245482244,2.62530517578125,3.2755157470703127,1.0
2-3-1,Run1,189245498898,2.691925048828125,3.2677093505859376,1.0
2-3-1,Run1,189245515553,2.808074951171875,3.2599029541015625,1.0
2-3-1,Run1,189245532208,3.35162353515625,3.397567749023437,1.0
2-3-1,Run1,189245548862,3.288665771484375,3.5495758056640625,1.0
2-3-1,Run1,189245565518,3.30902099609375,3.602645874023437,1.0
2-3-1,Run1,189245582173,3.317855834960937,3.794403076171875,1.0
2-3-1,Run1,189245598828,3.305267333984375,3.84259033203125,1.0
2-3-1,Run1,189245615482,3.315048217773437,3.720169067382813,1.0
2-3-1,Run1,189245632137,3.31536865234375,3.712982177734375,1.0
2-3-1,Run1,189245648792,3.273590087890625,3.736373901367188,1.0
2-3-1,Run1,189245665446,3.297760009765625,3.755203247070313,1.0
2-3-1,Run1,189245682101,3.319931030273437,3.771408081054688,1.0
2-3-1,Run1,189245698756,3.285858154296875,3.752517700195313,1.0
2-3-1,Run1,189245715411,3.250396728515625,3.7428131103515625,1.0
2-3-1,Run1,189245732066,3.28118896484375,3.752838134765625,1.0
2-3-1,Run1,189245748721,3.2980499267578125,3.775192260742188,1.0
2-3-1,Run1,189245765375,3.29547119140625,3.770095825195313,1.0
2-3-1,Run1,189245782030,3.288818359375,3.83819580078125,1.0
2-3-1,Run1,189245798685,3.2558135986328125,3.874221801757813,1.0
2-3-1,Run1,189245815339,3.2537384033203125,3.7573394775390634,1.0
2-3-1,Run1,189245831994,3.2586212158203125,3.74053955078125,1.0
2-3-1,Run1,189245848650,3.346923828125,3.8031158447265625,1.0
2-3-1,Run1,189245865305,3.307464599609375,3.8748779296875,1.0
2-3-1,Run1,189245881959,3.21954345703125,3.754180908203125,1.0
2-3-1,Run1,189245898614,3.2303619384765625,3.721389770507813,1.0
2-3-1,Run1,189245915269,3.199203491210937,3.707550048828125,1.0
2-3-1,Run1,189245931923,3.197967529296875,3.72894287109375,1.0
2-3-1,Run1,189245948578,3.204818725585937,3.837860107421875,1.0
2-3-1,Run1,189245965233,3.2111968994140625,3.830731201171875,1.0
2-3-1,Run1,189245981887,3.1840057373046875,3.823602294921875,1.0
2-3-1,Run1,189245998543,3.084716796875,3.816473388671875,1.0
2-3-1,Run1,189246015198,3.005859375,3.809344482421875,1.0
2-3-1,Run1,189246031852,3.124862670898437,3.802215576171875,1.0
2-3-1,Run1,189246048507,3.1267242431640625,3.802215576171875,1.0
2-3-1,Run1,189246065162,3.15924072265625,3.751296997070313,1.0
2-3-1,Run1,189246081816,3.15167236328125,3.751296997070313,1.0
2-3-1,Run1,189246098471,3.12091064453125,3.7055816650390634,1.0
2-3-1,Run1,189246115126,3.078582763671875,3.572479248046875,1.0
2-3-1,Run1,189246131781,3.0910186767578125,3.594100952148437,1.0
2-3-1,Run1,189246148436,3.12213134765625,3.787750244140625,1.0
2-3-1,Run1,189246165091,3.0796356201171875,3.844894409179688,1.0
2-3-1,Run1,189246181746,3.0956573486328125,3.844894409179688,1.0
2-3-1,Run1,189246198400,3.134140014648437,3.7569732666015625,1.0
2-3-1,Run1,189246215055,3.1387481689453125,3.7569732666015625,1.0
2-3-1,Run1,189246231710,3.117431640625,3.728347778320313,1.0
2-3-1,Run1,189246248364,3.3052520751953125,3.728347778320313,1.0
2-3-1,Run1,189246265019,3.198760986328125,3.6351470947265625,1.0
2-3-1,Run1,189246281674,3.198760986328125,3.6351470947265625,1.0
2-3-1,Run1,189246298329,3.281829833984375,3.5970611572265625,1.0
2-3-1,Run1,189246314984,3.116928100585937,3.5589752197265625,1.0
2-3-1,Run1,189246331639,3.094955444335937,3.589508056640625,1.0
2-3-1,Run1,189246348293,3.101654052734375,3.5826873779296875,1.0
2-3-1,Run1,189246364948,3.1529998779296875,3.586669921875,1.0
2-3-1,Run1,189246381603,3.1700592041015625,3.59942626953125,1.0
2-3-1,Run1,189246398258,3.126739501953125,3.613555908203125,1.0
2-3-1,Run1,189246414912,3.1221160888671875,3.641937255859375,1.0
2-3-1,Run1,189246431568,3.1261444091796875,3.644561767578125,1.0
2-3-1,Run1,189246448223,3.132064819335937,3.621826171875,1.0
2-3-1,Run1,189246464877,3.1843414306640625,3.62542724609375,1.0
2-3-1,Run1,189246481532,3.3826446533203125,3.62042236328125,1.0
2-3-1,Run1,189246498187,3.2066574096679688,3.567123413085937,1.0
2-3-1,Run1,189246514841,3.030670166015625,3.53564453125,1.0
2-3-1,Run1,189246531496,3.030670166015625,3.53564453125,1.0
2-3-1,Run1,189246548151,3.1459197998046875,3.6327972412109375,0.0
2-3-1,Run1,189246564805,3.26116943359375,3.729949951171875,1.0
2-3-1,Run1,189246581461,3.07855224609375,3.729949951171875,1.0
2-3-1,Run1,189246598116,3.09765625,3.6705169677734375,1.0
2-3-1,Run1,189246614770,3.1327056884765625,3.577880859375,1.0
2-3-1,Run1,189246631425,3.1302642822265625,3.6093597412109375,1.0
2-3-1,Run1,189246648080,3.0886383056640625,3.77301025390625,1.0
2-3-1,Run1,189246664735,3.082382202148437,3.7651519775390634,1.0
2-3-1,Run1,189246681389,3.056991577148437,3.56866455078125,1.0
2-3-1,Run1,189246698044,3.071502685546875,3.559661865234375,1.0
2-3-1,Run1,189246714699,3.100250244140625,3.74737548828125,1.0
2-3-1,Run1,189246731354,3.069122314453125,3.720674514770508,1.0
2-3-1,Run1,189246748009,3.285736083984375,3.6939735412597656,1.0
2-3-1,Run1,189246764664,3.2085278828938804,3.6672725677490234,0.0
2-3-1,Run1,189246781318,3.1313196818033853,3.6405715942382812,0.0
2-3-1,Run1,189246797973,3.0541114807128906,3.613870620727539,0.0
2-3-1,Run1,189246814628,2.9769032796223955,3.587169647216797,0.0
2-3-1,Run1,189246831282,2.899695078531901,3.5604686737060547,0.0
2-3-1,Run1,189246847937,2.8224868774414062,3.5337677001953125,0.0
2-3-1,Run1,189246864592,2.745278676350911,3.5070667266845703,0.0
2-3-1,Run1,189246881247,2.6680704752604165,3.480365753173828,0.0
2-3-1,Run1,189246897902,2.5908622741699214,3.453664779663086,0.0
2-3-1,Run1,189246914557,2.513654073079427,3.4269638061523438,0.0
2-3-1,Run1,189246931212,2.4364458719889317,3.4002628326416016,0.0
2-3-1,Run1,189246947866,2.359237670898437,3.3735618591308594,1.0
2-3-1,Run1,189246964521,2.7273712158203125,3.346860885620117,1.0
2-3-1,Run1,189246981176,3.170501708984375,3.320159912109375,1.0
2-3-1,Run1,189246997830,3.182037353515625,3.320159912109375,1.0
2-3-1,Run1,189247014486,3.221771240234375,3.448150634765625,1.0
2-3-1,Run1,189247031141,3.239990234375,3.5419158935546875,1.0
2-3-1,Run1,189247047795,3.370880126953125,3.588836669921875,1.0
2-3-1,Run1,189247064450,3.32012939453125,3.6077880859375,1.0
2-3-1,Run1,189247081105,3.32012939453125,3.85858154296875,1.0
2-3-1,Run1,189247097759,3.3093605041503906,3.8267669677734375,1.0
2-3-1,Run1,189247114414,3.2985916137695312,3.8267669677734375,1.0
2-3-1,Run1,189247131069,3.287822723388672,3.795654296875,0.0
2-3-1,Run1,189247147723,3.2770538330078125,3.7645416259765625,1.0
2-3-1,Run1,189247164379,3.317138671875,3.7334289550781254,1.0
2-3-1,Run1,189247181034,3.3067779541015625,3.702316284179688,1.0
2-3-1,Run1,189247197689,3.307723999023437,3.7348785400390634,1.0
2-3-1,Run1,189247214343,3.3150787353515625,3.738571166992188,1.0
2-3-1,Run1,189247230998,3.3169708251953125,3.763229370117188,1.0
2-3-1,Run1,189247247653,3.402862548828125,3.9119720458984375,1.0
2-3-1,Run1,189247264307,3.36517333984375,3.8801422119140634,1.0
2-3-1,Run1,189247280962,3.28155517578125,3.8801422119140634,1.0
2-3-1,Run1,189247297617,3.2780914306640625,3.8039016723632817,1.0
2-3-1,Run1,189247314272,3.24884033203125,3.7276611328125,1.0
2-3-1,Run1,189247330927,3.2690582275390625,3.753143310546875,1.0
2-3-1,Run1,189247347582,3.1970977783203125,3.82977294921875,1.0
2-3-1,Run1,189247364236,3.145294189453125,3.7509765625,1.0
2-3-1,Run1,189247380891,3.1127471923828125,3.7509765625,1.0
2-3-1,Run1,189247397546,3.11737060546875,3.6952056884765625,1.0
2-3-1,Run1,189247414200,3.0817413330078125,3.6952056884765625,1.0
2-3-1,Run1,189247430855,3.047958374023437,3.5992584228515625,1.0
2-3-1,Run1,189247447510,3.0261688232421875,3.5033111572265625,1.0
2-3-1,Run1,189247464166,3.041610717773437,3.547958374023437,1.0
2-3-1,Run1,189247480820,3.04425048828125,3.5108642578125,1.0
2-3-1,Run1,189247497475,3.034027099609375,3.5021209716796875,1.0
2-3-1,Run1,189247514130,3.0316162109375,3.6487884521484375,1.0
2-3-1,Run1,189247530785,3.02203369140625,3.617462158203125,1.0
2-3-1,Run1,189247547440,2.9988555908203125,3.458709716796875,1.0
2-3-1,Run1,189247564095,2.992584228515625,3.47052001953125,1.0
2-3-1,Run1,189247580749,2.9742431640625,3.314071655273437,1.0
2-3-1,Run1,189247597405,2.855010986328125,3.1671600341796875,1.0
2-3-1,Run1,189247614060,2.857198541814631,3.1651229858398438,0.0
2-3-1,Run1,189247630714,2.8593860973011362,3.1630859375,0.0
2-3-1,Run1,189247647369,2.861573652787642,3.1610488891601562,0.0
2-3-1,Run1,189247664024,2.863761208274148,3.1590118408203125,0.0
2-3-1,Run1,189247680678,2.8659487637606533,3.1569747924804688,0.0
2-3-1,Run1,189247697333,2.868136319247159,3.154937744140625,0.0
2-3-1,Run1,189247713988,2.8703238747336646,3.1529006958007812,0.0
2-3-1,Run1,189247730643,2.8725114302201704,3.1508636474609375,0.0
2-3-1,Run1,189247747298,2.8746989857066763,3.1488265991210938,0.0
2-3-1,Run1,189247763953,2.8768865411931817,3.14678955078125,1.0
2-3-1,Run1,189247780608,2.8790740966796875,2.9431610107421875,1.0
2-3-1,Run1,189247797262,2.9799346923828125,2.83837890625,1.0
2-3-1,Run1,189247813918,3.015716552734375,3.284164428710937,1.0
2-3-1,Run1,189247830573,3.058868408203125,3.284164428710937,1.0
2-3-1,Run1,189247847227,3.270126342773437,3.41680908203125,1.0
2-3-1,Run1,189247863882,3.25250244140625,3.472518920898437,1.0
2-3-1,Run1,189247880537,3.08074951171875,3.4898681640625,1.0
2-3-1,Run1,189247897192,3.0969390869140625,3.553802490234375,1.0
2-3-1,Run1,189247913847,3.063827514648437,3.5537261962890625,1.0
2-3-1,Run1,189247930502,3.02880859375,3.4591827392578125,1.0
2-3-1,Run1,189247947156,3.0243682861328125,3.4599609375,1.0
2-3-1,Run1,189247963811,3.0448455810546875,3.5101470947265625,1.0
2-3-1,Run1,189247980466,3.071990966796875,3.506439208984375,1.0
2-3-1,Run1,189247997121,3.068832397460937,3.514129638671875,1.0
2-3-1,Run1,189248013775,3.0678253173828125,3.6979827880859375,1.0
2-3-1,Run1,189248030430,3.077621459960937,3.670852661132813,1.0
2-3-1,Run1,189248047086,3.0819244384765625,3.5244903564453125,1.0
2-3-1,Run1,189248063740,3.068466186523437,3.5222930908203125,1.0
2-3-1,Run1,189248080395,3.08746337890625,3.65679931640625,1.0
2-3-1,Run1,189248097051,3.079925537109375,3.681442260742188,1.0
2-3-1,Run1,189248113705,3.07818603515625,3.52923583984375,1.0
2-3-1,Run1,189248130360,3.0923614501953125,3.52557373046875,1.0
2-3-1,Run1,189248147015,3.311737060546875,3.5392608642578125,1.0
2-3-1,Run1,189248163669,3.3043975830078125,3.5262908935546875,1.0
2-3-1,Run1,189248180325,3.08917236328125,3.6147308349609375,1.0
2-3-1,Run1,189248196980,3.1123809814453125,3.634521484375,1.0
2-3-1,Run1,189248213634,3.1051025390625,3.51007080078125,1.0
2-3-1,Run1,189248230289,3.100738525390625,3.5022125244140625,1.0
2-3-1,Run1,189248246944,3.1076812744140625,3.5187530517578125,1.0
2-3-1,Run1,189248263599,3.1226806640625,3.516586303710937,1.0
2-3-1,Run1,189248280253,3.133895874023437,3.5190582275390625,1.0
2-3-1,Run1,189248296908,3.128082275390625,3.54974365234375,1.0
2-3-1,Run1,189248313563,3.1532440185546875,3.713546752929688,1.0
2-3-1,Run1,189248330218,3.1442413330078125,3.633514404296875,1.0
2-3-1,Run1,189248346873,3.11712646484375,3.633514404296875,1.0
2-3-1,Run1,189248363528,3.143096923828125,3.706619262695313,1.0
2-3-1,Run1,189248380183,3.1582183837890625,3.5797576904296875,1.0
2-3-1,Run1,189248396838,3.1459503173828125,3.555908203125,1.0
2-3-1,Run1,189248413493,3.1609649658203125,3.5001220703125,1.0
2-3-1,Run1,189248430147,3.0499267578125,3.4502105712890625,1.0
2-3-1,Run1,189248446802,3.050112043108259,3.4031829833984375,0.0
2-3-1,Run1,189248463457,3.050297328404018,3.3561553955078125,0.0
2-3-1,Run1,189248480112,3.050482613699777,3.3091278076171875,0.0
2-3-1,Run1,189248496767,3.0506678989955356,3.2621002197265625,0.0
2-3-1,Run1,189248513422,3.0508531842912947,3.2150726318359375,0.0
2-3-1,Run1,189248530077,3.0510384695870534,3.1680450439453125,0.0
2-3-1,Run1,189248546731,3.0512237548828125,3.1210174560546875,1.0
2-3-1,Run1,189248563386,3.158782958984375,3.3543701171875,1.0
2-3-1,Run1,189248580041,3.255477905273437,3.5246734619140625,1.0
2-3-1,Run1,189248596695,3.2577362060546875,3.53582763671875,1.0
2-3-1,Run1,189248613350,3.2576446533203125,3.60589599609375,1.0
2-3-1,Run1,189248630006,3.2666015625,3.628829956054688,1.0
2-3-1,Run1,189248646660,3.3838043212890625,3.822921752929688,1.0
2-3-1,Run1,189248663316,3.36810302734375,3.831634521484375,1.0
2-3-1,Run1,189248679971,3.262191772460937,3.71380615234375,1.0
2-3-1,Run1,189248696625,3.2479400634765625,3.714065551757813,1.0
2-3-1,Run1,189248713280,3.2481689453125,3.707550048828125,1.0
2-3-1,Run1,189248729935,3.292388916015625,3.715896606445313,1.0
2-3-1,Run1,189248746589,3.27227783203125,3.7573394775390634,1.0
2-3-1,Run1,189248763245,3.232086181640625,3.76458740234375,1.0
2-3-1,Run1,189248779900,3.215606689453125,3.602981567382813,1.0
2-3-1,Run1,189248796555,3.149322509765625,3.4638214111328125,1.0
2-3-1,Run1,189248813209,3.0492387251420454,3.4453148475060096,0.0
2-3-1,Run1,189248829864,2.949154940518466,3.4268082838792067,0.0
2-3-1,Run1,189248846519,2.8490711558948862,3.4083017202524037,0.0
2-3-1,Run1,189248863173,2.7489873712713067,3.389795156625601,0.0
2-3-1,Run1,189248879828,2.6489035866477275,3.371288592998798,0.0
2-3-1,Run1,189248896484,2.5488198020241475,3.352782029371995,0.0
2-3-1,Run1,189248913138,2.4487360174005683,3.3342754657451925,0.0
2-3-1,Run1,189248929793,2.3486522327769888,3.3157689021183896,0.0
2-3-1,Run1,189248946449,2.248568448153409,3.2972623384915867,0.0
2-3-1,Run1,189248963103,2.1484846635298296,3.2787557748647838,0.0
2-3-1,Run1,189248979758,2.04840087890625,3.260249211237981,1.0
2-3-1,Run1,189248996413,2.04840087890625,3.241742647611178,1.0
2-3-1,Run1,189249013067,2.8045654296875,3.223236083984375,1.0
2-3-1,Run1,189249029722,2.8045654296875,3.223236083984375,1.0
2-3-1,Run1,189249046377,2.9375457763671875,3.320297241210937,1.0
2-3-1,Run1,189249063033,3.0430908203125,3.38873291015625,1.0
2-3-1,Run1,189249079687,3.2635650634765625,3.4054107666015625,1.0
2-3-1,Run1,189249096342,3.173583984375,3.3490142822265625,1.0
2-3-1,Run1,189249112997,3.017364501953125,3.39910888671875,1.0
2-3-1,Run1,189249129651,3.001205444335937,3.458282470703125,1.0
2-3-1,Run1,189249146306,3.1092987060546875,3.6124420166015625,1.0
2-3-1,Run1,189249162961,3.1132354736328125,3.74945068359375,1.0
2-3-1,Run1,189249179616,3.0466766357421875,3.57647705078125,1.0
2-3-1,Run1,189249196271,3.042755126953125,3.49163818359375,1.0
2-3-1,Run1,189249212926,3.02178955078125,3.4631500244140625,1.0
2-3-1,Run1,189249229581,3.066925048828125,3.73052978515625,1.0
2-3-1,Run1,189249246236,3.0756378173828125,3.613677978515625,1.0
2-3-1,Run1,189249262891,3.070068359375,3.608963012695313,1.0
2-3-1,Run1,189249279545,3.09722900390625,3.594512939453125,1.0
2-3-1,Run1,189249296200,3.08544921875,3.5467987060546875,1.0
2-3-1,Run1,189249312855,3.0816802978515625,3.5580596923828125,1.0
2-3-1,Run1,189249329510,3.102783203125,3.634231567382813,1.0
2-3-1,Run1,189249346165,3.235137939453125,3.821533203125,1.0
2-3-1,Run1,189249362820,3.2469024658203125,3.7120513916015625,1.0
2-3-1,Run1,189249379475,3.111801147460937,3.60821533203125,1.0
2-3-1,Run1,189249396129,3.065765380859375,3.63543701171875,1.0
2-3-1,Run1,189249412784,3.050201416015625,3.6295318603515625,1.0
2-3-1,Run1,189249429439,3.098724365234375,3.6188812255859375,1.0
2-3-1,Run1,189249446093,3.094100952148437,3.59405517578125,1.0
2-3-1,Run1,189249462749,3.077423095703125,3.598373413085937,1.0
2-3-1,Run1,189249479404,3.0733795166015625,3.6109771728515625,1.0
2-3-1,Run1,189249496058,3.051239013671875,3.58795166015625,1.0
2-3-1,Run1,189249512714,3.0419464111328125,3.599945068359375,1.0
2-3-1,Run1,189249529369,3.0388946533203125,3.615066528320313,1.0
2-3-1,Run1,189249546023,3.0576171875,3.58917236328125,1.0
2-3-1,Run1,189249562678,3.06634521484375,3.5600128173828125,1.0
2-3-1,Run1,189249579333,3.0547637939453125,3.6566162109375,1.0
2-3-1,Run1,189249595988,3.018707275390625,3.8304595947265625,1.0
2-3-1,Run1,189249612642,2.997283935546875,3.61865234375,1.0
2-3-1,Run1,189249629297,3.0289306640625,3.5792999267578125,1.0
2-3-1,Run1,189249645953,3.0367431640625,3.555770874023437,1.0
2-3-1,Run1,189249662607,3.0246734619140625,3.535491943359375,1.0
2-3-1,Run1,189249679262,3.127548217773437,3.5305328369140625,1.0
2-3-1,Run1,189249695917,3.0186080932617188,3.4856109619140625,1.0
2-3-1,Run1,189249712571,2.90966796875,3.403060913085937,1.0
2-3-1,Run1,189249729227,3.0135955810546875,3.4803924560546875,1.0
2-3-1,Run1,189249745882,2.967742919921875,3.66656494140625,1.0
2-3-1,Run1,189249762536,2.986175537109375,3.6633148193359375,1.0
2-3-1,Run1,189249779191,2.9980621337890625,3.6633148193359375,1.0
2-3-1,Run1,189249795847,2.971282958984375,3.61956787109375,1.0
2-3-1,Run1,189249812501,2.949005126953125,3.455673217773437,1.0
2-3-1,Run1,189249829156,2.9373779296875,3.4352569580078125,1.0
2-3-1,Run1,189249845811,2.955047607421875,3.4318389892578125,1.0
2-3-1,Run1,189249862466,2.973388671875,3.462265014648437,1.0
2-3-1,Run1,189249879120,2.956893920898437,3.6568450927734375,1.0
2-3-1,Run1,189249895775,2.939971923828125,3.6525726318359375,1.0
2-3-1,Run1,189249912430,2.944061279296875,3.417022705078125,1.0
2-3-1,Run1,189249929085,2.9742431640625,3.36541748046875,1.0
2-3-1,Run1,189249945740,2.998275756835937,3.375457763671875,1.0
2-3-1,Run1,189249962395,2.974578857421875,3.3863983154296875,1.0
2-3-1,Run1,189249979049,2.94354248046875,3.384490966796875,1.0
2-3-1,Run1,189249995704,2.9807586669921875,3.4135894775390625,1.0
2-3-1,Run1,189250012360,2.9486236572265625,3.61859130859375,1.0
2-3-1,Run1,189250029014,2.9614410400390625,3.5231170654296875,1.0
2-3-1,Run1,189250045669,3.0084991455078125,3.5231170654296875,1.0
2-3-1,Run1,189250062324,2.97265625,3.5867919921875,1.0
2-3-1,Run1,189250078979,2.9732666015625,3.5867919921875,1.0
2-3-1,Run1,189250095634,3.007919311523437,3.59991455078125,1.0
2-3-1,Run1,189250112289,3.0144805908203125,3.3490447998046875,1.0
2-3-1,Run1,189250128944,2.874786376953125,3.239959716796875,1.0
2-3-1,Run1,189250145598,2.900095159357244,3.2421875,0.0
2-3-1,Run1,189250162253,2.9254039417613638,3.244415283203125,0.0
2-3-1,Run1,189250178908,2.950712724165483,3.24664306640625,0.0
2-3-1,Run1,189250195562,2.976021506569602,3.248870849609375,0.0
2-3-1,Run1,189250212218,3.0013302889737217,3.2510986328125,0.0
2-3-1,Run1,189250228873,3.026639071377841,3.253326416015625,0.0
2-3-1,Run1,189250245527,3.0519478537819604,3.25555419921875,0.0
2-3-1,Run1,189250262182,3.0772566361860796,3.257781982421875,0.0
2-3-1,Run1,189250278837,3.1025654185901987,3.260009765625,0.0
2-3-1,Run1,189250295492,3.1278742009943183,3.262237548828125,0.0
2-3-1,Run1,189250325673,3.1531829833984375,3.26446533203125,0.0
2-3-1,Run1,189250342327,3.1784917658025567,3.266693115234375,0.0
2-3-1,Run1,189250376377,3.2038005482066763,3.2689208984375,0.0
2-3-1,Run1,189250393032,3.2291093306107954,3.271148681640625,0.0
2-3-1,Run1,189250409686,3.254418113014915,3.27337646484375,0.0
2-3-1,Run1,189250426341,3.279726895419034,3.275604248046875,0.0
2-3-1,Run1,189250442996,3.3050356778231533,3.27783203125,1.0
2-3-1,Run1,189250459650,3.330344460227273,3.3489990234375,1.0
2-3-1,Run1,189250476305,3.355653242631392,3.3256378173828125,1.0
2-3-1,Run1,189250492961,3.3809620250355112,3.2541656494140625,1.0
2-3-1,Run1,189250509615,3.406270807439631,3.294921875,1.0
2-3-1,Run1,189250526270,3.43157958984375,3.294921875,1.0
2-3-1,Run1,189250542925,3.189453125,3.31207275390625,1.0
2-3-1,Run1,189250559580,3.1832427978515625,3.31207275390625,1.0
2-3-1,Run1,189250576235,3.16961669921875,3.440338134765625,1.0
2-3-1,Run1,189250592890,3.1522674560546875,3.498260498046875,1.0
2-3-1,Run1,189250609545,3.146484375,3.4939117431640625,1.0
2-3-1,Run1,189250626199,3.1520538330078125,3.534820556640625,1.0
2-3-1,Run1,189250642854,3.127304077148437,3.520858764648437,1.0
2-3-1,Run1,189250659510,3.1250457763671875,3.442855834960937,1.0
2-3-1,Run1,189250676164,3.13323974609375,3.4737091064453125,1.0
2-3-1,Run1,189250692819,3.1355438232421875,3.500579833984375,1.0
2-3-1,Run1,189250709474,3.120223999023437,3.50152587890625,1.0
2-3-1,Run1,189250726128,3.1095428466796875,3.5024566650390625,1.0
2-3-1,Run1,189250742783,3.0850830078125,3.476287841796875,1.0
2-3-1,Run1,189250759438,3.0855865478515625,3.46331787109375,1.0
2-3-1,Run1,189250776093,3.0691680908203125,3.461090087890625,1.0
2-3-1,Run1,189250792748,3.06732177734375,3.418792724609375,1.0
2-3-1,Run1,189250809403,3.06817626953125,3.4048004150390625,1.0
2-3-1,Run1,189250826057,3.061920166015625,3.42266845703125,1.0
2-3-1,Run1,189250842713,3.0570831298828125,3.402740478515625,1.0
2-3-1,Run1,189250859368,3.0654449462890625,3.426239013671875,1.0
2-3-1,Run1,189250876023,3.0350799560546875,3.4378204345703125,1.0
2-3-1,Run1,189250892677,3.00506591796875,3.434051513671875,1.0
2-3-1,Run1,189250909333,2.9991912841796875,3.397857666015625,1.0
2-3-1,Run1,189250925988,3.0116729736328125,3.393707275390625,1.0
2-3-1,Run1,189250942642,2.9988250732421875,3.3940582275390625,1.0
2-3-1,Run1,189250959297,2.9962158203125,3.397079467773437,1.0
2-3-1,Run1,189250975952,3.0023193359375,3.3956451416015625,1.0
2-3-1,Run1,189250992606,3.0089874267578125,3.395111083984375,1.0
2-3-1,Run1,189251009261,3.002899169921875,3.408599853515625,1.0
2-3-1,Run1,189251025916,2.993499755859375,3.40179443359375,1.0
2-3-1,Run1,189251042571,2.981903076171875,3.3962554931640625,1.0
2-3-1,Run1,189251059226,2.9693603515625,3.397613525390625,1.0
2-3-1,Run1,189251075881,2.9615631103515625,3.385971069335937,1.0
2-3-1,Run1,189251092535,2.980377197265625,3.390594482421875,1.0
2-3-1,Run1,189251109190,3.0005340576171875,3.3756561279296875,1.0
2-3-1,Run1,189251125846,2.985992431640625,3.3635711669921875,1.0
2-3-1,Run1,189251142501,3.1427764892578125,3.3815460205078125,1.0
2-3-1,Run1,189251159155,3.1759033203125,3.3789215087890625,1.0
2-3-1,Run1,189251175810,2.960052490234375,3.3768768310546875,1.0
2-3-1,Run1,189251192466,2.96923828125,3.392822265625,1.0
2-3-1,Run1,189251209120,3.199737548828125,3.398651123046875,1.0
2-3-1,Run1,189251225775,3.1395721435546875,3.3976287841796875,1.0
2-3-1,Run1,189251242430,2.94696044921875,3.5808868408203125,1.0
2-3-1,Run1,189251259084,2.9469757080078125,3.4532852172851562,1.0
2-3-1,Run1,189251275739,2.9612274169921875,3.32568359375,1.0
2-3-1,Run1,189251292394,2.94512939453125,3.32568359375,1.0
2-3-1,Run1,189251309048,2.9599151611328125,3.340911865234375,1.0
2-3-1,Run1,189251325704,2.9900360107421875,3.3780670166015625,1.0
2-3-1,Run1,189251342359,2.9615478515625,3.353866577148437,1.0
2-3-1,Run1,189251359013,2.956756591796875,3.3079376220703125,1.0
2-3-1,Run1,189251375668,2.939117431640625,3.3152313232421875,1.0
2-3-1,Run1,189251392324,2.9364471435546875,3.3152313232421875,1.0
2-3-1,Run1,189251408979,2.952362060546875,3.30682373046875,1.0
2-3-1,Run1,189251425633,2.906097412109375,3.30682373046875,1.0
2-3-1,Run1,189251442288,2.92572021484375,3.3122100830078125,1.0
2-3-1,Run1,189251458943,2.8873291015625,3.347320556640625,1.0
2-3-1,Run1,189251475598,2.8948211669921875,3.3534393310546875,1.0
2-3-1,Run1,189251492253,2.9573211669921875,3.355926513671875,1.0
2-3-1,Run1,189251508908,2.925140380859375,3.3583984375,1.0
2-3-1,Run1,189251525562,2.8514556884765625,3.3670654296875,1.0
2-3-1,Run1,189251542217,2.9048004150390625,3.353744506835937,1.0
2-3-1,Run1,189251558872,2.9048004150390625,3.34991455078125,1.0
2-3-1,Run1,189251575526,2.8585662841796875,3.2193603515625,1.0
2-3-1,Run1,189251592181,2.8585662841796875,3.1286773681640625,1.0
2-3-1,Run1,189251608837,2.8907677786690846,3.173437935965402,0.0
2-3-1,Run1,189251625491,2.922969273158482,3.2181985037667413,0.0
2-3-1,Run1,189251642146,2.9551707676478793,3.2629590715680803,0.0
2-3-1,Run1,189251658801,2.987372262137277,3.3077196393694197,0.0
2-3-1,Run1,189251675457,3.019573756626674,3.352480207170759,0.0
2-3-1,Run1,189251692111,3.051775251116071,3.3972407749720985,0.0
2-3-1,Run1,189251708766,3.0839767456054688,3.4420013427734375,0.0
2-3-1,Run1,189251725421,3.116178240094866,3.486761910574777,0.0
2-3-1,Run1,189251742075,3.1483797345842635,3.5315224783761163,0.0
2-3-1,Run1,189251773699,3.1805812290736606,3.5762830461774557,0.0
2-3-1,Run1,189251790354,3.212782723563058,3.621043613978795,0.0
2-3-1,Run1,189251807008,3.2449842180524553,3.6658041817801346,0.0
2-3-1,Run1,189251840393,3.2771857125418524,3.7105647495814735,0.0
2-3-1,Run1,189251857047,3.30938720703125,3.755325317382813,1.0
2-3-1,Run1,189251873702,3.085174560546875,3.4295196533203125,1.0
2-3-1,Run1,189251890358,3.080429077148437,3.328399658203125,1.0
2-3-1,Run1,189251907012,3.075057983398437,3.3961639404296875,1.0
2-3-1,Run1,189251923667,3.049560546875,3.482757568359375,1.0
2-3-1,Run1,189251940322,3.0285797119140625,3.5141754150390625,1.0
2-3-1,Run1,189251956977,3.0526123046875,3.4400634765625,1.0
2-3-1,Run1,189251973632,3.084945678710937,3.3468780517578125,1.0
2-3-1,Run1,189251990287,3.126556396484375,3.4202117919921875,1.0
2-3-1,Run1,189252006942,3.09344482421875,3.44732666015625,1.0
2-3-1,Run1,189252023596,3.1433258056640625,3.458343505859375,1.0
2-3-1,Run1,189252040252,3.1448516845703125,3.4879150390625,1.0
2-3-1,Run1,189252056907,3.0610809326171875,3.500762939453125,1.0
2-3-1,Run1,189252073561,3.2704010009765625,3.678466796875,1.0
2-3-1,Run1,189252090216,3.195526123046875,3.650543212890625,1.0
2-3-1,Run1,189252106871,3.195526123046875,3.650543212890625,1.0
2-3-1,Run1,189252123525,3.227691650390625,3.6012344360351562,1.0
2-3-1,Run1,189252140180,3.1018218994140625,3.5519256591796875,1.0
2-3-1,Run1,189252156835,3.109603881835937,3.5026168823242188,1.0
2-3-1,Run1,189252173490,3.105743408203125,3.45330810546875,1.0
2-3-1,Run1,189252190145,3.1107940673828125,3.485946655273437,1.0
2-3-1,Run1,189252206800,3.080047607421875,3.4831085205078125,1.0
2-3-1,Run1,189252223455,3.041595458984375,3.3883514404296875,1.0
2-3-1,Run1,189252240110,3.03936767578125,3.1561737060546875,1.0
2-3-1,Run1,189252256765,3.0531463623046875,3.600189208984375,1.0
2-3-1,Run1,189252273420,3.0542144775390625,3.600189208984375,1.0
2-3-1,Run1,189252290074,3.0416717529296875,3.54315185546875,1.0
2-3-1,Run1,189252306730,3.02191162109375,3.486114501953125,1.0
2-3-1,Run1,189252323385,3.0100555419921875,3.4290771484375,1.0
2-3-1,Run1,189252340039,3.1372528076171875,3.372039794921875,1.0
2-3-1,Run1,189252356694,2.9823150634765625,3.372039794921875,1.0
2-3-1,Run1,189252373349,2.827377319335937,3.357696533203125,1.0
2-3-1,Run1,189252390003,2.9468994140625,3.41400146484375,1.0
2-3-1,Run1,189252406658,2.9348907470703125,3.361434936523437,1.0
2-3-1,Run1,189252423313,2.9321746826171875,3.354827880859375,1.0
2-3-1,Run1,189252439967,2.8954620361328125,3.3595428466796875,1.0
2-3-1,Run1,189252456623,2.8959197998046875,3.364364624023437,1.0
2-3-1,Run1,189252473278,2.911346435546875,3.3520050048828125,1.0
2-3-1,Run1,189252489933,2.880035400390625,3.320343017578125,1.0
2-3-1,Run1,189252506587,2.828231811523437,3.27978515625,1.0
2-3-1,Run1,189252523242,2.837493896484375,3.276275634765625,1.0
2-3-1,Run1,189252539897,2.855743408203125,3.272216796875,1.0
2-3-1,Run1,189252556551,2.851715087890625,3.3009033203125,1.0
2-3-1,Run1,189252573206,2.812652587890625,3.2768096923828125,1.0
2-3-1,Run1,189252589862,2.8289337158203125,3.254867553710937,1.0
2-3-1,Run1,189252606516,2.8446807861328125,3.238876342773437,1.0
2-3-1,Run1,189252623171,2.809326171875,3.2526397705078125,1.0
2-3-1,Run1,189252639826,3.075958251953125,3.5082244873046875,1.0
2-3-1,Run1,189252656480,3.0974884033203125,3.401702880859375,1.0
2-3-1,Run1,189252673135,2.811065673828125,3.2005615234375,1.0
2-3-1,Run1,189252689790,2.777450561523437,3.19476318359375,1.0
2-3-1,Run1,189252706444,2.7863311767578125,3.3664093017578125,1.0
2-3-1,Run1,189252723099,2.803619384765625,3.3920135498046875,1.0
2-3-1,Run1,189252739755,2.799713134765625,3.3920135498046875,1.0
2-3-1,Run1,189252756410,2.80291748046875,3.3995819091796875,1.0
2-3-1,Run1,189252773064,2.8280029296875,3.2182769775390625,1.0
2-3-1,Run1,189252789719,2.8315887451171875,3.2480010986328125,1.0
2-3-1,Run1,189252806374,2.848129272460937,3.27655029296875,1.0
2-3-1,Run1,189252823028,2.857452392578125,3.197723388671875,1.0
2-3-1,Run1,189252839683,2.881210327148437,3.2022857666015625,1.0
2-3-1,Run1,189252856338,2.8878631591796875,3.2579345703125,1.0
2-3-1,Run1,189252872993,2.8941802978515625,3.2477264404296875,1.0
2-3-1,Run1,189252889648,2.8958892822265625,3.26434326171875,1.0
2-3-1,Run1,189252906303,2.898590087890625,3.291412353515625,1.0
2-3-1,Run1,189252922957,2.90472412109375,3.2724151611328125,1.0
2-3-1,Run1,189252939612,2.8963623046875,3.2793731689453125,1.0
2-3-1,Run1,189252956267,2.9034881591796875,3.2948150634765625,1.0
2-3-1,Run1,189252972921,2.941879272460937,3.286590576171875,1.0
2-3-1,Run1,189252989576,2.8543243408203125,3.219940185546875,1.0
2-3-1,Run1,189253006231,2.79669189453125,3.2477569580078125,1.0
2-3-1,Run1,189253022887,2.8926239013671875,3.2477569580078125,1.0
2-3-1,Run1,189253039541,2.93438720703125,3.26068115234375,1.0
2-3-1,Run1,189253056196,2.9276123046875,3.3129119873046875,1.0
2-3-1,Run1,189253072851,2.897079467773437,3.3169097900390625,1.0
2-3-1,Run1,189253089505,2.9068145751953125,3.309814453125,1.0
2-3-1,Run1,189253106160,2.9312744140625,3.2944793701171875,1.0
2-3-1,Run1,189253122815,2.93408203125,3.299102783203125,1.0
2-3-1,Run1,189253139469,2.9130859375,3.3110809326171875,1.0
2-3-1,Run1,189253156125,2.9171905517578125,3.2601318359375,1.0
2-3-1,Run1,189253172780,2.9417877197265625,3.2631072998046875,1.0
2-3-1,Run1,189253189434,2.933380126953125,3.3051300048828125,1.0
2-3-1,Run1,189253206089,2.9148101806640625,3.3134765625,1.0
2-3-1,Run1,189253222744,2.9176788330078125,3.327499389648437,1.0
2-3-1,Run1,189253239398,2.91241455078125,3.3437957763671875,1.0
2-3-1,Run1,189253256053,2.92730712890625,3.342926025390625,1.0
2-3-1,Run1,189253272708,2.954620361328125,3.331573486328125,1.0
2-3-1,Run1,189253289364,2.948486328125,3.2881622314453125,1.0
2-3-1,Run1,189253306018,2.98907470703125,3.29901123046875,1.0
2-3-1,Run1,189253322673,3.003158569335937,3.3323211669921875,1.0
2-3-1,Run1,189253339328,2.96966552734375,3.317535400390625,1.0
2-3-1,Run1,189253355982,2.9720916748046875,3.3314971923828125,1.0
2-3-1,Run1,189253372637,3.00433349609375,3.3650665283203125,1.0
2-3-1,Run1,189253389292,3.0065460205078125,3.3704833984375,1.0
2-3-1,Run1,189253405946,3.201690673828125,3.34893798828125,1.0
2-3-1,Run1,189253422601,3.2284088134765625,3.356307983398437,1.0
2-3-1,Run1,189253439257,3.031234741210937,3.2716827392578125,1.0
2-3-1,Run1,189253455911,2.9458770751953125,3.16650390625,1.0
2-3-1,Run1,189253472566,2.953577677408854,3.0900421142578125,0.0
2-3-1,Run1,189253489221,2.961278279622396,3.013580322265625,0.0
2-3-1,Run1,189253505875,2.9689788818359375,2.9371185302734375,0.0
2-3-1,Run1,189253522530,2.976679484049479,2.86065673828125,0.0
2-3-1,Run1,189253539185,2.984380086263021,2.7841949462890625,0.0
2-3-1,Run1,189253555840,2.9920806884765625,2.707733154296875,0.0
2-3-1,Run1,189253572495,2.999781290690104,2.6312713623046875,0.0
2-3-1,Run1,189253589150,3.007481892903646,2.5548095703125,0.0
2-3-1,Run1,189253605805,3.0151824951171875,2.4783477783203125,1.0
2-3-1,Run1,189253622459,3.128646850585937,2.4783477783203125,1.0
2-3-1,Run1,189253639114,3.144012451171875,3.295761108398437,1.0
2-3-1,Run1,189253655769,3.1348419189453125,3.295761108398437,1.0
2-3-1,Run1,189253672423,3.10052490234375,3.406463623046875,1.0
2-3-1,Run1,189253689078,3.05718994140625,3.5009307861328125,1.0
2-3-1,Run1,189253705733,3.0808868408203125,3.524642944335937,1.0
2-3-1,Run1,189253722388,3.1275634765625,3.522003173828125,1.0
2-3-1,Run1,189253739043,3.298309326171875,3.69940185546875,1.0
2-3-1,Run1,189253755698,3.215805053710937,3.705886840820313,1.0
2-3-1,Run1,189253772352,3.110214233398437,3.559906005859375,1.0
2-3-1,Run1,189253789007,3.128036499023437,3.567291259765625,1.0
2-3-1,Run1,189253805662,3.156478881835937,3.724273681640625,1.0
2-3-1,Run1,189253822317,3.15277099609375,3.6706695556640634,1.0
2-3-1,Run1,189253838971,3.166473388671875,3.596420288085937,1.0
2-3-1,Run1,189253855627,3.1947021484375,3.6231536865234375,1.0
2-3-1,Run1,189253872282,3.193267822265625,3.650924682617188,1.0
2-3-1,Run1,189253888936,3.194061279296875,3.639312744140625,1.0
2-3-1,Run1,189253905591,3.2052459716796875,3.6195220947265625,1.0
2-3-1,Run1,189253922246,3.1973114013671875,3.624832153320313,1.0
2-3-1,Run1,189253938900,3.30303955078125,3.64556884765625,1.0
2-3-1,Run1,189253955555,3.271820068359375,3.6396484375,1.0
2-3-1,Run1,189253972210,3.173248291015625,3.643264770507813,1.0
2-3-1,Run1,189253988864,3.1602935791015625,3.6596832275390634,1.0
2-3-1,Run1,189254005520,3.1197662353515625,3.6497802734375,1.0
2-3-1,Run1,189254022175,3.091644287109375,3.64208984375,1.0
2-3-1,Run1,189254038829,3.068710327148437,3.64190673828125,1.0
2-3-1,Run1,189254055484,3.106781005859375,3.630935668945313,1.0
2-3-1,Run1,189254072139,3.1065826416015625,3.6131744384765625,1.0
2-3-1,Run1,189254088794,3.0805206298828125,3.59881591796875,1.0
2-3-1,Run1,189254105448,3.0609588623046875,3.5971832275390625,1.0
2-3-1,Run1,189254122103,2.9703521728515625,3.560287475585937,1.0
2-3-1,Run1,189254138759,2.9212188720703125,3.486923217773437,1.0
2-3-1,Run1,189254155413,3.0754547119140625,3.5230865478515625,1.0
2-3-1,Run1,189254172068,3.03125,3.6204681396484375,1.0
2-3-1,Run1,189254188723,2.9996337890625,3.705841064453125,1.0
2-3-1,Run1,189254205377,3.0276031494140625,3.705841064453125,1.0
2-3-1,Run1,189254222032,3.061065673828125,3.66302490234375,1.0
2-3-1,Run1,189254238687,3.014434814453125,3.66302490234375,1.0
2-3-1,Run1,189254255341,2.993988037109375,3.608795166015625,1.0
2-3-1,Run1,189254271997,2.9897918701171875,3.46466064453125,1.0
2-3-1,Run1,189254288652,2.9871978759765625,3.4642333984375,1.0
2-3-1,Run1,189254305306,2.991806030273437,3.452545166015625,1.0
2-3-1,Run1,189254321961,3.018951416015625,3.434600830078125,1.0
2-3-1,Run1,189254338616,2.992660522460937,3.4384918212890625,1.0
2-3-1,Run1,189254355271,3.0374908447265625,3.4521636962890625,1.0
2-3-1,Run1,189254371925,3.095687866210937,3.467391967773437,1.0
2-3-1,Run1,189254388580,3.04351806640625,3.4763946533203125,1.0
2-3-1,Run1,189254405235,3.029159545898437,3.437164306640625,1.0
2-3-1,Run1,189254421890,3.009979248046875,3.442840576171875,1.0
2-3-1,Run1,189254438545,3.0452423095703125,3.645111083984375,1.0
2-3-1,Run1,189254455200,3.01947021484375,3.692291259765625,1.0
2-3-1,Run1,189254471854,3.0371246337890625,3.474960327148437,1.0
2-3-1,Run1,189254488509,3.08294677734375,3.4683990478515625,1.0
2-3-1,Run1,189254505164,3.0917205810546875,3.454818725585937,1.0
2-3-1,Run1,189254521818,3.094223022460937,3.448822021484375,1.0
2-3-1,Run1,189254538473,3.090301513671875,3.653961181640625,1.0
2-3-1,Run1,189254555129,3.0726776123046875,3.683425903320313,1.0
2-3-1,Run1,189254571783,3.0664825439453125,3.683425903320313,1.0
2-3-1,Run1,189254588438,3.083724975585937,3.6664886474609375,1.0
2-3-1,Run1,189254605093,3.0904693603515625,3.511337280273437,1.0
2-3-1,Run1,189254621748,3.110946655273437,3.51702880859375,1.0
2-3-1,Run1,189254638402,3.144134521484375,3.479598999023437,1.0
2-3-1,Run1,189254655057,3.1084136962890625,3.4840545654296875,1.0
2-3-1,Run1,189254671712,3.111312866210937,3.50640869140625,1.0
2-3-1,Run1,189254688366,3.1080780029296875,3.490020751953125,1.0
2-3-1,Run1,189254705022,3.02215576171875,3.36920166015625,1.0
2-3-1,Run1,189254721677,2.8772430419921875,3.1820220947265625,1.0
2-3-1,Run1,189254738331,2.753446306501116,3.2043914794921875,0.0
2-3-1,Run1,189254754986,2.6296495710100447,3.2267608642578125,0.0
2-3-1,Run1,189254771641,2.505852835518973,3.2491302490234375,0.0
2-3-1,Run1,189254788295,2.382056100027902,3.2714996337890625,0.0
2-3-1,Run1,189254804950,2.2582593645368303,3.2938690185546875,0.0
2-3-1,Run1,189254821605,2.1344626290457587,3.3162384033203125,0.0
2-3-1,Run1,189254838260,2.0106658935546875,3.3386077880859375,1.0
2-3-1,Run1,189254854915,2.0106658935546875,3.3609771728515625,1.0
2-3-1,Run1,189254871570,3.114715576171875,3.3833465576171875,1.0
2-3-1,Run1,189254888225,3.233261108398437,3.49847412109375,1.0
2-3-1,Run1,189254904879,3.2530517578125,3.538818359375,1.0
2-3-1,Run1,189254921534,3.242767333984375,3.514556884765625,1.0
2-3-1,Run1,189254938189,3.2422332763671875,3.571868896484375,1.0
2-3-1,Run1,189254954843,3.237701416015625,3.674880981445313,1.0
2-3-1,Run1,189254971498,3.2386932373046875,3.697265625,1.0
2-3-1,Run1,189254988154,3.2545928955078125,3.6290435791015625,1.0
2-3-1,Run1,189255004808,3.27044677734375,3.784027099609375,1.0
2-3-1,Run1,189255021463,3.277069091796875,3.7627105712890634,1.0
2-3-1,Run1,189255038118,3.277252197265625,3.655471801757813,1.0
2-3-1,Run1,189255054772,3.26983642578125,3.6778564453125,1.0
2-3-1,Run1,189255071427,3.251327514648437,3.4769439697265625,1.0
2-3-1,Run1,189255088082,3.146392822265625,3.309600830078125,1.0
2-3-1,Run1,189255104736,3.173455810546875,3.2697989723899146,0.0
2-3-1,Run1,189255121392,3.200518798828125,3.2299971147017046,0.0
2-3-1,Run1,189255138047,3.227581787109375,3.190195257013494,0.0
2-3-1,Run1,189255154702,3.254644775390625,3.150393399325284,0.0
2-3-1,Run1,189255171356,3.281707763671875,3.1105915416370737,0.0
2-3-1,Run1,189255188011,3.308770751953125,3.0707896839488638,0.0
2-3-1,Run1,189255204666,3.335833740234375,3.0309878262606533,0.0
2-3-1,Run1,189255221320,3.362896728515625,2.9911859685724433,0.0
2-3-1,Run1,189255237975,3.389959716796875,2.951384110884233,0.0
2-3-1,Run1,189255254631,3.417022705078125,2.9115822531960225,1.0
2-3-1,Run1,189255271285,3.1728973388671875,2.8717803955078125,1.0
2-3-1,Run1,189255287940,3.1593170166015625,2.9751129150390625,1.0
2-3-1,Run1,189255304595,3.16693115234375,3.416976928710937,1.0
2-3-1,Run1,189255321249,3.169403076171875,3.5496826171875,1.0
2-3-1,Run1,189255337904,3.20111083984375,3.5650177001953125,1.0
2-3-1,Run1,189255354559,3.129913330078125,3.573959350585937,1.0
2-3-1,Run1,189255371213,3.06854248046875,3.607666015625,1.0
2-3-1,Run1,189255387868,3.153411865234375,3.521453857421875,1.0
2-3-1,Run1,189255404524,3.188629150390625,3.5379638671875,1.0
2-3-1,Run1,189255421179,3.198348999023437,3.6173095703125,1.0
2-3-1,Run1,189255437833,3.202865600585937,3.633010864257813,1.0
2-3-1,Run1,189255454488,3.2017974853515625,3.625885009765625,1.0
2-3-1,Run1,189255471143,3.15142822265625,3.5826416015625,1.0
2-3-1,Run1,189255487797,3.1792449951171875,3.5204315185546875,1.0
2-3-1,Run1,189255504452,3.1783447265625,3.486724853515625,1.0
2-3-1,Run1,189255521107,3.154327392578125,3.5617218017578125,1.0
2-3-1,Run1,189255537762,3.141220092773437,3.781204223632813,1.0
2-3-1,Run1,189255554417,3.1343231201171875,3.69488525390625,1.0
2-3-1,Run1,189255571072,3.13006591796875,3.69488525390625,1.0
2-3-1,Run1,189255587726,3.1214599609375,3.6945648193359375,1.0
2-3-1,Run1,189255604381,3.099594116210937,3.5283660888671875,1.0
2-3-1,Run1,189255621036,3.1287384033203125,3.509979248046875,1.0
2-3-1,Run1,189255637690,3.130462646484375,3.5048370361328125,1.0
2-3-1,Run1,189255654345,3.10345458984375,3.5019989013671875,1.0
2-3-1,Run1,189255671000,3.1051177978515625,3.483642578125,1.0
2-3-1,Run1,189255687656,2.99200439453125,3.4375457763671875,1.0
2-3-1,Run1,189255704310,2.9940185546875,3.4363250732421875,1.0
2-3-1,Run1,189255720965,3.035430908203125,3.4363250732421875,1.0
2-3-1,Run1,189255737620,3.0159149169921875,3.4282938639322915,1.0
2-3-1,Run1,189255754274,2.9947052001953125,3.420262654622396,1.0
2-3-1,Run1,189255770929,2.9571990966796875,3.4122314453125,1.0
2-3-1,Run1,189255787584,2.9774169921875,3.452865600585937,1.0
2-3-1,Run1,189255804238,3.11895751953125,3.42962646484375,1.0
2-3-1,Run1,189255820894,3.0358428955078125,3.4043426513671875,1.0
2-3-1,Run1,189255837549,2.9610595703125,3.483139038085937,1.0
2-3-1,Run1,189255854203,2.9834136962890625,3.496124267578125,1.0
2-3-1,Run1,189255870858,2.97039794921875,3.3802032470703125,1.0
2-3-1,Run1,189255887513,2.954437255859375,3.38653564453125,1.0
2-3-1,Run1,189255904167,3.0511016845703125,3.3931884765625,1.0
2-3-1,Run1,189255920822,3.028549194335937,3.3849029541015625,1.0
2-3-1,Run1,189255937477,3.028549194335937,3.4877166748046875,1.0
2-3-1,Run1,189255954132,2.9536972045898438,3.4468231201171875,1.0
2-3-1,Run1,189255970787,2.87884521484375,3.349349975585937,1.0
2-3-1,Run1,189255987442,2.940292358398437,3.343536376953125,1.0
2-3-1,Run1,189256004097,3.053085327148437,3.4261627197265625,1.0
2-3-1,Run1,189256020751,3.1210174560546875,3.50927734375,1.0
2-3-1,Run1,189256037406,2.9195556640625,3.50927734375,1.0
2-3-1,Run1,189256054061,2.9118804931640625,3.4025421142578125,1.0
2-3-1,Run1,189256070715,2.90533447265625,3.295806884765625,1.0
2-3-1,Run1,189256087370,2.9076080322265625,3.35870361328125,1.0
2-3-1,Run1,189256104026,2.863754272460937,3.314666748046875,1.0
2-3-1,Run1,189256120680,2.8989715576171875,3.3059234619140625,1.0
2-3-1,Run1,189256137335,2.887969970703125,3.4585723876953125,1.0
2-3-1,Run1,189256153990,2.830795288085937,3.3744049072265625,1.0
2-3-1,Run1,189256170644,2.8502655029296875,3.243927001953125,1.0
2-3-1,Run1,189256187299,2.917510986328125,3.268280029296875,1.0
2-3-1,Run1,189256203954,2.927978515625,3.250396728515625,1.0
2-3-1,Run1,189256220609,2.8456573486328125,3.2513580322265625,1.0
2-3-1,Run1,189256237264,2.825286865234375,3.31365966796875,1.0
2-3-1,Run1,189256253919,2.8714752197265625,3.315765380859375,1.0
2-3-1,Run1,189256270574,2.838165283203125,3.25347900390625,1.0
2-3-1,Run1,189256287228,2.891815185546875,3.250228881835937,1.0
2-3-1,Run1,189256303883,2.915267944335937,3.2371368408203125,1.0
2-3-1,Run1,189256320538,2.84381103515625,3.2498779296875,1.0
2-3-1,Run1,189256337192,2.8415069580078125,3.3278961181640625,1.0
2-3-1,Run1,189256353847,2.8458709716796875,3.320098876953125,1.0
2-3-1,Run1,189256370502,2.839340209960937,3.3009490966796875,1.0
2-3-1,Run1,189256387157,2.843597412109375,3.2830963134765625,1.0
2-3-1,Run1,189256403812,2.8512725830078125,3.2711944580078125,1.0
2-3-1,Run1,189256420467,2.845062255859375,3.28375244140625,1.0
2-3-1,Run1,189256437121,2.8745880126953125,3.273651123046875,1.0
2-3-1,Run1,189256453776,2.96942138671875,3.2627105712890625,1.0
2-3-1,Run1,189256470431,2.9344635009765625,3.323760986328125,1.0
2-3-1,Run1,189256487086,2.876220703125,3.343994140625,1.0
2-3-1,Run1,189256503740,2.941497802734375,3.3401336669921875,1.0
2-3-1,Run1,189256520396,2.9676971435546875,3.3775634765625,1.0
2-3-1,Run1,189256537051,2.992156982421875,3.5757293701171875,1.0
2-3-1,Run1,189256553705,2.980438232421875,3.581085205078125,1.0
2-3-1,Run1,189256570360,2.9772186279296875,3.4063873291015625,1.0
2-3-1,Run1,189256587015,2.9894256591796875,3.371002197265625,1.0
2-3-1,Run1,189256603669,3.032821655273437,3.3925323486328125,1.0
2-3-1,Run1,189256620324,3.045684814453125,3.4113922119140625,1.0
2-3-1,Run1,189256636979,3.083602905273437,3.4099273681640625,1.0
2-3-1,Run1,189256653633,3.090850830078125,3.4327850341796875,1.0
2-3-1,Run1,189256670289,3.0738525390625,3.604904174804688,1.0
2-3-1,Run1,189256686944,3.0805816650390625,3.585601806640625,1.0
2-3-1,Run1,189256703598,3.1183319091796875,3.585601806640625,1.0
2-3-1,Run1,189256720253,3.1131134033203125,3.5856475830078125,1.0
2-3-1,Run1,189256736908,3.14312744140625,3.5856475830078125,1.0
2-3-1,Run1,189256753563,3.17919921875,3.64227294921875,1.0
2-3-1,Run1,189256770217,3.414047241210937,3.64227294921875,1.0
2-3-1,Run1,189256786872,3.39190673828125,3.5581588745117188,1.0
2-3-1,Run1,189256803528,3.39190673828125,3.4740447998046875,1.0
2-3-1,Run1,189256820182,3.244140625,3.549285888671875,1.0
2-3-1,Run1,189256836837,3.09637451171875,3.7238616943359375,1.0
2-3-1,Run1,189256853492,3.190338134765625,3.744186401367188,1.0
2-3-1,Run1,189256870146,3.1778717041015625,3.58917236328125,1.0
2-3-1,Run1,189256886801,3.202178955078125,3.571014404296875,1.0
2-3-1,Run1,189256903456,3.21282958984375,3.5638580322265625,1.0
2-3-1,Run1,189256920110,3.161773681640625,3.583984375,1.0
2-3-1,Run1,189256936765,3.1646728515625,3.751632690429688,1.0
2-3-1,Run1,189256953421,3.20465087890625,3.6965179443359375,1.0
2-3-1,Run1,189256970075,3.17938232421875,3.6965179443359375,1.0
2-3-1,Run1,189256986730,3.174835205078125,3.7121429443359375,1.0
2-3-1,Run1,189257003385,3.16351318359375,3.7121429443359375,1.0
2-3-1,Run1,189257020040,3.150497436523437,3.745925903320313,1.0
2-3-1,Run1,189257036694,3.1398468017578125,3.745925903320313,1.0
2-3-1,Run1,189257053349,3.13665771484375,3.6209716796875,1.0
2-3-1,Run1,189257070004,3.1428680419921875,3.490585327148437,1.0
2-3-1,Run1,189257086659,3.133331298828125,3.4865875244140625,1.0
2-3-1,Run1,189257103314,3.124984741210937,3.498504638671875,1.0
2-3-1,Run1,189257119969,3.128662109375,3.5094451904296875,1.0
2-3-1,Run1,189257136623,3.096893310546875,3.4846343994140625,1.0
2-3-1,Run1,189257153278,3.0787811279296875,3.499267578125,1.0
2-3-1,Run1,189257169933,3.06890869140625,3.500473022460937,1.0
2-3-1,Run1,189257186587,3.063323974609375,3.480697631835937,1.0
2-3-1,Run1,189257203242,3.076751708984375,3.494369506835937,1.0
2-3-1,Run1,189257219898,3.06982421875,3.51678466796875,1.0
2-3-1,Run1,189257236552,3.0740203857421875,3.523056030273437,1.0
2-3-1,Run1,189257253207,3.1190338134765625,3.483139038085937,1.0
2-3-1,Run1,189257269862,3.151840209960937,3.5015411376953125,1.0
2-3-1,Run1,189257286517,3.114044189453125,3.53240966796875,1.0
2-3-1,Run1,189257303171,3.1252899169921875,3.5357208251953125,1.0
2-3-1,Run1,189257319826,3.1685943603515625,3.5369110107421875,1.0
2-3-1,Run1,189257336481,3.167343139648437,3.5501251220703125,1.0
2-3-1,Run1,189257353135,3.16253662109375,3.552490234375,1.0
2-3-1,Run1,189257369791,3.1608123779296875,3.560638427734375,1.0
2-3-1,Run1,189257386446,3.155517578125,3.561676025390625,1.0
2-3-1,Run1,189257403100,3.1952362060546875,3.58770751953125,1.0
2-3-1,Run1,189257419755,3.2045135498046875,3.596282958984375,1.0
2-3-1,Run1,189257436410,3.22509765625,3.60650634765625,1.0
2-3-1,Run1,189257453064,3.24517822265625,3.6136474609375,1.0
2-3-1,Run1,189257469719,3.2390289306640625,3.601470947265625,1.0
2-3-1,Run1,189257486374,3.225128173828125,3.58489990234375,1.0
2-3-1,Run1,189257503029,3.219955444335937,3.702880859375,1.0
2-3-1,Run1,189257519684,3.227691650390625,3.737274169921875,1.0
2-3-1,Run1,189257536339,3.2332305908203125,3.737274169921875,1.0
2-3-1,Run1,189257552994,3.2244415283203125,3.7422943115234375,1.0
2-3-1,Run1,189257569648,3.2092742919921875,3.7422943115234375,1.0
2-3-1,Run1,189257586303,3.2107391357421875,3.679519653320313,1.0
2-3-1,Run1,189257602958,3.2027740478515625,3.679519653320313,1.0
2-3-1,Run1,189257619613,3.17449951171875,3.696975708007813,1.0
2-3-1,Run1,189257636268,3.1687469482421875,3.696975708007813,1.0
2-3-1,Run1,189257652924,3.177581787109375,3.7445068359375,1.0
2-3-1,Run1,189257669578,3.168441772460937,3.555160522460937,1.0
2-3-1,Run1,189257686233,3.0819244384765625,3.4801788330078125,1.0
2-3-1,Run1,189257702888,3.042276555841619,3.465194702148437,1.0
2-3-1,Run1,189257719542,3.0026286732066763,3.3607482910156246,0.0
2-3-1,Run1,189257736197,2.962980790571733,3.256301879882812,0.0
2-3-1,Run1,189257752852,2.9233329079367896,3.1518554687499996,0.0
2-3-1,Run1,189257769506,2.8836850253018467,3.047409057617187,0.0
2-3-1,Run1,189257786162,2.8440371426669033,2.942962646484375,0.0
2-3-1,Run1,189257802817,2.80438926003196,2.8385162353515625,0.0
2-3-1,Run1,189257819472,2.764741377397017,2.73406982421875,0.0
2-3-1,Run1,189257836126,2.7250934947620737,2.6296234130859375,0.0
2-3-1,Run1,189257852781,2.685445612127131,2.525177001953125,0.0
2-3-1,Run1,189257869436,2.6457977294921875,2.4207305908203125,1.0
2-3-1,Run1,189257886090,2.635528564453125,2.4207305908203125,1.0
2-3-1,Run1,189257902745,2.62603759765625,3.1847381591796875,1.0
2-3-1,Run1,189257919400,3.0721893310546875,3.3984375,1.0
2-3-1,Run1,189257936055,3.03375244140625,3.7725677490234375,1.0
2-3-1,Run1,189257952710,3.0691375732421875,3.6756744384765625,1.0
2-3-1,Run1,189257969365,3.0963134765625,3.6756744384765625,1.0
2-3-1,Run1,189257986020,3.1197509765625,3.704055786132813,1.0
2-3-1,Run1,189258002675,3.120513916015625,3.5937042236328125,1.0
2-3-1,Run1,189258019330,3.0609893798828125,3.5744781494140625,1.0
2-3-1,Run1,189258035984,2.997528076171875,3.64227294921875,1.0
2-3-1,Run1,189258052639,3.088897705078125,3.700515747070313,1.0
2-3-1,Run1,189258069295,3.04888916015625,3.700515747070313,1.0
2-3-1,Run1,189258085950,3.0433807373046875,3.7152099609375,1.0
2-3-1,Run1,189258102604,3.0105133056640625,3.540771484375,1.0
2-3-1,Run1,189258119259,3.005767822265625,3.53167724609375,1.0
2-3-1,Run1,189258135914,3.004669189453125,3.5378875732421875,1.0
2-3-1,Run1,189258152568,3.0159912109375,3.5368194580078125,1.0
2-3-1,Run1,189258169223,3.039276123046875,3.5531005859375,1.0
2-3-1,Run1,189258185878,3.0361328125,3.5638580322265625,1.0
2-3-1,Run1,189258202532,3.0053253173828125,3.693634033203125,1.0
2-3-1,Run1,189258219188,3.0105438232421875,3.662033081054688,1.0
2-3-1,Run1,189258235843,3.00341796875,3.662033081054688,1.0
2-3-1,Run1,189258252497,2.9532623291015625,3.709548950195313,1.0
2-3-1,Run1,189258269152,2.93084716796875,3.4976959228515625,1.0
2-3-1,Run1,189258285808,2.9402008056640625,3.460418701171875,1.0
2-3-1,Run1,189258302462,2.932113647460937,3.581085205078125,1.0
2-3-1,Run1,189258319117,2.9229278564453125,3.5498199462890625,1.0
2-3-1,Run1,189258335772,2.9059295654296875,3.4130859375,1.0
2-3-1,Run1,189258352428,2.939544677734375,3.41461181640625,1.0
2-3-1,Run1,189258369082,2.933013916015625,3.5464019775390625,1.0
2-3-1,Run1,189258385737,2.8611602783203125,3.449310302734375,1.0
2-3-1,Run1,189258402392,2.862091064453125,3.35504150390625,1.0
2-3-1,Run1,189258419046,2.867218017578125,3.404571533203125,1.0
2-3-1,Run1,189258435701,2.838165283203125,3.413421630859375,1.0
2-3-1,Run1,189258452356,2.842193603515625,3.3857574462890625,1.0
2-3-1,Run1,189258469010,2.863494873046875,3.421478271484375,1.0
2-3-1,Run1,189258485666,2.895477294921875,3.438323974609375,1.0
2-3-1,Run1,189258502321,2.894378662109375,3.428619384765625,1.0
2-3-1,Run1,189258518975,2.889633178710937,3.366485595703125,1.0
2-3-1,Run1,189258535630,2.8986053466796875,3.287460327148437,1.0
2-3-1,Run1,189258552285,2.909149169921875,3.373748779296875,1.0
2-3-1,Run1,189258568939,2.9211578369140625,3.434555053710937,1.0
2-3-1,Run1,189258585594,2.930023193359375,3.41510009765625,1.0
2-3-1,Run1,189258602249,2.921142578125,3.3895416259765625,1.0
2-3-1,Run1,189258618905,2.9320526123046875,3.3973846435546875,1.0
2-3-1,Run1,189258635559,2.9636383056640625,3.39837646484375,1.0
2-3-1,Run1,189258652215,2.9338531494140625,3.39117431640625,1.0
2-3-1,Run1,189258668870,2.913482666015625,3.3966217041015625,1.0
2-3-1,Run1,189258685524,2.90716552734375,3.3896636962890625,1.0
2-3-1,Run1,189258702179,2.909210205078125,3.3676300048828125,1.0
2-3-1,Run1,189258718834,2.95001220703125,3.395294189453125,1.0
2-3-1,Run1,189258735488,3.0037384033203125,3.4228057861328125,1.0
2-3-1,Run1,189258752143,3.0023193359375,3.453353881835937,1.0
2-3-1,Run1,189258768799,2.957855224609375,3.6855316162109375,1.0
2-3-1,Run1,189258785453,2.9810028076171875,3.614501953125,1.0
2-3-1,Run1,189258802108,3.0103302001953125,3.438934326171875,1.0
2-3-1,Run1,189258818763,2.999618530273437,3.445556640625,1.0
2-3-1,Run1,189258835417,3.00579833984375,3.655364990234375,1.0
2-3-1,Run1,189258852072,3.0221099853515625,3.6539306640625,1.0
2-3-1,Run1,189258868727,3.043075561523437,3.489288330078125,1.0
2-3-1,Run1,189258885382,3.0256500244140625,3.426239013671875,1.0
2-3-1,Run1,189258902036,3.02734375,3.4290924072265625,1.0
2-3-1,Run1,189258918692,3.00701904296875,3.4758453369140625,1.0
2-3-1,Run1,189258935347,2.99755859375,3.38787841796875,1.0
2-3-1,Run1,189258952002,2.8831787109375,3.2949676513671875,1.0
2-3-1,Run1,189258968657,2.8918526389382104,3.2277332652698862,0.0
2-3-1,Run1,189258985312,2.9005265669389204,3.1604988791725854,0.0
2-3-1,Run1,189259001966,2.909200494939631,3.093264493075284,0.0
2-3-1,Run1,189259018621,2.917874422940341,3.026030106977983,0.0
2-3-1,Run1,189259035276,2.9265483509410513,2.9587957208806817,0.0
2-3-1,Run1,189259051931,2.9352222789417612,2.891561334783381,0.0
2-3-1,Run1,189259068586,2.9438962069424717,2.8243269486860796,0.0
2-3-1,Run1,189259085241,2.9525701349431817,2.7570925625887783,0.0
2-3-1,Run1,189259101895,2.961244062943892,2.6898581764914775,0.0
2-3-1,Run1,189259118550,2.969917990944602,2.6226237903941763,0.0
2-3-1,Run1,189259135205,2.9785919189453125,2.555389404296875,1.0
2-3-1,Run1,189259151860,2.9785919189453125,3.057830810546875,1.0
2-3-1,Run1,189259168514,2.399139404296875,3.4982452392578125,1.0
2-3-1,Run1,189259185170,2.750717163085937,3.43658447265625,1.0
2-3-1,Run1,189259201825,3.138946533203125,3.5147247314453125,1.0
2-3-1,Run1,189259218479,3.160995483398437,3.423187255859375,1.0
2-3-1,Run1,189259235134,3.170074462890625,3.4654083251953125,1.0
2-3-1,Run1,189259251789,3.1300506591796875,3.560699462890625,1.0
2-3-1,Run1,189259268443,3.132293701171875,3.572860717773437,1.0
2-3-1,Run1,189259285099,3.1512451171875,3.551864624023437,1.0
2-3-1,Run1,189259301754,3.144805908203125,3.5601348876953125,1.0
2-3-1,Run1,189259318408,3.13165283203125,3.5595855712890625,1.0
2-3-1,Run1,189259335064,3.140869140625,3.5638427734375,1.0
2-3-1,Run1,189259351719,3.15777587890625,3.57525634765625,1.0
2-3-1,Run1,189259368373,3.1637725830078125,3.5926666259765625,1.0
2-3-1,Run1,189259385028,3.159637451171875,3.5841522216796875,1.0
2-3-1,Run1,189259401683,3.1532135009765625,3.5746002197265625,1.0
2-3-1,Run1,189259418338,3.1595458984375,3.5586090087890625,1.0
2-3-1,Run1,189259434992,3.177490234375,3.55572509765625,1.0
2-3-1,Run1,189259451647,3.17620849609375,3.5699615478515625,1.0
2-3-1,Run1,189259468303,3.16265869140625,3.733688354492188,1.0
2-3-1,Run1,189259484957,3.1720123291015625,3.6571044921875,1.0
2-3-1,Run1,189259501612,3.142974853515625,3.6571044921875,1.0
2-3-1,Run1,189259518267,3.117095947265625,3.6291351318359375,1.0
2-3-1,Run1,189259534921,3.129501342773437,3.5184326171875,1.0
2-3-1,Run1,189259551576,3.1325225830078125,3.4838104248046875,1.0
2-3-1,Run1,189259568231,3.079833984375,3.331527709960937,1.0
2-3-1,Run1,189259584886,2.963485717773437,3.331527709960937,1.0
2-3-1,Run1,189259601541,2.9772243499755855,3.3212019976447604,0.0
2-3-1,Run1,189259618197,2.990962982177734,3.3108762853285842,0.0
2-3-1,Run1,189259634851,3.0047016143798824,3.3005505730124076,0.0
2-3-1,Run1,189259651506,3.018440246582031,3.290224860696231,0.0
2-3-1,Run1,189259668161,3.0321788787841792,3.279899148380055,0.0
2-3-1,Run1,189259684816,3.0459175109863277,3.269573436063878,0.0
2-3-1,Run1,189259701470,3.059656143188476,3.2592477237477016,0.0
2-3-1,Run1,189259718125,3.073394775390625,3.2489220114315254,0.0
2-3-1,Run1,189259734780,3.0871334075927734,3.2385962991153487,0.0
2-3-1,Run1,189259751435,3.100872039794922,3.228270586799172,0.0
2-3-1,Run1,189259768090,3.1146106719970703,3.217944874482996,0.0
2-3-1,Run1,189259799765,3.1283493041992188,3.2076191621668193,0.0
2-3-1,Run1,189259816419,3.142087936401367,3.197293449850643,0.0
2-3-1,Run1,189259833074,3.1558265686035156,3.1869677375344665,0.0
2-3-1,Run1,189259866462,3.169565200805664,3.17664202521829,0.0
2-3-1,Run1,189259883117,3.1833038330078125,3.1663163129021137,1.0
2-3-1,Run1,189259899771,3.0210418701171875,3.155990600585937,1.0
2-3-1,Run1,189259916426,3.077621459960937,3.155990600585937,1.0
2-3-1,Run1,189259933081,3.0194854736328125,3.1824747721354165,1.0
2-3-1,Run1,189259949736,2.872299194335937,3.2089589436848955,1.0
2-3-1,Run1,189259966391,2.9417724609375,3.235443115234375,1.0
2-3-1,Run1,189259983046,3.01568603515625,3.375335693359375,1.0
2-3-1,Run1,189259999700,3.010162353515625,3.4210357666015625,1.0
2-3-1,Run1,189260016355,3.0316162109375,3.419662475585937,1.0
2-3-1,Run1,189260033011,2.9901123046875,3.483139038085937,1.0
2-3-1,Run1,189260049666,3.0263824462890625,3.4731903076171875,1.0
2-3-1,Run1,189260066320,3.0546112060546875,3.42584228515625,1.0
2-3-1,Run1,189260082975,3.0393524169921875,3.4701385498046875,1.0
2-3-1,Run1,189260099630,3.073883056640625,3.50946044921875,1.0
2-3-1,Run1,189260116285,3.078277587890625,3.412216186523437,1.0
2-3-1,Run1,189260132940,3.073211669921875,3.396881103515625,1.0
2-3-1,Run1,189260149595,3.089508056640625,3.4814910888671875,1.0
2-3-1,Run1,189260166249,3.0950927734375,3.4686431884765625,1.0
2-3-1,Run1,189260182904,3.078582763671875,3.39935302734375,1.0
2-3-1,Run1,189260199559,3.063934326171875,3.4519500732421875,1.0
2-3-1,Run1,189260216213,3.0460205078125,3.47900390625,1.0
2-3-1,Run1,189260232868,3.012908935546875,3.6052093505859375,1.0
2-3-1,Run1,189260249524,3.0239410400390625,3.56219482421875,1.0
2-3-1,Run1,189260266178,3.016510009765625,3.56219482421875,1.0
2-3-1,Run1,189260282833,3.0347900390625,3.6410064697265625,1.0
2-3-1,Run1,189260299488,3.0475616455078125,3.6410064697265625,1.0
2-3-1,Run1,189260316144,3.0069580078125,3.58062744140625,1.0
2-3-1,Run1,189260332798,2.975616455078125,3.58062744140625,1.0
2-3-1,Run1,189260349453,2.963623046875,3.577545166015625,1.0
2-3-1,Run1,189260366108,2.9184112548828125,3.577545166015625,1.0
2-3-1,Run1,189260382762,2.9312744140625,3.578109741210937,1.0
2-3-1,Run1,189260399418,2.950302124023437,3.578109741210937,1.0
2-3-1,Run1,189260416073,2.8926544189453125,3.5484771728515625,1.0
2-3-1,Run1,189260432727,2.8668365478515625,3.5484771728515625,1.0
2-3-1,Run1,189260449382,2.90997314453125,3.4069747924804688,1.0
2-3-1,Run1,189260466037,2.8980865478515625,3.265472412109375,1.0
2-3-1,Run1,189260482691,2.88861083984375,3.3133697509765625,1.0
2-3-1,Run1,189260499346,2.875030517578125,3.453521728515625,1.0
2-3-1,Run1,189260516001,2.9060211181640625,3.4517822265625,1.0
2-3-1,Run1,189260532656,2.91180419921875,3.4517822265625,1.0
2-3-1,Run1,189260549311,2.8535308837890625,3.49786376953125,1.0
2-3-1,Run1,189260565966,2.8524627685546875,3.49786376953125,1.0
2-3-1,Run1,189260582621,2.8838653564453125,3.530670166015625,1.0
2-3-1,Run1,189260599275,2.875335693359375,3.2981109619140625,1.0
2-3-1,Run1,189260615931,2.7458648681640625,3.293426513671875,1.0
2-3-1,Run1,189260632586,2.7270050048828125,3.2255096435546875,1.0
2-3-1,Run1,189260649240,2.8088836669921875,3.2501983642578125,1.0
2-3-1,Run1,189260665895,2.813201904296875,3.230209350585937,1.0
2-3-1,Run1,189260682550,2.7919921875,3.1023406982421875,1.0
2-3-1,Run1,189260699204,2.8052978515625,3.1203765869140625,1.0
2-3-1,Run1,189260715860,2.7538299560546875,3.1203765869140625,1.0
2-3-1,Run1,189260732515,2.732086181640625,3.15631103515625,1.0
2-3-1,Run1,189260749169,2.732086181640625,3.212646484375,1.0
2-3-1,Run1,189260765824,2.6616973876953125,3.223358154296875,1.0
2-3-1,Run1,189260782479,2.737060546875,3.293121337890625,1.0
2-3-1,Run1,189260799134,2.7107391357421875,3.289337158203125,1.0
2-3-1,Run1,189260815789,2.7355194091796875,3.16412353515625,1.0
2-3-1,Run1,189260832444,2.7892303466796875,3.1373748779296875,1.0
2-3-1,Run1,189260849099,2.742431640625,3.1993865966796875,1.0
2-3-1,Run1,189260865753,2.671661376953125,3.155380249023437,1.0
2-3-1,Run1,189260882408,2.606170654296875,3.1329803466796875,1.0
2-3-1,Run1,189260899063,2.6208648681640625,3.13720703125,1.0
2-3-1,Run1,189260915717,2.670150756835937,3.14190673828125,1.0
2-3-1,Run1,189260932373,2.66650390625,3.123687744140625,1.0
2-3-1,Run1,189260949028,2.6951446533203125,3.1325836181640625,1.0
2-3-1,Run1,189260965682,2.6773223876953125,3.105743408203125,1.0
2-3-1,Run1,189260982337,2.6618194580078125,3.085296630859375,1.0
2-3-1,Run1,189260998992,2.830322265625,3.302719116210937,1.0
2-3-1,Run1,189261015647,3.001083374023437,3.2453155517578125,1.0
2-3-1,Run1,189261032302,2.6770172119140625,3.0160675048828125,1.0
2-3-1,Run1,189261048957,2.5429229736328125,2.99261474609375,1.0
2-3-1,Run1,189261065612,2.58837890625,3.160751342773437,1.0
2-3-1,Run1,189261082267,2.58837890625,3.100372314453125,1.0
2-3-1,Run1,189261098922,2.447265625,3.100372314453125,1.0
2-3-1,Run1,189261115577,2.6007537841796875,3.0180511474609375,1.0
2-3-1,Run1,189261132231,2.665771484375,2.93572998046875,1.0
2-3-1,Run1,189261148886,2.64959716796875,2.93572998046875,1.0
2-3-1,Run1,189261165541,2.607406616210937,2.9007720947265625,1.0
2-3-1,Run1,189261182195,2.6298828125,2.9007720947265625,1.0
2-3-1,Run1,189261198851,2.6381988525390625,2.87017822265625,1.0
2-3-1,Run1,189261215506,2.62432861328125,2.9423065185546875,1.0
2-3-1,Run1,189261232160,2.6033935546875,2.9477081298828125,1.0
2-3-1,Run1,189261248815,2.53533935546875,2.884246826171875,1.0
2-3-1,Run1,189261265470,2.4548492431640625,2.855331420898437,1.0
2-3-1,Run1,189261282124,2.52606201171875,2.9037017822265625,1.0
2-3-1,Run1,189261298780,2.5561676025390625,2.9000244140625,1.0
2-3-1,Run1,189261315435,2.4591522216796875,2.9525909423828125,1.0
2-3-1,Run1,189261332089,2.475494384765625,2.973129272460937,1.0
2-3-1,Run1,189261348745,2.566650390625,2.86920166015625,1.0
2-3-1,Run1,189261365400,2.6175537109375,2.8252410888671875,1.0
2-3-1,Run1,189261382055,2.498870849609375,3.2180328369140625,1.0
2-3-1,Run1,189261398709,2.383392333984375,2.9181060791015625,1.0
2-3-1,Run1,189261415364,2.4792633056640625,2.8577423095703125,1.0
2-3-1,Run1,189261432019,2.562484741210937,2.980133056640625,1.0
2-3-1,Run1,189261448673,2.5846099853515625,2.9047775268554688,1.0
2-3-1,Run1,189261465329,2.90545654296875,2.8294219970703125,1.0
2-3-1,Run1,189261481984,2.7916717529296875,2.934783935546875,1.0
2-3-1,Run1,189261498638,2.7916717529296875,2.948944091796875,1.0
2-3-1,Run1,189261515293,2.872650146484375,2.94610595703125,1.0
2-3-1,Run1,189261531948,2.5469512939453125,2.99176025390625,1.0
2-3-1,Run1,189261548602,2.53009033203125,2.97906494140625,1.0
2-3-1,Run1,189261565257,2.5063934326171875,3.01434326171875,1.0
2-3-1,Run1,189261581912,2.536483764648437,3.017547607421875,1.0
2-3-1,Run1,189261598567,2.57269287109375,2.9712677001953125,1.0
2-3-1,Run1,189261615222,2.573944091796875,2.9659423828125,1.0
2-3-1,Run1,189261631877,2.58148193359375,3.0069580078125,1.0
2-3-1,Run1,189261648533,2.4594268798828125,2.996246337890625,1.0
2-3-1,Run1,189261665187,2.453857421875,2.963409423828125,1.0
2-3-1,Run1,189261681842,2.533416748046875,2.9039306640625,1.0
2-3-1,Run1,189261698497,2.538299560546875,2.56048583984375,1.0
2-3-1,Run1,189261715151,2.4529571533203125,2.56048583984375,1.0
2-3-1,Run1,189261731807,2.459382798936632,2.602866432883523,0.0
2-3-1,Run1,189261748462,2.4658084445529513,2.6452470259232954,0.0
2-3-1,Run1,189261765116,2.472234090169271,2.6876276189630683,0.0
2-3-1,Run1,189261781771,2.47865973578559,2.730008212002841,0.0
2-3-1,Run1,189261798426,2.48508538140191,2.7723888050426138,0.0
2-3-1,Run1,189261815080,2.491511027018229,2.8147693980823862,0.0
2-3-1,Run1,189261831735,2.4979366726345487,2.857149991122159,0.0
2-3-1,Run1,189261848390,2.504362318250868,2.8995305841619317,0.0
2-3-1,Run1,189261865045,2.5107879638671875,2.9419111772017046,1.0
2-3-1,Run1,189261881700,2.6640167236328125,2.9842917702414775,1.0
2-3-1,Run1,189261898355,2.736434936523437,3.02667236328125,1.0
2-3-1,Run1,189261915010,2.761505126953125,3.1539306640625,1.0
2-3-1,Run1,189261931664,2.723861694335937,3.1729888916015625,1.0
2-3-1,Run1,189261948319,2.711456298828125,3.06854248046875,1.0
2-3-1,Run1,189261964975,2.773178100585937,3.1523590087890625,1.0
2-3-1,Run1,189261981629,2.800018310546875,3.2148590087890625,1.0
2-3-1,Run1,189261998285,2.7870635986328125,3.2115936279296875,1.0
2-3-1,Run1,189262014940,2.8591461181640625,3.2411346435546875,1.0
2-3-1,Run1,189262031594,2.841903686523437,3.294296264648437,1.0
2-3-1,Run1,189262048249,2.765487670898437,3.2620391845703125,1.0
2-3-1,Run1,189262064904,3.022216796875,3.2547149658203125,1.0
2-3-1,Run1,189262081558,3.220916748046875,3.306503295898437,1.0
2-3-1,Run1,189262098213,2.94183349609375,3.5183868408203125,1.0
2-3-1,Run1,189262114868,2.9062652587890625,3.461883544921875,1.0
2-3-1,Run1,189262131523,2.926422119140625,3.34649658203125,1.0
2-3-1,Run1,189262148178,2.9716796875,3.3671875,1.0
2-3-1,Run1,189262164833,2.9649810791015625,3.365509033203125,1.0
2-3-1,Run1,189262181488,2.967926025390625,3.34405517578125,1.0
2-3-1,Run1,189262198142,3.0118408203125,3.354034423828125,1.0
2-3-1,Run1,189262214797,3.0199127197265625,3.350082397460937,1.0
2-3-1,Run1,189262231452,3.2518310546875,3.435760498046875,1.0
2-3-1,Run1,189262248106,3.263671875,3.624313354492188,1.0
2-3-1,Run1,189262264762,3.107086181640625,3.624313354492188,1.0
2-3-1,Run1,189262281418,3.094711303710937,3.5709609985351562,1.0
2-3-1,Run1,189262298072,3.1043853759765625,3.517608642578125,1.0
2-3-1,Run1,189262314727,3.1045379638671875,3.55419921875,1.0
2-3-1,Run1,189262331382,3.2180938720703125,3.65478515625,1.0
2-3-1,Run1,189262348036,3.276702880859375,3.6791839599609375,1.0
2-3-1,Run1,189262364691,3.1287384033203125,3.56903076171875,1.0
2-3-1,Run1,189262381346,3.11871337890625,3.5559539794921875,1.0
2-3-1,Run1,189262398001,3.1444244384765625,3.56085205078125,1.0
2-3-1,Run1,189262414656,3.1358642578125,3.5630645751953125,1.0
2-3-1,Run1,189262431311,3.13372802734375,3.643356323242188,1.0
2-3-1,Run1,189262447966,3.13409423828125,3.6164398193359375,1.0
2-3-1,Run1,189262464620,3.0959930419921875,3.5562896728515625,1.0
2-3-1,Run1,189262481275,3.0971221923828125,3.694137573242188,1.0
2-3-1,Run1,189262497930,3.0929412841796875,4.032882690429688,1.0
2-3-1,Run1,189262514584,3.08282470703125,3.6312255859375,1.0
2-3-1,Run1,189262531240,3.2273101806640625,3.6312255859375,1.0
2-3-1,Run1,189262547895,3.1544342041015625,3.5487823486328125,1.0
2-3-1,Run1,189262564549,3.1544342041015625,3.38677978515625,1.0
2-3-1,Run1,189262581204,3.277984619140625,3.427841186523437,1.0
2-3-1,Run1,189262597859,2.9738922119140625,3.7177581787109375,1.0
2-3-1,Run1,189262614513,2.97796630859375,3.6552181243896484,1.0
2-3-1,Run1,189262631168,2.975082397460937,3.5926780700683594,1.0
2-3-1,Run1,189262647823,2.949462890625,3.5301380157470703,1.0
2-3-1,Run1,189262664478,3.2274627685546875,3.4675979614257812,1.0
2-3-1,Run1,189262681133,3.216644287109375,3.405057907104492,1.0
2-3-1,Run1,189262697788,2.9814453125,3.342517852783203,1.0
2-3-1,Run1,189262714443,2.99237060546875,3.279977798461914,1.0
2-3-1,Run1,189262731097,3.247665405273437,3.217437744140625,1.0
2-3-1,Run1,189262747752,3.173919677734375,3.2879638671875,1.0
2-3-1,Run1,189262764407,3.173919677734375,3.509140014648437,1.0
2-3-1,Run1,189262781061,2.988861083984375,3.433807373046875,1.0
2-3-1,Run1,189262797717,2.803802490234375,3.433807373046875,1.0
2-3-1,Run1,189262814372,2.899078369140625,3.53192138671875,1.0
2-3-1,Run1,189262831026,2.9188232421875,3.53192138671875,1.0
2-3-1,Run1,189262847681,2.896469116210937,3.4358062744140625,1.0
2-3-1,Run1,189262864336,2.845733642578125,3.4358062744140625,1.0
2-3-1,Run1,189262880990,2.7563018798828125,3.2629318237304688,1.0
2-3-1,Run1,189262897645,2.797225952148437,3.090057373046875,1.0
2-3-1,Run1,189262914300,2.861358642578125,3.155731201171875,1.0
2-3-1,Run1,189262930955,3.029296875,3.322509765625,1.0
2-3-1,Run1,189262947610,2.8907394409179688,3.2547454833984375,0.0
2-3-1,Run1,189262964265,2.752182006835937,3.186981201171875,1.0
2-3-1,Run1,189262980920,2.8370361328125,3.1192169189453125,1.0
2-3-1,Run1,189262997574,3.0712127685546875,3.1192169189453125,1.0
2-3-1,Run1,189263014229,3.039169311523437,3.086273193359375,1.0
2-3-1,Run1,189263030884,2.783309936523437,3.053329467773437,1.0
2-3-1,Run1,189263047538,2.7678680419921875,3.053329467773437,1.0
2-3-1,Run1,189263064194,2.7488555908203125,2.998153686523437,1.0
2-3-1,Run1,189263080849,2.75390625,2.998153686523437,1.0
2-3-1,Run1,189263097503,2.7722320556640625,2.967315673828125,1.0
2-3-1,Run1,189263114158,2.681060791015625,2.967315673828125,1.0
2-3-1,Run1,189263130813,2.63287353515625,2.9654998779296875,1.0
2-3-1,Run1,189263147467,2.63287353515625,2.96368408203125,1.0
2-3-1,Run1,189263164122,2.5985260009765625,2.9618682861328125,1.0
2-3-1,Run1,189263180777,2.5985260009765625,2.9889068603515625,1.0
2-3-1,Run1,189263197432,2.5725555419921875,3.09857177734375,1.0
2-3-1,Run1,189263214087,2.5725555419921875,2.692047119140625,1.0
2-3-1,Run1,189263230742,2.618408203125,2.692047119140625,1.0
2-3-1,Run1,189263247397,2.6702880859375,3.1553192138671875,1.0
2-3-1,Run1,189263264051,2.59649658203125,3.1553192138671875,1.0
2-3-1,Run1,189263280706,2.63531494140625,3.149144490559896,1.0
2-3-1,Run1,189263297361,2.9109649658203125,3.142969767252604,1.0
2-3-1,Run1,189263314015,2.7364654541015625,3.1367950439453125,1.0
2-3-1,Run1,189263330671,2.5810699462890625,3.1367950439453125,1.0
2-3-1,Run1,189263347326,2.63897705078125,3.368881225585937,1.0
2-3-1,Run1,189263363980,2.6748504638671875,3.368881225585937,1.0
2-3-1,Run1,189263380635,2.571563720703125,3.274574279785156,1.0
2-3-1,Run1,189263397290,2.712554931640625,3.180267333984375,0.0
2-3-1,Run1,189263413944,2.853546142578125,3.0859603881835938,1.0
2-3-1,Run1,189263430599,2.7185821533203125,2.9916534423828125,1.0
2-3-1,Run1,189263447254,2.735015869140625,2.9916534423828125,1.0
2-3-1,Run1,189263463909,2.7202606201171875,2.9913608326631436,1.0
2-3-1,Run1,189263480564,2.724105834960937,2.991068222943474,1.0
2-3-1,Run1,189263497219,2.736083984375,2.9907756132238053,1.0
2-3-1,Run1,189263513874,2.7262115478515625,2.990483003504136,1.0
2-3-1,Run1,189263530528,2.71527099609375,2.990190393784467,1.0
2-3-1,Run1,189263547183,2.712142944335937,2.9898977840647976,1.0
2-3-1,Run1,189263563838,2.721282958984375,2.9896051743451286,1.0
2-3-1,Run1,189263580492,2.706039428710937,2.9893125646254592,1.0
2-3-1,Run1,189263597148,2.6820068359375,2.9890199549057903,1.0
2-3-1,Run1,189263613803,2.6634063720703125,2.988727345186121,1.0
2-3-1,Run1,189263630457,2.754013061523437,2.988434735466452,1.0
2-3-1,Run1,189263647112,2.66314697265625,2.9881421257467826,1.0
2-3-1,Run1,189263663767,2.612411499023437,2.9878495160271137,1.0
2-3-1,Run1,189263680421,2.5009765625,2.9875569063074443,1.0
2-3-1,Run1,189263697076,2.2042999267578125,2.9872642965877754,1.0
2-3-1,Run1,189263713731,2.663360595703125,2.986971686868106,1.0
2-3-1,Run1,189263730385,2.663360595703125,2.986679077148437,1.0
2-3-1,Run1,189263747041,2.5400238037109375,2.988189697265625,1.0
2-3-1,Run1,189263763696,2.41668701171875,2.995330810546875,1.0
2-3-1,Run1,189263780351,2.41668701171875,3.135553995768229,1.0
2-3-1,Run1,189263797005,2.401702880859375,3.275777180989583,1.0
2-3-1,Run1,189263813660,2.401702880859375,3.416000366210937,1.0
2-3-1,Run1,189263830315,2.4673004150390625,3.416000366210937,1.0
2-3-1,Run1,189263846969,2.5609893798828125,3.244972229003906,1.0
2-3-1,Run1,189263863624,2.5043182373046875,3.073944091796875,1.0
2-3-1,Run1,189263880280,2.475372314453125,2.9029159545898438,1.0
2-3-1,Run1,189263896934,2.52459716796875,2.7318878173828125,1.0
2-3-1,Run1,189263913589,2.456527709960937,2.7318878173828125,1.0
2-3-1,Run1,189263930244,2.177398681640625,2.9083023071289062,1.0
2-3-1,Run1,189263946898,2.3811492919921875,3.084716796875,1.0
2-3-1,Run1,189263963553,2.404876708984375,3.084716796875,1.0
2-3-1,Run1,189263980208,2.2275543212890625,3.0691146850585938,1.0
2-3-1,Run1,189263996862,2.2400360107421875,3.0535125732421875,1.0
2-3-1,Run1,189264013518,2.387664794921875,3.0379104614257812,1.0
2-3-1,Run1,189264030173,2.440338134765625,3.022308349609375,1.0
2-3-1,Run1,189264046828,2.3281402587890625,3.0067062377929688,1.0
2-3-1,Run1,189264063482,2.1863250732421875,2.9911041259765625,1.0
2-3-1,Run1,189264080137,2.346343994140625,2.9755020141601562,1.0
2-3-1,Run1,189264096792,2.394317626953125,2.95989990234375,1.0
2-3-1,Run1,189264113446,2.433868408203125,2.9442977905273438,1.0
2-3-1,Run1,189264130101,2.4141387939453125,2.9286956787109375,1.0
2-3-1,Run1,189264146757,2.39263916015625,2.9130935668945312,1.0
2-3-1,Run1,189264163411,2.391845703125,2.897491455078125,1.0
2-3-1,Run1,189264180066,2.229705810546875,2.8818893432617188,1.0
2-3-1,Run1,189264196721,2.1785888671875,2.8662872314453125,1.0
2-3-1,Run1,189264213375,2.1785888671875,2.8506851196289062,1.0
2-3-1,Run1,189264230030,2.328277587890625,2.8350830078125,1.0
2-3-1,Run1,189264246685,2.328277587890625,2.8194808959960938,1.0
2-3-1,Run1,189264263339,2.2628326416015625,2.8038787841796875,1.0
2-3-1,Run1,189264279995,2.2628326416015625,2.7882766723632812,1.0
2-3-1,Run1,189264296650,2.3419189453125,2.772674560546875,1.0
2-3-1,Run1,189264313305,2.3419189453125,2.7926025390625,1.0
2-3-1,Run1,189264329959,2.2857818603515625,2.878387451171875,1.0
2-3-1,Run1,189264346614,2.2857818603515625,3.2497711181640625,1.0
2-3-1,Run1,189264363269,2.2946014404296875,3.2497711181640625,1.0
2-3-1,Run1,189264379923,2.2946014404296875,3.086700439453125,1.0
2-3-1,Run1,189264396578,2.35577392578125,2.863861083984375,1.0
2-3-1,Run1,189264413234,2.35577392578125,2.90814208984375,1.0
2-3-1,Run1,189264429888,2.3313446044921875,3.3138427734375,1.0
2-3-1,Run1,189264446543,2.461181640625,3.3073598543802896,1.0
2-3-1,Run1,189264463198,2.7488555908203125,3.3008769353230796,1.0
2-3-1,Run1,189264479852,2.51708984375,3.294394016265869,0.0
2-3-1,Run1,189264496507,2.2853240966796875,3.2879110972086587,1.0
2-3-1,Run1,189264513162,2.2853240966796875,3.2814281781514487,1.0
2-3-1,Run1,189264529816,2.388763427734375,3.2749452590942383,1.0
2-3-1,Run1,189264546472,2.388763427734375,3.268462340037028,1.0
2-3-1,Run1,189264563127,2.2607421875,3.261979420979818,1.0
2-3-1,Run1,189264579782,2.327972412109375,3.2554965019226074,1.0
2-3-1,Run1,189264596436,2.306503295898437,3.249013582865397,1.0
2-3-1,Run1,189264613091,2.2256317138671875,3.242530663808187,1.0
2-3-1,Run1,189264629746,2.283721923828125,3.2360477447509766,1.0
2-3-1,Run1,189264646400,2.283721923828125,3.229564825693766,1.0
2-3-1,Run1,189264663055,2.2927703857421875,3.223081906636556,1.0
2-3-1,Run1,189264679711,2.2927703857421875,3.2165989875793457,1.0
2-3-1,Run1,189264696365,2.3634490966796875,3.2101160685221353,1.0
2-3-1,Run1,189264713020,2.3634490966796875,3.2036331494649253,1.0
2-3-1,Run1,189264729675,2.09619140625,3.197150230407715,1.0
2-3-1,Run1,189264746329,2.09619140625,3.1906673113505044,1.0
2-3-1,Run1,189264762984,2.29290771484375,3.1841843922932944,1.0
2-3-1,Run1,189264779639,2.426025390625,3.177701473236084,1.0
2-3-1,Run1,189264796293,2.372161865234375,3.1712185541788735,1.0
2-3-1,Run1,189264812949,2.20819091796875,3.1647356351216636,1.0
2-3-1,Run1,189264829604,2.0937957763671875,3.158252716064453,1.0
2-3-1,Run1,189264846259,2.0937957763671875,3.1517697970072427,1.0
2-3-1,Run1,189264862913,2.1605224609375,3.1452868779500327,1.0
2-3-1,Run1,189264879568,2.1605224609375,3.1388039588928223,1.0
2-3-1,Run1,189264896223,2.1591339111328125,3.132321039835612,1.0
2-3-1,Run1,189264912877,2.3923492431640625,3.125838120778402,1.0
2-3-1,Run1,189264929532,2.4636688232421875,3.1193552017211914,1.0
2-3-1,Run1,189264946188,2.26214599609375,3.112872282663981,1.0
2-3-1,Run1,189264962842,2.286895751953125,3.106389363606771,1.0
2-3-1,Run1,189264979497,2.286895751953125,3.0999064445495605,1.0
2-3-1,Run1,189264996152,2.2528228759765625,3.09342352549235,1.0
2-3-1,Run1,189265012806,2.2528228759765625,3.08694060643514,1.0
2-3-1,Run1,189265029461,2.2006988525390625,3.0804576873779297,1.0
2-3-1,Run1,189265046116,2.37127685546875,3.0739747683207193,1.0
2-3-1,Run1,189265062770,2.396148681640625,3.0674918492635093,1.0
2-3-1,Run1,189265079426,2.314910888671875,3.061008930206299,1.0
2-3-1,Run1,189265096081,2.306060791015625,3.0545260111490884,1.0
2-3-1,Run1,189265112736,2.234481811523437,3.0480430920918784,1.0
2-3-1,Run1,189265129390,2.2145538330078125,3.041560173034668,1.0
2-3-1,Run1,189265146045,2.368011474609375,3.0350772539774575,1.0
2-3-1,Run1,189265162700,2.434799194335937,3.0285943349202475,1.0
2-3-1,Run1,189265179354,2.455230712890625,3.022111415863037,1.0
2-3-1,Run1,189265196009,2.4821929931640625,3.0156284968058267,1.0
2-3-1,Run1,189265212665,2.39825439453125,3.0091455777486167,1.0
2-3-1,Run1,189265229319,2.28631591796875,3.0026626586914062,1.0
2-3-1,Run1,189265245974,2.450225830078125,2.996179739634196,1.0
2-3-1,Run1,189265262629,2.421875,2.989696820576986,1.0
2-3-1,Run1,189265279283,2.24273681640625,2.9832139015197754,1.0
2-3-1,Run1,189265295938,2.310211181640625,2.976730982462565,1.0
2-3-1,Run1,189265312593,2.310211181640625,2.970248063405355,1.0
2-3-1,Run1,189265329247,2.395843505859375,2.9637651443481445,1.0
2-3-1,Run1,189265345903,2.395843505859375,2.957282225290934,1.0
2-3-1,Run1,189265362558,2.420394897460937,2.950799306233724,1.0
2-3-1,Run1,189265379213,2.480377197265625,2.9443163871765137,1.0
2-3-1,Run1,189265395867,2.4941558837890625,2.9378334681193032,1.0
2-3-1,Run1,189265412522,2.4398193359375,2.9313505490620932,1.0
2-3-1,Run1,189265429177,2.4456939697265625,2.924867630004883,1.0
2-3-1,Run1,189265445831,2.604339599609375,2.9183847109476724,1.0
2-3-1,Run1,189265462486,2.597763061523437,2.9119017918904624,1.0
2-3-1,Run1,189265479142,2.433212280273437,2.905418872833252,1.0
2-3-1,Run1,189265495796,2.480377197265625,2.8989359537760415,1.0
2-3-1,Run1,189265512451,2.558502197265625,2.8924530347188315,1.0
2-3-1,Run1,189265529106,2.54986572265625,2.885970115661621,1.0
2-3-1,Run1,189265545760,2.58526611328125,2.8794871966044107,1.0
2-3-1,Run1,189265562415,2.5669708251953125,2.8730042775472007,1.0
2-3-1,Run1,189265579070,2.45599365234375,2.8665213584899902,1.0
2-3-1,Run1,189265595724,2.4746246337890625,2.86003843943278,1.0
2-3-1,Run1,189265612380,2.51068115234375,2.85355552037557,1.0
2-3-1,Run1,189265629035,2.521697998046875,2.8470726013183594,1.0
2-3-1,Run1,189265645690,2.479339599609375,2.840589682261149,1.0
2-3-1,Run1,189265662344,2.400665283203125,2.834106763203939,1.0
2-3-1,Run1,189265678999,2.4866180419921875,2.8276238441467285,1.0
2-3-1,Run1,189265695654,2.5125732421875,2.821140925089518,1.0
2-3-1,Run1,189265712308,2.4402008056640625,2.814658006032308,1.0
2-3-1,Run1,189265728963,2.389144897460937,2.8081750869750977,1.0
2-3-1,Run1,189265745619,2.5288543701171875,2.8016921679178877,1.0
2-3-1,Run1,189265762273,2.562591552734375,2.7952092488606772,1.0
2-3-1,Run1,189265778928,2.439239501953125,2.788726329803467,1.0
2-3-1,Run1,189265795583,2.420440673828125,2.782243410746257,1.0
2-3-1,Run1,189265812237,2.420440673828125,2.7757604916890464,1.0
2-3-1,Run1,189265828892,2.3818359375,2.769277572631836,1.0
2-3-1,Run1,189265845547,2.3818359375,2.762794653574626,1.0
2-3-1,Run1,189265862201,2.375396728515625,2.7563117345174155,1.0
2-3-1,Run1,189265878857,2.375396728515625,2.749828815460205,1.0
2-3-1,Run1,189265895512,2.37982177734375,2.743345896402995,1.0
2-3-1,Run1,189265912167,2.47705078125,2.7368629773457847,1.0
2-3-1,Run1,189265928821,2.443832397460937,2.730380058288574,1.0
2-3-1,Run1,189265945476,2.379669189453125,2.7238971392313642,1.0
2-3-1,Run1,189265962131,2.37982177734375,2.717414220174154,1.0
2-3-1,Run1,189265978785,2.42303466796875,2.7109313011169434,1.0
2-3-1,Run1,189265995440,2.41241455078125,2.7044483820597334,1.0
2-3-1,Run1,189266012096,2.308349609375,2.697965463002523,1.0
2-3-1,Run1,189266028750,2.36614990234375,2.6914825439453125,1.0
2-3-1,Run1,189266045405,2.36614990234375,2.6914825439453125,1.0
2-3-1,Run1,189266062060,2.2396697998046875,2.7694854736328125,1.0
2-3-1,Run1,189266078714,2.37591552734375,2.8339996337890625,1.0
2-3-1,Run1,189266095369,2.3457489013671875,2.8117218017578125,1.0
2-3-1,Run1,189266112024,2.307769775390625,2.747314453125,1.0
2-3-1,Run1,189266128678,2.2918701171875,2.7503814697265625,1.0
2-3-1,Run1,189266145334,2.2909698486328125,2.82415771484375,1.0
2-3-1,Run1,189266161989,2.299789428710937,3.087554931640625,1.0
2-3-1,Run1,189266178644,2.1842041015625,2.7585906982421875,1.0
2-3-1,Run1,189266195298,2.0027618408203125,2.7585906982421875,1.0
2-3-1,Run1,189266211953,2.240219116210937,2.7734909057617188,1.0
2-3-1,Run1,189266228608,2.283187866210937,2.78839111328125,1.0
2-3-1,Run1,189266245262,2.240142822265625,2.78839111328125,1.0
2-3-1,Run1,189266261917,2.345077514648437,2.7442169189453125,1.0
2-3-1,Run1,189266278573,2.3643798828125,2.8087921142578125,1.0
2-3-1,Run1,189266295227,2.2237091064453125,2.7967529296875,1.0
2-3-1,Run1,189266311882,2.0260162353515625,2.729705810546875,1.0
2-3-1,Run1,189266328537,2.1900787353515625,2.518707275390625,1.0
2-3-1,Run1,189266345191,2.340438842773437,2.620361328125,1.0
2-3-1,Run1,189266361846,2.374267578125,2.769866943359375,1.0
2-3-1,Run1,189266378501,2.2558746337890625,2.788787841796875,1.0
2-3-1,Run1,189266395155,2.2487945556640625,2.76263427734375,1.0
2-3-1,Run1,189266411811,2.383270263671875,2.667449951171875,1.0
2-3-1,Run1,189266428466,2.633636474609375,2.672443157693614,1.0
2-3-1,Run1,189266445121,2.6188987731933593,2.677436364215353,0.0
2-3-1,Run1,189266461775,2.6041610717773436,2.682429570737092,0.0
2-3-1,Run1,189266478430,2.5894233703613283,2.6874227772588317,0.0
2-3-1,Run1,189266495085,2.5746856689453126,2.692415983780571,0.0
2-3-1,Run1,189266511739,2.559947967529297,2.69740919030231,0.0
2-3-1,Run1,189266528394,2.545210266113281,2.702402396824049,0.0
2-3-1,Run1,189266545050,2.5304725646972654,2.707395603345788,0.0
2-3-1,Run1,189266561704,2.51573486328125,2.712388809867527,0.0
2-3-1,Run1,189266578359,2.5009971618652345,2.717382016389266,0.0
2-3-1,Run1,189266609821,2.4862594604492188,2.7223752229110056,0.0
2-3-1,Run1,189266626476,2.471521759033203,2.7273684294327447,0.0
2-3-1,Run1,189266643130,2.4567840576171873,2.732361635954484,0.0
2-3-1,Run1,189266659785,2.442046356201172,2.737354842476223,0.0
2-3-1,Run1,189266676440,2.4273086547851563,2.742348048997962,0.0
2-3-1,Run1,189266693096,2.4125709533691406,2.747341255519701,0.0
2-3-1,Run1,189266726518,2.397833251953125,2.75233446204144,0.0
2-3-1,Run1,189266743173,2.383095550537109,2.757327668563179,0.0
2-3-1,Run1,189266759828,2.368357849121094,2.7623208750849186,0.0
2-3-1,Run1,189266776483,2.353620147705078,2.7673140816066577,0.0
2-3-1,Run1,189266793137,2.3388824462890625,2.7723072881283968,1.0
2-3-1,Run1,189266809792,2.5445098876953125,2.777300494650136,1.0
2-3-1,Run1,189266826448,2.577850341796875,2.782293701171875,1.0
2-3-1,Run1,189266843102,2.5888671875,2.787286907693614,1.0
2-3-1,Run1,189266859757,2.63165283203125,2.792280114215353,1.0
2-3-1,Run1,189266876412,2.6059112548828125,2.7972733207370926,1.0
2-3-1,Run1,189266893066,2.591522216796875,2.8022665272588316,1.0
2-3-1,Run1,189266909721,2.6182098388671875,2.8072597337805707,1.0
2-3-1,Run1,189266926376,2.814117431640625,2.8122529403023098,1.0
2-3-1,Run1,189266943030,2.7832183837890625,2.817246146824049,1.0
2-3-1,Run1,189266959686,2.643646240234375,2.822239353345788,1.0
2-3-1,Run1,189266976341,2.668548583984375,2.827232559867527,1.0
2-3-1,Run1,189266992995,2.8372344970703125,2.8322257663892665,1.0
2-3-1,Run1,189267009650,2.801971435546875,2.8372189729110056,1.0
2-3-1,Run1,189267026305,2.6545562744140625,2.8422121794327446,1.0
2-3-1,Run1,189267042960,2.6924285888671875,2.8472053859544837,1.0
2-3-1,Run1,189267059614,2.706527709960937,2.8521985924762228,1.0
2-3-1,Run1,189267076269,2.678863525390625,2.857191798997962,1.0
2-3-1,Run1,189267092925,2.69964599609375,2.862185005519701,1.0
2-3-1,Run1,189267109579,2.7283172607421875,2.8671782120414404,1.0
2-3-1,Run1,189267126234,2.718353271484375,2.8721714185631795,1.0
2-3-1,Run1,189267142889,2.7028350830078125,2.8771646250849185,1.0
2-3-1,Run1,189267159543,2.737411499023437,2.8821578316066576,1.0
2-3-1,Run1,189267176198,2.755340576171875,2.8871510381283967,1.0
2-3-1,Run1,189267192853,2.739410400390625,2.8921442446501358,1.0
2-3-1,Run1,189267209507,2.746734619140625,2.897137451171875,1.0
2-3-1,Run1,189267226163,2.7642974853515625,2.902130657693614,1.0
2-3-1,Run1,189267242818,2.7471160888671875,2.9071238642153534,1.0
2-3-1,Run1,189267259472,2.74029541015625,2.9121170707370925,1.0
2-3-1,Run1,189267276127,2.7872772216796875,2.9171102772588315,1.0
2-3-1,Run1,189267292782,2.777618408203125,2.9221034837805706,1.0
2-3-1,Run1,189267309437,2.7430419921875,2.9270966903023097,1.0
2-3-1,Run1,189267326091,2.75213623046875,2.9320898968240487,1.0
2-3-1,Run1,189267342745,2.7391815185546875,2.9370831033457883,1.0
2-3-1,Run1,189267359401,2.7574920654296875,2.9420763098675273,1.0
2-3-1,Run1,189267376055,2.6737060546875,2.9470695163892664,1.0
2-3-1,Run1,189267392710,2.665230645073785,2.9520627229110055,0.0
2-3-1,Run1,189267409365,2.6567552354600696,2.9570559294327445,0.0
2-3-1,Run1,189267426019,2.648279825846354,2.9620491359544836,0.0
2-3-1,Run1,189267442674,2.639804416232639,2.9670423424762227,0.0
2-3-1,Run1,189267459329,2.6313290066189237,2.9720355489979617,0.0
2-3-1,Run1,189267475983,2.6228535970052085,2.9770287555197013,0.0
2-3-1,Run1,189267492639,2.614378187391493,2.9820219620414403,0.0
2-3-1,Run1,189267509294,2.6059027777777777,2.9870151685631794,0.0
2-3-1,Run1,189267525948,2.5974273681640625,2.9920083750849185,1.0
2-3-1,Run1,189267542603,2.7092742919921875,2.9970015816066575,1.0
2-3-1,Run1,189267559258,2.7412567138671875,3.0019947881283966,1.0
2-3-1,Run1,189267575913,2.743194580078125,3.0069879946501357,1.0
2-3-1,Run1,189267592567,2.7393951416015625,3.011981201171875,1.0
2-3-1,Run1,189267609222,2.7595367431640625,3.0169744076936142,1.0
2-3-1,Run1,189267625878,2.7431182861328125,3.0219676142153533,1.0
2-3-1,Run1,189267642532,2.7738037109375,3.0269608207370924,1.0
2-3-1,Run1,189267659187,2.80255126953125,3.0319540272588315,1.0
2-3-1,Run1,189267675842,2.8316650390625,3.0369472337805705,1.0
2-3-1,Run1,189267692496,2.8365478515625,3.0419404403023096,1.0
2-3-1,Run1,189267709151,2.8229217529296875,3.0469336468240487,1.0
2-3-1,Run1,189267725806,2.8199005126953125,3.051926853345788,1.0
2-3-1,Run1,189267742460,2.8036041259765625,3.0569200598675272,1.0
2-3-1,Run1,189267759116,2.8206024169921875,3.0619132663892663,1.0
2-3-1,Run1,189267775771,2.828887939453125,3.0669064729110054,1.0
2-3-1,Run1,189267792425,2.838775634765625,3.0718996794327444,1.0
2-3-1,Run1,189267809080,2.8509063720703125,3.0768928859544835,1.0
2-3-1,Run1,189267825735,2.8508453369140625,3.081886092476223,1.0
2-3-1,Run1,189267842390,2.85150146484375,3.086879298997962,1.0
2-3-1,Run1,189267859044,3.0029754638671875,3.091872505519701,1.0
2-3-1,Run1,189267875699,2.8594894409179688,3.0968657120414402,0.0
2-3-1,Run1,189267892355,2.71600341796875,3.1018589185631793,1.0
2-3-1,Run1,189267909009,2.8495635986328125,3.1068521250849184,1.0
2-3-1,Run1,189267925664,2.8774871826171875,3.1118453316066574,1.0
2-3-1,Run1,189267942319,2.795623779296875,3.1168385381283965,1.0
2-3-1,Run1,189267958973,2.758880615234375,3.121831744650136,1.0
2-3-1,Run1,189267975628,2.834823608398437,3.126824951171875,1.0
2-3-1,Run1,189267992283,2.8398590087890625,3.131818157693614,1.0
2-3-1,Run1,189268008937,2.8233184814453125,3.1368113642153532,1.0
2-3-1,Run1,189268025592,2.815948486328125,3.1418045707370923,1.0
2-3-1,Run1,189268042247,2.78228759765625,3.1467977772588314,1.0
2-3-1,Run1,189268058901,2.763763427734375,3.151790983780571,1.0
2-3-1,Run1,189268075556,2.7605133056640625,3.15678419030231,1.0
2-3-1,Run1,189268092211,2.88433837890625,3.161777396824049,1.0
2-3-1,Run1,189268108866,2.938232421875,3.166770603345788,1.0
2-3-1,Run1,189268125520,2.791534423828125,3.171763809867527,1.0
2-3-1,Run1,189268142175,2.791366577148437,3.176757016389266,1.0
2-3-1,Run1,189268158831,2.7946929931640625,3.1817502229110053,1.0
2-3-1,Run1,189268175485,2.792205810546875,3.1867434294327444,1.0
2-3-1,Run1,189268192140,2.9403076171875,3.1917366359544834,1.0
2-3-1,Run1,189268208795,2.9415283203125,3.196729842476223,1.0
2-3-1,Run1,189268225449,2.7926177978515625,3.201723048997962,1.0
2-3-1,Run1,189268242104,2.8123321533203125,3.206716255519701,1.0
2-3-1,Run1,189268258759,2.832244873046875,3.21170946204144,1.0
2-3-1,Run1,189268275413,2.824005126953125,3.216702668563179,1.0
2-3-1,Run1,189268292069,2.9627685546875,3.2216958750849187,1.0
2-3-1,Run1,189268308724,2.945465087890625,3.226689081606658,1.0
2-3-1,Run1,189268325378,2.806503295898437,3.231682288128397,1.0
2-3-1,Run1,189268342033,2.7077178955078125,3.236675494650136,1.0
2-3-1,Run1,189268358688,2.6609344482421875,3.241668701171875,1.0
2-3-1,Run1,189268375343,2.6609344482421875,3.241668701171875,1.0
2-3-1,Run1,189268391997,2.73785400390625,3.2786407470703125,0.0
2-3-1,Run1,189268408652,2.8147735595703125,3.31561279296875,1.0
2-3-1,Run1,189268425308,2.728988647460937,3.265731811523437,1.0
2-3-1,Run1,189268441962,2.819122314453125,3.3029022216796875,1.0
2-3-1,Run1,189268458617,2.7965240478515625,3.4081268310546875,1.0
2-3-1,Run1,189268475272,2.78363037109375,3.40399169921875,1.0
2-3-1,Run1,189268491926,2.81170654296875,3.40399169921875,1.0
2-3-1,Run1,189268508581,2.815536499023437,3.349207560221354,1.0
2-3-1,Run1,189268525236,2.8361053466796875,3.2944234212239585,1.0
2-3-1,Run1,189268541890,2.807723999023437,3.2396392822265625,1.0
2-3-1,Run1,189268558546,2.8197784423828125,3.1848551432291665,1.0
2-3-1,Run1,189268575201,2.73681640625,3.130071004231771,1.0
2-3-1,Run1,189268591854,2.7081778390066966,3.075286865234375,0.0
2-3-1,Run1,189268608510,2.679539271763393,3.020502726236979,0.0
2-3-1,Run1,189268625165,2.6509007045200894,2.9657185872395835,0.0
2-3-1,Run1,189268641820,2.6222621372767856,2.9109344482421875,0.0
2-3-1,Run1,189268658474,2.593623570033482,2.8561503092447915,0.0
2-3-1,Run1,189268675129,2.5649850027901784,2.8013661702473955,0.0
2-3-1,Run1,189268691784,2.536346435546875,2.74658203125,1.0
2-3-1,Run1,189268708438,2.700103759765625,2.74658203125,1.0
2-3-1,Run1,189268725093,2.821319580078125,2.907831827799479,1.0
2-3-1,Run1,189268741749,2.812652587890625,3.069081624348958,1.0
2-3-1,Run1,189268758403,2.7818145751953125,3.230331420898437,1.0
2-3-1,Run1,189268775057,2.79364013671875,3.230331420898437,1.0
2-3-1,Run1,189268791712,2.80865478515625,3.24017333984375,1.0
2-3-1,Run1,189268808366,2.773910522460937,3.24017333984375,1.0
2-3-1,Run1,189268825022,2.753143310546875,3.224517822265625,1.0
2-3-1,Run1,189268841677,2.820892333984375,3.224517822265625,1.0
2-3-1,Run1,189268858331,2.842620849609375,3.3357009887695312,1.0
2-3-1,Run1,189268874986,2.84423828125,3.446884155273437,1.0
2-3-1,Run1,189268891641,2.818511962890625,3.446884155273437,1.0
2-3-1,Run1,189268908296,2.843780517578125,3.426266479492187,1.0
2-3-1,Run1,189268924950,2.860626220703125,3.405648803710937,1.0
2-3-1,Run1,189268941605,2.857528686523437,3.385031127929687,1.0
2-3-1,Run1,189268958261,2.838531494140625,3.3644134521484372,1.0
2-3-1,Run1,189268974915,2.8307342529296875,3.343795776367187,1.0
2-3-1,Run1,189268991570,2.83807373046875,3.323178100585937,1.0
2-3-1,Run1,189269008225,2.8237762451171875,3.302560424804687,1.0
2-3-1,Run1,189269024879,2.98388671875,3.281942749023437,1.0
2-3-1,Run1,189269041534,2.8346405029296875,3.2613250732421872,0.0
2-3-1,Run1,189269058189,2.685394287109375,3.240707397460937,1.0
2-3-1,Run1,189269074843,2.775115966796875,3.360107421875,1.0
2-3-1,Run1,189269091499,2.783966064453125,3.376953125,1.0
2-3-1,Run1,189269108154,2.817047119140625,3.29827880859375,1.0
2-3-1,Run1,189269124808,2.80865478515625,3.275909423828125,1.0
2-3-1,Run1,189269141463,2.792022705078125,3.223358154296875,1.0
2-3-1,Run1,189269158118,2.8067626953125,3.244369506835937,1.0
2-3-1,Run1,189269174773,2.8269195556640625,3.244369506835937,1.0
2-3-1,Run1,189269191427,2.83441162109375,3.264190673828125,1.0
2-3-1,Run1,189269208082,2.8103790283203125,3.31976318359375,1.0
2-3-1,Run1,189269224737,2.8284454345703125,3.317901611328125,1.0
2-3-1,Run1,189269241391,2.828720092773437,3.3303680419921875,1.0
2-3-1,Run1,189269258046,2.8226776123046875,3.4533843994140625,1.0
2-3-1,Run1,189269274701,2.8510284423828125,3.46771240234375,1.0
2-3-1,Run1,189269291356,2.9832000732421875,3.46771240234375,1.0
2-3-1,Run1,189269308011,2.969451904296875,3.4483585357666016,1.0
2-3-1,Run1,189269324666,2.8263397216796875,3.429004669189453,1.0
2-3-1,Run1,189269341320,2.83026123046875,3.4096508026123047,1.0
2-3-1,Run1,189269357975,2.8464813232421875,3.3902969360351562,1.0
2-3-1,Run1,189269374630,2.8163604736328125,3.370943069458008,1.0
2-3-1,Run1,189269391284,2.8065948486328125,3.3515892028808594,1.0
2-3-1,Run1,189269407939,2.8485260009765625,3.332235336303711,1.0
2-3-1,Run1,189269424595,2.8501434326171875,3.3128814697265625,1.0
2-3-1,Run1,189269441250,2.8292999267578125,3.3975982666015625,1.0
2-3-1,Run1,189269457904,2.9578094482421875,3.56219482421875,1.0
2-3-1,Run1,189269474559,3.00341796875,3.54681396484375,1.0
2-3-1,Run1,189269491214,2.8485870361328125,3.3850555419921875,1.0
2-3-1,Run1,189269507868,2.8233795166015625,3.40545654296875,1.0
2-3-1,Run1,189269524523,2.8204345703125,3.590850830078125,1.0
2-3-1,Run1,189269541178,2.72998046875,3.5249481201171875,1.0
2-3-1,Run1,189269557832,2.7017364501953125,3.5249481201171875,1.0
2-3-1,Run1,189269574487,2.7017364501953125,3.5165189107259116,1.0
2-3-1,Run1,189269591142,2.83856201171875,3.5080897013346353,0.0
2-3-1,Run1,189269607796,2.9753875732421875,3.4996604919433594,1.0
2-3-1,Run1,189269624452,2.8473052978515625,3.4912312825520835,1.0
2-3-1,Run1,189269641107,2.847320556640625,3.482802073160807,1.0
2-3-1,Run1,189269657761,2.8397369384765625,3.4743728637695312,1.0
2-3-1,Run1,189269674416,2.8349761962890625,3.4659436543782554,1.0
2-3-1,Run1,189269691071,2.8154754638671875,3.457514444986979,1.0
2-3-1,Run1,189269707726,2.813629150390625,3.449085235595703,1.0
2-3-1,Run1,189269724380,2.818634033203125,3.4406560262044272,1.0
2-3-1,Run1,189269741035,2.8354034423828125,3.432226816813151,1.0
2-3-1,Run1,189269757691,2.8114776611328125,3.423797607421875,1.0
2-3-1,Run1,189269774345,2.7978668212890625,3.415368398030599,1.0
2-3-1,Run1,189269791000,2.8119354248046875,3.4069391886393228,1.0
2-3-1,Run1,189269807655,2.8177947998046875,3.398509979248047,1.0
2-3-1,Run1,189269824309,2.81695556640625,3.390080769856771,1.0
2-3-1,Run1,189269840964,2.806427001953125,3.3816515604654946,1.0
2-3-1,Run1,189269857619,2.95263671875,3.3732223510742188,1.0
2-3-1,Run1,189269874273,3.0359344482421875,3.364793141682943,1.0
2-3-1,Run1,189269890928,2.8673553466796875,3.3563639322916665,1.0
2-3-1,Run1,189269907583,2.835205078125,3.3479347229003906,1.0
2-3-1,Run1,189269924237,2.84393310546875,3.3395055135091147,1.0
2-3-1,Run1,189269940892,2.8773956298828125,3.3310763041178384,1.0
2-3-1,Run1,189269957548,2.889984130859375,3.3226470947265625,1.0
2-3-1,Run1,189269974203,2.8752593994140625,3.3607330322265625,1.0
2-3-1,Run1,189269990857,2.855072021484375,3.3361358642578125,1.0
2-3-1,Run1,189270007512,2.84539794921875,3.3824920654296875,1.0
2-3-1,Run1,189270024167,2.8678436279296875,3.5940093994140625,1.0
2-3-1,Run1,189270040821,2.87469482421875,3.66619873046875,1.0
2-3-1,Run1,189270057476,2.863128662109375,3.423614501953125,1.0
2-3-1,Run1,189270074131,2.8516845703125,3.3825836181640625,1.0
2-3-1,Run1,189270090786,2.852035522460937,3.542266845703125,1.0
2-3-1,Run1,189270107441,2.768798828125,3.493341064453125,1.0
2-3-1,Run1,189270124096,2.820068359375,3.444415283203125,0.0
2-3-1,Run1,189270140750,2.871337890625,3.395489501953125,0.0
2-3-1,Run1,189270157405,2.922607421875,3.346563720703125,0.0
2-3-1,Run1,189270174060,2.973876953125,3.297637939453125,0.0
2-3-1,Run1,189270190714,3.025146484375,3.248712158203125,0.0
2-3-1,Run1,189270207369,3.076416015625,3.199786376953125,0.0
2-3-1,Run1,189270224024,3.127685546875,3.150860595703125,1.0
2-3-1,Run1,189270240679,3.127685546875,3.101934814453125,1.0
2-3-1,Run1,189270257333,2.6797332763671875,3.053009033203125,1.0
2-3-1,Run1,189270273988,2.771270751953125,3.053009033203125,1.0
2-3-1,Run1,189270290643,2.9408111572265625,3.0568467663180443,1.0
2-3-1,Run1,189270307298,2.938507080078125,3.0606844994329636,1.0
2-3-1,Run1,189270323953,2.809906005859375,3.064522232547883,1.0
2-3-1,Run1,189270340608,2.8396148681640625,3.0683599656628022,1.0
2-3-1,Run1,189270357262,2.834320068359375,3.072197698777722,1.0
2-3-1,Run1,189270373917,2.830413818359375,3.0760354318926413,1.0
2-3-1,Run1,189270390572,2.992660522460937,3.0798731650075606,1.0
2-3-1,Run1,189270407226,3.0039520263671875,3.08371089812248,1.0
2-3-1,Run1,189270423881,2.878402709960937,3.087548631237399,1.0
2-3-1,Run1,189270440537,2.8756561279296875,3.0913863643523185,1.0
2-3-1,Run1,189270457191,2.8934783935546875,3.095224097467238,1.0
2-3-1,Run1,189270473845,2.9037322998046875,3.099061830582157,1.0
2-3-1,Run1,189270490500,2.917724609375,3.1028995636970764,1.0
2-3-1,Run1,189270507156,2.9359130859375,3.106737296811996,1.0
2-3-1,Run1,189270523810,2.9622802734375,3.1105750299269155,1.0
2-3-1,Run1,189270540465,2.9794158935546875,3.114412763041835,1.0
2-3-1,Run1,189270557120,3.00762939453125,3.118250496156754,1.0
2-3-1,Run1,189270573774,3.0055389404296875,3.1220882292716734,1.0
2-3-1,Run1,189270590429,2.9741973876953125,3.1259259623865927,1.0
2-3-1,Run1,189270607084,2.977691650390625,3.129763695501512,1.0
2-3-1,Run1,189270623738,2.97955322265625,3.1336014286164313,1.0
2-3-1,Run1,189270640394,2.9825897216796875,3.1374391617313506,1.0
2-3-1,Run1,189270657049,2.9895782470703125,3.1412768948462704,1.0
2-3-1,Run1,189270673703,2.98681640625,3.1451146279611897,1.0
2-3-1,Run1,189270690358,2.980712890625,3.148952361076109,1.0
2-3-1,Run1,189270707013,2.966903686523437,3.1527900941910283,1.0
2-3-1,Run1,189270723667,2.9652557373046875,3.1566278273059476,1.0
2-3-1,Run1,189270740322,2.968612670898437,3.160465560420867,1.0
2-3-1,Run1,189270756977,2.98077392578125,3.164303293535786,1.0
2-3-1,Run1,189270773633,2.9965057373046875,3.1681410266507055,1.0
2-3-1,Run1,189270790287,2.97503662109375,3.171978759765625,1.0
2-3-1,Run1,189270806942,2.9824676513671875,3.1758164928805446,1.0
2-3-1,Run1,189270823597,2.976104736328125,3.179654225995464,1.0
2-3-1,Run1,189270840251,2.967376708984375,3.183491959110383,1.0
2-3-1,Run1,189270856906,2.9722137451171875,3.1873296922253025,1.0
2-3-1,Run1,189270873561,2.9735565185546875,3.191167425340222,1.0
2-3-1,Run1,189270890215,2.9757080078125,3.195005158455141,1.0
2-3-1,Run1,189270906871,2.9664764404296875,3.1988428915700604,1.0
2-3-1,Run1,189270923525,2.9751434326171875,3.2026806246849797,1.0
2-3-1,Run1,189270940179,2.977447509765625,3.206518357799899,1.0
2-3-1,Run1,189270956834,2.961273193359375,3.2103560909148188,1.0
2-3-1,Run1,189270973490,2.96881103515625,3.214193824029738,1.0
2-3-1,Run1,189270990144,3.124252319335937,3.2180315571446574,1.0
2-3-1,Run1,189271006799,3.1255357072160046,3.2218692902595767,0.0
2-3-1,Run1,189271023454,3.126819095096072,3.225707023374496,0.0
2-3-1,Run1,189271040109,3.1281024829761397,3.2295447564894153,0.0
2-3-1,Run1,189271056763,3.1293858708562072,3.2333824896043346,0.0
2-3-1,Run1,189271073418,3.1306692587362748,3.237220222719254,0.0
2-3-1,Run1,189271090073,3.1319526466163423,3.241057955834173,0.0
2-3-1,Run1,189271106727,3.13323603449641,3.244895688949093,0.0
2-3-1,Run1,189271123382,3.1345194223764774,3.2487334220640123,0.0
2-3-1,Run1,189271140037,3.135802810256545,3.2525711551789316,0.0
2-3-1,Run1,189271156691,3.137086198136613,3.256408888293851,0.0
2-3-1,Run1,189271173347,3.1383695860166805,3.26024662140877,0.0
2-3-1,Run1,189271190002,3.139652973896748,3.2640843545236895,0.0
2-3-1,Run1,189271206656,3.1409363617768156,3.267922087638609,0.0
2-3-1,Run1,189271223311,3.142219749656883,3.271759820753528,0.0
2-3-1,Run1,189271239966,3.1435031375369507,3.2755975538684474,0.0
2-3-1,Run1,189271256620,3.144786525417018,3.2794352869833667,0.0
2-3-1,Run1,189271273275,3.1460699132970857,3.2832730200982865,0.0
2-3-1,Run1,189271289930,3.1473533011771533,3.287110753213206,0.0
2-3-1,Run1,189271306586,3.148636689057221,3.290948486328125,0.0
2-3-1,Run1,189271323240,3.1499200769372884,3.2947862194430444,0.0
2-3-1,Run1,189271339895,3.151203464817356,3.2986239525579637,0.0
2-3-1,Run1,189271356550,3.1524868526974235,3.302461685672883,0.0
2-3-1,Run1,189271373204,3.153770240577491,3.3062994187878023,0.0
2-3-1,Run1,189271389859,3.1550536284575585,3.3101371519027216,0.0
2-3-1,Run1,189271406514,3.156337016337626,3.3139748850176414,0.0
2-3-1,Run1,189271423168,3.1576204042176936,3.3178126181325602,0.0
2-3-1,Run1,189271439824,3.158903792097761,3.32165035124748,0.0
2-3-1,Run1,189271456479,3.160187179977829,3.3254880843623993,0.0
2-3-1,Run1,189271473133,3.1614705678578967,3.3293258174773186,0.0
2-3-1,Run1,189271489788,3.1627539557379643,3.333163550592238,0.0
2-3-1,Run1,189271506443,3.164037343618032,3.337001283707157,0.0
2-3-1,Run1,189271523097,3.1653207314980993,3.3408390168220765,0.0
2-3-1,Run1,189271539752,3.166604119378167,3.344676749936996,0.0
2-3-1,Run1,189271556407,3.1678875072582344,3.348514483051915,0.0
2-3-1,Run1,189271573062,3.169170895138302,3.3523522161668344,0.0
2-3-1,Run1,189271589717,3.1704542830183695,3.356189949281754,0.0
2-3-1,Run1,189271606372,3.171737670898437,3.3600276823966735,0.0
2-3-1,Run1,189271623026,3.1730210587785046,3.363865415511593,0.0
2-3-1,Run1,189271639681,3.174304446658572,3.367703148626512,0.0
2-3-1,Run1,189271669854,3.1755878345386397,3.3715408817414314,0.0
2-3-1,Run1,189271686508,3.1768712224187072,3.3753786148563507,0.0
2-3-1,Run1,189271703163,3.1781546102987748,3.37921634797127,0.0
2-3-1,Run1,189271719818,3.1794379981788423,3.3830540810861893,0.0
2-3-1,Run1,189271736472,3.18072138605891,3.3868918142011086,0.0
2-3-1,Run1,189271753127,3.1820047739389774,3.3907295473160284,0.0
2-3-1,Run1,189271769782,3.1832881618190454,3.3945672804309477,0.0
2-3-1,Run1,189271786436,3.184571549699113,3.398405013545867,0.0
2-3-1,Run1,189271803091,3.1858549375791805,3.4022427466607863,0.0
2-3-1,Run1,189271819746,3.187138325459248,3.4060804797757056,0.0
2-3-1,Run1,189271836401,3.1884217133393156,3.409918212890625,0.0
2-3-1,Run1,189271853056,3.189705101219383,3.413755946005544,0.0
2-3-1,Run1,189271869711,3.1909884890994507,3.4175936791204635,0.0
2-3-1,Run1,189271886366,3.192271876979518,3.421431412235383,0.0
2-3-1,Run1,189271903020,3.1935552648595857,3.4252691453503026,0.0
2-3-1,Run1,189271919675,3.1948386527396533,3.429106878465222,0.0
2-3-1,Run1,189271936330,3.196122040619721,3.432944611580141,0.0
2-3-1,Run1,189271952984,3.1974054284997884,3.4367823446950605,0.0
2-3-1,Run1,189271969639,3.198688816379856,3.44062007780998,0.0
2-3-1,Run1,189271986295,3.1999722042599235,3.444457810924899,0.0
2-3-1,Run1,189272002949,3.201255592139991,3.4482955440398184,0.0
2-3-1,Run1,189272019604,3.2025389800200585,3.4521332771547377,0.0
2-3-1,Run1,189272054544,3.203822367900126,3.455971010269657,0.0
2-3-1,Run1,189272071199,3.2051057557801936,3.459808743384577,0.0
2-3-1,Run1,189272087854,3.206389143660261,3.463646476499496,0.0
2-3-1,Run1,189272104509,3.207672531540329,3.4674842096144154,0.0
2-3-1,Run1,189272121164,3.2089559194203967,3.4713219427293347,0.0
2-3-1,Run1,189272137819,3.2102393073004643,3.475159675844254,0.0
2-3-1,Run1,189272154474,3.211522695180532,3.4789974089591733,0.0
2-3-1,Run1,189272171128,3.2128060830605993,3.4828351420740926,0.0
2-3-1,Run1,189272187783,3.214089470940667,3.486672875189012,0.0
2-3-1,Run1,189272217848,3.2153728588207344,3.4905106083039312,0.0
2-3-1,Run1,189272234503,3.216656246700802,3.494348341418851,0.0
2-3-1,Run1,189272251159,3.2179396345808695,3.4981860745337703,0.0
2-3-1,Run1,189272267813,3.219223022460937,3.5020238076486896,0.0
2-3-1,Run1,189272284468,3.2205064103410046,3.505861540763609,0.0
2-3-1,Run1,189272318548,3.221789798221072,3.509699273878528,0.0
2-3-1,Run1,189272335203,3.2230731861011397,3.5135370069934475,0.0
2-3-1,Run1,189272351857,3.2243565739812072,3.517374740108367,0.0
2-3-1,Run1,189272368512,3.2256399618612748,3.521212473223286,0.0
2-3-1,Run1,189272385168,3.2269233497413423,3.5250502063382054,0.0
2-3-1,Run1,189272401823,3.22820673762141,3.528887939453125,0.0
2-3-1,Run1,189272418477,3.2294901255014774,3.5327256725680445,0.0
2-3-1,Run1,189272435132,3.2307735133815454,3.536563405682964,0.0
2-3-1,Run1,189272451787,3.232056901261613,3.540401138797883,0.0
2-3-1,Run1,189272468441,3.2333402891416805,3.5442388719128024,0.0
2-3-1,Run1,189272485096,3.234623677021748,3.5480766050277217,0.0
2-3-1,Run1,189272501751,3.2359070649018156,3.551914338142641,0.0
2-3-1,Run1,189272518406,3.237190452781883,3.5557520712575603,0.0
2-3-1,Run1,189272535061,3.2384738406619507,3.5595898043724796,0.0
2-3-1,Run1,189272551716,3.239757228542018,3.5634275374873994,0.0
2-3-1,Run1,189272568370,3.2410406164220857,3.5672652706023187,0.0
2-3-1,Run1,189272585025,3.2423240043021533,3.571103003717238,0.0
2-3-1,Run1,189272601680,3.243607392182221,3.5749407368321573,0.0
2-3-1,Run1,189272618334,3.2448907800622884,3.5787784699470766,0.0
2-3-1,Run1,189272634989,3.246174167942356,3.582616203061996,0.0
2-3-1,Run1,189272651644,3.2474575558224235,3.586453936176915,0.0
2-3-1,Run1,189272668300,3.248740943702491,3.5902916692918345,0.0
2-3-1,Run1,189272684954,3.2500243315825585,3.594129402406754,0.0
2-3-1,Run1,189272701609,3.251307719462626,3.5979671355216736,0.0
2-3-1,Run1,189272718264,3.2525911073426936,3.601804868636593,0.0
2-3-1,Run1,189272734918,3.253874495222761,3.605642601751512,0.0
2-3-1,Run1,189272751573,3.2551578831028287,3.6094803348664315,0.0
2-3-1,Run1,189272768228,3.2564412709828967,3.613318067981351,0.0
2-3-1,Run1,189272784882,3.2577246588629643,3.61715580109627,0.0
2-3-1,Run1,189272801538,3.259008046743032,3.6209935342111894,0.0
2-3-1,Run1,189272818193,3.2602914346230993,3.6248312673261087,0.0
2-3-1,Run1,189272834847,3.261574822503167,3.628669000441028,0.0
2-3-1,Run1,189272851502,3.2628582103832344,3.6325067335559478,0.0
2-3-1,Run1,189272868157,3.264141598263302,3.6363444666708666,0.0
2-3-1,Run1,189272884811,3.2654249861433695,3.6401821997857864,0.0
2-3-1,Run1,189272901466,3.266708374023437,3.6440199329007057,1.0
2-3-1,Run1,189272918121,3.119384765625,3.647857666015625,1.0
2-3-1,Run1,189272934777,3.1330718994140625,3.647857666015625,1.0
2-3-1,Run1,189272951431,3.1248321533203125,3.661191940307617,1.0
2-3-1,Run1,189272968086,3.1095428466796875,3.6745262145996094,1.0
2-3-1,Run1,189272984741,3.108551025390625,3.6878604888916016,1.0
2-3-1,Run1,189273001395,3.0918731689453125,3.7011947631835938,1.0
2-3-1,Run1,189273018050,3.08349609375,3.714529037475586,1.0
2-3-1,Run1,189273034705,3.0670623779296875,3.727863311767578,1.0
2-3-1,Run1,189273051359,3.1814727783203125,3.7411975860595703,1.0
2-3-1,Run1,189273068015,3.222137451171875,3.7545318603515625,1.0
2-3-1,Run1,189273084670,3.0468902587890625,3.7545318603515625,1.0
2-3-1,Run1,189273101324,2.933334350585937,3.7276636759440103,1.0
2-3-1,Run1,189273117979,2.919036865234375,3.700795491536458,1.0
2-3-1,Run1,189273134634,3.011199951171875,3.6739273071289062,1.0
2-3-1,Run1,189273151288,3.024765014648437,3.647059122721354,1.0
2-3-1,Run1,189273167943,3.02642822265625,3.620190938313802,1.0
2-3-1,Run1,189273184598,3.0181427001953125,3.59332275390625,1.0
2-3-1,Run1,189273201254,2.925872802734375,3.5664545694986978,1.0
2-3-1,Run1,189273217908,2.882415771484375,3.5395863850911455,1.0
2-3-1,Run1,189273234563,2.882415771484375,3.5127182006835933,1.0
2-3-1,Run1,189273251218,2.99859619140625,3.485850016276041,0.0
2-3-1,Run1,189273267872,3.114776611328125,3.4589818318684893,1.0
2-3-1,Run1,189273284527,3.114776611328125,3.432113647460937,1.0
2-3-1,Run1,189273301182,3.2572174072265625,3.561874389648437,1.0
2-3-1,Run1,189273317836,3.2572174072265625,3.8101806640625,1.0
2-3-1,Run1,189273334492,3.045989990234375,3.6154327392578125,1.0
2-3-1,Run1,189273351147,3.045989990234375,3.420684814453125,1.0
2-3-1,Run1,189273367801,3.047698974609375,3.420684814453125,1.0
2-3-1,Run1,189273384456,3.047698974609375,3.439056396484375,1.0
2-3-1,Run1,189273401111,3.099227905273437,3.524642944335937,1.0
2-3-1,Run1,189273417765,2.920639038085937,3.7061767578125,1.0
2-3-1,Run1,189273434420,2.8971099853515625,3.680221557617188,1.0
2-3-1,Run1,189273451075,2.85772705078125,3.680221557617188,1.0
2-3-1,Run1,189273467731,2.924163818359375,3.529449462890625,1.0
2-3-1,Run1,189273484385,2.907379150390625,3.3786773681640625,1.0
2-3-1,Run1,189273501040,2.9209747314453125,3.416000366210937,1.0
2-3-1,Run1,189273517695,2.8750457763671875,3.356201171875,1.0
2-3-1,Run1,189273534349,2.7918701171875,3.2891082763671875,1.0
2-3-1,Run1,189273551004,2.8410186767578125,3.2875518798828125,1.0
2-3-1,Run1,189273567659,2.9042205810546875,3.631103515625,1.0
2-3-1,Run1,189273584313,2.88482666015625,3.4292449951171875,1.0
2-3-1,Run1,189273600969,2.8112335205078125,3.4630889892578125,1.0
2-3-1,Run1,189273617624,2.8624420166015625,3.4652862548828125,1.0
2-3-1,Run1,189273634278,2.88665771484375,3.4620819091796875,1.0
2-3-1,Run1,189273650933,3.03875732421875,3.4049530029296875,1.0
2-3-1,Run1,189273667588,3.160186767578125,3.2547760009765625,1.0
2-3-1,Run1,189273684242,2.8710479736328125,3.32684326171875,1.0
2-3-1,Run1,189273700897,2.9541778564453125,3.49212646484375,1.0
2-3-1,Run1,189273717552,2.9954071044921875,3.49969482421875,1.0
2-3-1,Run1,189273734208,2.9367828369140625,3.341766357421875,1.0
2-3-1,Run1,189273750862,2.938629150390625,3.151458740234375,1.0
2-3-1,Run1,189273767517,2.918685913085937,3.2863922119140625,1.0
2-3-1,Run1,189273784172,2.999130249023437,3.4129791259765625,1.0
2-3-1,Run1,189273800826,2.98394775390625,3.4312286376953125,1.0
2-3-1,Run1,189273817481,2.9254302978515625,3.62115478515625,1.0
2-3-1,Run1,189273834136,2.7906036376953125,3.5907821655273438,1.0
2-3-1,Run1,189273850790,2.642277308872768,3.5604095458984375,0.0
2-3-1,Run1,189273867445,2.493950980050223,3.5300369262695312,0.0
2-3-1,Run1,189273884101,2.3456246512276784,3.499664306640625,0.0
2-3-1,Run1,189273900755,2.1972983224051337,3.4692916870117188,0.0
2-3-1,Run1,189273917410,2.0489719935825894,3.4389190673828125,0.0
2-3-1,Run1,189273934065,1.9006456647600447,3.4085464477539062,0.0
2-3-1,Run1,189273950719,1.7523193359375,3.378173828125,1.0
2-3-1,Run1,189273967374,1.7523193359375,3.3478012084960938,1.0
2-3-1,Run1,189273984029,2.902984619140625,3.3174285888671875,1.0
2-3-1,Run1,189274000684,3.004730224609375,3.2870559692382812,1.0
2-3-1,Run1,189274017339,3.036895751953125,3.256683349609375,1.0
2-3-1,Run1,189274033994,3.0681304931640625,3.256683349609375,1.0
2-3-1,Run1,189274050649,3.068466186523437,3.4702911376953125,1.0
2-3-1,Run1,189274067303,3.112548828125,3.6096038818359375,1.0
2-3-1,Run1,189274083958,3.134002685546875,4.005462646484375,1.0
2-3-1,Run1,189274100613,3.131805419921875,3.864501953125,1.0
2-3-1,Run1,189274117267,3.15338134765625,3.864501953125,1.0
2-3-1,Run1,189274133922,3.1555938720703125,3.84552001953125,1.0
2-3-1,Run1,189274150578,3.159515380859375,3.678070068359375,1.0
2-3-1,Run1,189274167232,3.1803436279296875,3.65728759765625,1.0
2-3-1,Run1,189274183887,3.1731719970703125,3.638519287109375,1.0
2-3-1,Run1,189274200542,3.016021728515625,3.665771484375,1.0
2-3-1,Run1,189274217196,3.0720672607421875,3.713653564453125,1.0
2-3-1,Run1,189274233851,3.199203491210937,3.694747924804688,1.0
2-3-1,Run1,189274250506,3.19952392578125,3.6782073974609375,1.0
2-3-1,Run1,189274267161,3.06915283203125,3.703521728515625,1.0
2-3-1,Run1,189274283816,3.1142120361328125,3.7216644287109375,1.0
2-3-1,Run1,189274300471,3.1142120361328125,3.7455902099609375,1.0
2-3-1,Run1,189274317126,3.170491536458333,3.7512054443359375,1.0
2-3-1,Run1,189274333780,3.226771036783854,3.83184814453125,1.0
2-3-1,Run1,189274350435,3.283050537109375,4.294357299804688,1.0
2-3-1,Run1,189274367090,3.3393300374348955,3.929168701171875,1.0
2-3-1,Run1,189274383744,3.395609537760416,3.929168701171875,1.0
2-3-1,Run1,189274400399,3.451889038085937,3.897537231445313,1.0
2-3-1,Run1,189274417055,3.226425170898437,3.7734375,1.0
2-3-1,Run1,189274433709,3.10595703125,3.788742065429688,1.0
2-3-1,Run1,189274450364,3.152069091796875,3.767578125,1.0
2-3-1,Run1,189274467019,3.152069091796875,3.757125854492188,1.0
2-3-1,Run1,189274483673,3.3007659912109375,3.914306640625,1.0
2-3-1,Run1,189274500328,3.449462890625,3.9638519287109375,1.0
2-3-1,Run1,189274516983,3.2619171142578125,3.7969970703125,1.0
2-3-1,Run1,189274533638,3.254364013671875,3.796554565429688,1.0
2-3-1,Run1,189274550293,3.237167358398437,3.964675903320313,1.0
2-3-1,Run1,189274566948,3.2408447265625,3.886550903320313,1.0
2-3-1,Run1,189274583603,3.24615478515625,3.7888336181640634,1.0
2-3-1,Run1,189274600257,3.2467803955078125,3.788787841796875,1.0
2-3-1,Run1,189274616912,3.2500152587890625,3.768630981445313,1.0
2-3-1,Run1,189274633567,3.267440795898437,3.78936767578125,1.0
2-3-1,Run1,189274650221,3.2466278076171875,3.9528656005859375,1.0
2-3-1,Run1,189274666876,3.2313690185546875,3.8770599365234375,1.0
2-3-1,Run1,189274683532,3.2429351806640625,3.774490356445313,1.0
2-3-1,Run1,189274700186,3.249755859375,3.773834228515625,1.0
2-3-1,Run1,189274716841,3.2599639892578125,3.759765625,1.0
2-3-1,Run1,189274733496,3.2380828857421875,3.76263427734375,1.0
2-3-1,Run1,189274750150,3.2350616455078125,3.760162353515625,1.0
2-3-1,Run1,189274766805,3.254135131835937,3.777786254882813,1.0
2-3-1,Run1,189274783460,3.2101287841796875,3.7543792724609375,1.0
2-3-1,Run1,189274800115,3.183502197265625,3.73638916015625,1.0
2-3-1,Run1,189274816770,3.18731689453125,3.762969970703125,1.0
2-3-1,Run1,189274833425,3.1890106201171875,3.76739501953125,1.0
2-3-1,Run1,189274850080,3.199615478515625,3.751800537109375,1.0
2-3-1,Run1,189274866734,3.207260131835937,3.748870849609375,1.0
2-3-1,Run1,189274883389,3.183807373046875,3.745880126953125,1.0
2-3-1,Run1,189274900044,3.15899658203125,3.739501953125,1.0
2-3-1,Run1,189274916698,3.15692138671875,3.88177490234375,1.0
2-3-1,Run1,189274933353,3.1708984375,3.898971557617188,1.0
2-3-1,Run1,189274950009,3.149032592773437,3.717697143554688,1.0
2-3-1,Run1,189274966663,3.148529052734375,3.703811645507813,1.0
2-3-1,Run1,189274983318,3.19964599609375,3.680511474609375,1.0
2-3-1,Run1,189274999973,3.202011108398437,3.6954498291015625,1.0
2-3-1,Run1,189275016627,3.18280029296875,3.706024169921875,1.0
2-3-1,Run1,189275033282,3.169891357421875,3.6698150634765625,1.0
2-3-1,Run1,189275049937,3.15484619140625,3.645584106445313,1.0
2-3-1,Run1,189275066592,3.1652984619140625,3.666595458984375,1.0
2-3-1,Run1,189275083247,3.175888061523437,3.848236083984375,1.0
2-3-1,Run1,189275099902,3.195465087890625,3.79052734375,1.0
2-3-1,Run1,189275116557,3.206024169921875,3.65521240234375,1.0
2-3-1,Run1,189275133211,3.175750732421875,3.65167236328125,1.0
2-3-1,Run1,189275149866,3.12969970703125,3.784942626953125,1.0
2-3-1,Run1,189275166521,3.1277008056640625,3.716751098632813,1.0
2-3-1,Run1,189275183175,3.12841796875,3.4965972900390625,1.0
2-3-1,Run1,189275199830,3.0106201171875,3.3925018310546875,1.0
2-3-1,Run1,189275216485,3.0550994873046875,3.3271280924479165,0.0
2-3-1,Run1,189275233140,3.099578857421875,3.261754353841146,0.0
2-3-1,Run1,189275249795,3.1440582275390625,3.196380615234375,0.0
2-3-1,Run1,189275266450,3.18853759765625,3.131006876627604,0.0
2-3-1,Run1,189275283104,3.2330169677734375,3.0656331380208335,0.0
2-3-1,Run1,189275299759,3.277496337890625,3.0002593994140625,0.0
2-3-1,Run1,189275316414,3.3219757080078125,2.9348856608072915,0.0
2-3-1,Run1,189275333069,3.366455078125,2.869511922200521,0.0
2-3-1,Run1,189275349723,3.4109344482421875,2.80413818359375,1.0
2-3-1,Run1,189275366379,3.455413818359375,2.80413818359375,1.0
2-3-1,Run1,189275383034,3.214019775390625,3.49456787109375,1.0
2-3-1,Run1,189275399688,3.2058563232421875,3.615188598632813,1.0
2-3-1,Run1,189275416343,3.197006225585937,3.6801605224609375,1.0
2-3-1,Run1,189275432998,3.21343994140625,3.6028900146484375,1.0
2-3-1,Run1,189275449652,3.2419586181640625,3.665313720703125,1.0
2-3-1,Run1,189275466307,3.209579467773437,3.735519409179688,1.0
2-3-1,Run1,189275482962,3.225433349609375,3.741729736328125,1.0
2-3-1,Run1,189275499617,3.2686004638671875,3.714508056640625,1.0
2-3-1,Run1,189275516272,3.248886108398437,3.71087646484375,1.0
2-3-1,Run1,189275532927,3.22625732421875,3.7161712646484375,1.0
2-3-1,Run1,189275549581,3.2096405029296875,3.738189697265625,1.0
2-3-1,Run1,189275566236,3.2313232421875,3.728363037109375,1.0
2-3-1,Run1,189275582891,3.2420806884765625,3.738937377929688,1.0
2-3-1,Run1,189275599546,3.241180419921875,3.748092651367188,1.0
2-3-1,Run1,189275616200,3.268890380859375,3.7131500244140634,1.0
2-3-1,Run1,189275632856,3.241439819335937,3.729156494140625,1.0
2-3-1,Run1,189275649511,3.2200469970703125,3.75994873046875,1.0
2-3-1,Run1,189275666165,3.230560302734375,3.740890502929688,1.0
2-3-1,Run1,189275682820,3.2470703125,3.727706909179688,1.0
2-3-1,Run1,189275699475,3.251861572265625,3.74090576171875,1.0
2-3-1,Run1,189275716129,3.223373413085937,3.7352142333984375,1.0
2-3-1,Run1,189275732784,3.2136383056640625,3.74359130859375,1.0
2-3-1,Run1,189275749439,3.1927947998046875,3.740020751953125,1.0
2-3-1,Run1,189275766094,3.1820220947265625,3.730743408203125,1.0
2-3-1,Run1,189275782749,3.174285888671875,3.714431762695313,1.0
2-3-1,Run1,189275799404,3.1598358154296875,3.707061767578125,1.0
2-3-1,Run1,189275816058,3.1459503173828125,3.6830902099609375,1.0
2-3-1,Run1,189275832713,3.144500732421875,3.664749145507813,1.0
2-3-1,Run1,189275849368,3.1324615478515625,3.660690307617188,1.0
2-3-1,Run1,189275866023,3.110015869140625,3.662887573242188,1.0
2-3-1,Run1,189275882677,3.084381103515625,3.635299682617188,1.0
2-3-1,Run1,189275899333,3.0929107666015625,3.629180908203125,1.0
2-3-1,Run1,189275915988,3.0989990234375,3.625198364257813,1.0
2-3-1,Run1,189275932642,3.08795166015625,3.630325317382813,1.0
2-3-1,Run1,189275949297,3.07550048828125,3.587066650390625,1.0
2-3-1,Run1,189275965952,3.0880584716796875,3.6003570556640625,1.0
2-3-1,Run1,189275982606,3.0575714111328125,3.6162261962890634,1.0
2-3-1,Run1,189275999261,3.034332275390625,3.600189208984375,1.0
2-3-1,Run1,189276015916,3.0635528564453125,3.58477783203125,1.0
2-3-1,Run1,189276032571,3.069244384765625,3.5743865966796875,1.0
2-3-1,Run1,189276049226,3.045074462890625,3.58294677734375,1.0
2-3-1,Run1,189276065881,3.05181884765625,3.590057373046875,1.0
2-3-1,Run1,189276082535,3.03515625,3.56561279296875,1.0
2-3-1,Run1,189276099190,3.035995483398437,3.5580291748046875,1.0
2-3-1,Run1,189276115845,3.042510986328125,3.54022216796875,1.0
2-3-1,Run1,189276132500,3.0304107666015625,3.54144287109375,1.0
2-3-1,Run1,189276149154,3.0328521728515625,3.555267333984375,1.0
2-3-1,Run1,189276165810,3.029571533203125,3.5617218017578125,1.0
2-3-1,Run1,189276182465,3.0381011962890625,3.5710601806640625,1.0
2-3-1,Run1,189276199119,3.0406494140625,3.5708465576171875,1.0
2-3-1,Run1,189276215774,3.020233154296875,3.5465850830078125,1.0
2-3-1,Run1,189276232429,3.0018310546875,3.505859375,1.0
2-3-1,Run1,189276249083,2.9819488525390625,3.498641967773437,1.0
2-3-1,Run1,189276265738,2.9856109619140625,3.511581420898437,1.0
2-3-1,Run1,189276282393,3.0116424560546875,3.635086059570313,1.0
2-3-1,Run1,189276299048,3.0388946533203125,3.6620025634765625,1.0
2-3-1,Run1,189276315703,3.0309295654296875,3.6620025634765625,1.0
2-3-1,Run1,189276332358,3.0001373291015625,3.67364501953125,1.0
2-3-1,Run1,189276349012,2.994659423828125,3.5106658935546875,1.0
2-3-1,Run1,189276365667,3.0197296142578125,3.5053863525390625,1.0
2-3-1,Run1,189276382322,2.99591064453125,3.64910888671875,1.0
2-3-1,Run1,189276398977,2.971054077148437,3.6369476318359375,1.0
2-3-1,Run1,189276415631,2.979339599609375,3.6369476318359375,1.0
2-3-1,Run1,189276432286,2.96026611328125,3.612503051757813,1.0
2-3-1,Run1,189276448942,2.939483642578125,3.612503051757813,1.0
2-3-1,Run1,189276465596,2.9999237060546875,3.5848541259765625,1.0
2-3-1,Run1,189276482251,2.9897613525390625,3.460235595703125,1.0
2-3-1,Run1,189276498906,2.953369140625,3.462799072265625,1.0
2-3-1,Run1,189276515560,2.949325561523437,3.43988037109375,1.0
2-3-1,Run1,189276532215,2.9532470703125,3.423492431640625,1.0
2-3-1,Run1,189276548870,2.978607177734375,3.4693145751953125,1.0
2-3-1,Run1,189276565524,2.95306396484375,3.459442138671875,1.0
2-3-1,Run1,189276582180,2.946990966796875,3.405380249023437,1.0
2-3-1,Run1,189276598835,2.982330322265625,3.44036865234375,1.0
2-3-1,Run1,189276615489,2.966033935546875,3.489532470703125,1.0
2-3-1,Run1,189276632144,2.9578857421875,3.4868316650390625,1.0
2-3-1,Run1,189276648799,2.93878173828125,3.457244873046875,1.0
2-3-1,Run1,189276665454,2.9248199462890625,3.442108154296875,1.0
2-3-1,Run1,189276682108,2.95892333984375,3.4463653564453125,1.0
2-3-1,Run1,189276698763,2.966461181640625,3.4520721435546875,1.0
2-3-1,Run1,189276715419,2.973907470703125,3.475616455078125,1.0
2-3-1,Run1,189276732073,2.972869873046875,3.4915924072265625,1.0
2-3-1,Run1,189276748728,3.006561279296875,3.641357421875,1.0
2-3-1,Run1,189276765383,2.9669647216796875,3.6715087890625,1.0
2-3-1,Run1,189276782037,3.090484619140625,3.6715087890625,1.0
2-3-1,Run1,189276798692,3.05767822265625,3.65069580078125,1.0
2-3-1,Run1,189276815347,2.968780517578125,3.5568389892578125,1.0
2-3-1,Run1,189276832001,2.972015380859375,3.5765380859375,1.0
2-3-1,Run1,189276848657,2.9803466796875,3.574737548828125,1.0
2-3-1,Run1,189276865312,2.992919921875,3.5653839111328125,1.0
2-3-1,Run1,189276881966,3.106964111328125,3.58892822265625,1.0
2-3-1,Run1,189276898621,3.1502227783203125,3.5813140869140625,1.0
2-3-1,Run1,189276915276,3.0332489013671875,3.6591796875,1.0
2-3-1,Run1,189276931931,2.960433959960937,3.5740814208984375,1.0
2-3-1,Run1,189276948585,2.912567138671875,3.488983154296875,1.0
2-3-1,Run1,189276965240,3.0412139892578125,3.5524444580078125,1.0
2-3-1,Run1,189276981896,3.0244903564453125,3.548568725585937,1.0
2-3-1,Run1,189276998550,2.962387084960937,3.5374755859375,1.0
2-3-1,Run1,189277015205,2.94189453125,3.5116729736328125,1.0
2-3-1,Run1,189277031860,2.987899780273437,3.4920654296875,1.0
2-3-1,Run1,189277048514,2.99188232421875,3.4841461181640625,1.0
2-3-1,Run1,189277065169,2.9887847900390625,3.505401611328125,1.0
2-3-1,Run1,189277081824,2.985626220703125,3.5044097900390625,1.0
2-3-1,Run1,189277098478,2.9705963134765625,3.4859161376953125,1.0
2-3-1,Run1,189277115134,2.9832763671875,3.50213623046875,1.0
2-3-1,Run1,189277131789,3.0001220703125,3.5195465087890625,1.0
2-3-1,Run1,189277148443,3.0178680419921875,3.544097900390625,1.0
2-3-1,Run1,189277165098,3.04205322265625,3.5545196533203125,1.0
2-3-1,Run1,189277181753,3.050323486328125,3.5369415283203125,1.0
2-3-1,Run1,189277198408,3.038314819335937,3.517608642578125,1.0
2-3-1,Run1,189277215062,3.030853271484375,3.5321044921875,1.0
2-3-1,Run1,189277231717,3.016342163085937,3.537353515625,1.0
2-3-1,Run1,189277248373,3.0392608642578125,3.5388641357421875,1.0
2-3-1,Run1,189277265027,3.06121826171875,3.55242919921875,1.0
2-3-1,Run1,189277281682,3.06915283203125,3.6971435546875,1.0
2-3-1,Run1,189277298337,3.077972412109375,3.69647216796875,1.0
2-3-1,Run1,189277314991,3.086166381835937,3.57891845703125,1.0
2-3-1,Run1,189277331646,3.093963623046875,3.58367919921875,1.0
2-3-1,Run1,189277348301,3.081817626953125,3.5995025634765625,1.0
2-3-1,Run1,189277364955,3.0833740234375,3.5991363525390625,1.0
2-3-1,Run1,189277381611,3.0980987548828125,3.6040191650390634,1.0
2-3-1,Run1,189277398266,3.0885772705078125,3.602951049804688,1.0
2-3-1,Run1,189277414920,3.1123199462890625,3.5877685546875,1.0
2-3-1,Run1,189277431575,3.1248779296875,3.5894775390625,1.0
2-3-1,Run1,189277448230,3.1060791015625,3.63623046875,1.0
2-3-1,Run1,189277464885,3.100982666015625,3.673049926757813,1.0
2-3-1,Run1,189277481539,3.111557006835937,3.8396148681640634,1.0
2-3-1,Run1,189277498194,3.1074676513671875,3.783248901367188,1.0
2-3-1,Run1,189277514850,3.077880859375,3.651901245117188,1.0
2-3-1,Run1,189277531504,3.089874267578125,3.6463623046875,1.0
2-3-1,Run1,189277548159,3.095184326171875,3.618255615234375,1.0
2-3-1,Run1,189277564814,3.067474365234375,3.6019439697265625,1.0
2-3-1,Run1,189277581468,3.2498321533203125,3.7109375,1.0
2-3-1,Run1,189277598123,3.1951141357421875,3.742034912109375,1.0
2-3-1,Run1,189277614778,3.1403961181640625,3.742034912109375,1.0
2-3-1,Run1,189277631432,3.0856781005859375,3.712158203125,1.0
2-3-1,Run1,189277648088,3.0309600830078125,3.589508056640625,1.0
2-3-1,Run1,189277664743,3.0951080322265625,3.585205078125,1.0
2-3-1,Run1,189277681397,3.0959625244140625,3.5989990234375,1.0
2-3-1,Run1,189277698052,3.0995330810546875,3.609054565429688,1.0
2-3-1,Run1,189277714707,3.0918426513671875,3.728713989257813,1.0
2-3-1,Run1,189277731362,3.083480834960937,3.6959228515625,1.0
2-3-1,Run1,189277748016,3.0705718994140625,3.5819854736328125,1.0
2-3-1,Run1,189277764671,3.082794189453125,3.5854644775390625,1.0
2-3-1,Run1,189277781326,3.1007080078125,3.588775634765625,1.0
2-3-1,Run1,189277797981,3.0869293212890625,3.584136962890625,1.0
2-3-1,Run1,189277814636,3.06988525390625,3.5668182373046875,1.0
2-3-1,Run1,189277831291,3.076034545898437,3.575836181640625,1.0
2-3-1,Run1,189277847946,3.078125,3.57867431640625,1.0
2-3-1,Run1,189277864601,3.0836334228515625,3.5327301025390625,1.0
2-3-1,Run1,189277881256,3.0650787353515625,3.518295288085937,1.0
2-3-1,Run1,189277897910,3.038803100585937,3.582122802734375,1.0
2-3-1,Run1,189277914565,3.2507476806640625,3.800827026367188,1.0
2-3-1,Run1,189277931221,3.26406012641059,3.739247639973959,0.0
2-3-1,Run1,189277947875,3.277372572157118,3.6776682535807295,0.0
2-3-1,Run1,189277964530,3.290685017903646,3.6160888671875,0.0
2-3-1,Run1,189277981185,3.3039974636501737,3.554509480794271,0.0
2-3-1,Run1,189277997840,3.3173099093967013,3.492930094401042,0.0
2-3-1,Run1,189278014494,3.330622355143229,3.4313507080078125,0.0
2-3-1,Run1,189278031149,3.343934800889757,3.369771321614583,0.0
2-3-1,Run1,189278047804,3.357247246636285,3.308191935221354,0.0
2-3-1,Run1,189278064459,3.3705596923828125,3.246612548828125,1.0
2-3-1,Run1,189278081114,2.90814208984375,3.1850331624348955,1.0
2-3-1,Run1,189278097769,2.87884521484375,3.123453776041666,1.0
2-3-1,Run1,189278114423,2.9087371826171875,3.061874389648437,1.0
2-3-1,Run1,189278131078,2.93743896484375,3.061874389648437,1.0
2-3-1,Run1,189278147733,2.957260131835937,3.2862091064453125,1.0
2-3-1,Run1,189278164387,2.964202880859375,3.383819580078125,1.0
2-3-1,Run1,189278181042,2.958526611328125,3.45672607421875,1.0
2-3-1,Run1,189278197698,2.928985595703125,3.46514892578125,1.0
2-3-1,Run1,189278214352,2.9177703857421875,3.4792022705078125,1.0
2-3-1,Run1,189278231007,2.906600952148437,3.46142578125,1.0
2-3-1,Run1,189278247662,2.9061737060546875,3.411529541015625,1.0
2-3-1,Run1,189278264317,2.9536895751953125,3.401611328125,1.0
2-3-1,Run1,189278280971,2.943511962890625,3.562286376953125,1.0
2-3-1,Run1,189278297627,2.917144775390625,3.5989990234375,1.0
2-3-1,Run1,189278314282,2.9412384033203125,3.4188232421875,1.0
2-3-1,Run1,189278330936,2.9481964111328125,3.383941650390625,1.0
2-3-1,Run1,189278347591,2.9276885986328125,3.424591064453125,1.0
2-3-1,Run1,189278364247,2.9532928466796875,3.452743530273437,1.0
2-3-1,Run1,189278380901,2.9459991455078125,3.581634521484375,1.0
2-3-1,Run1,189278397556,2.929229736328125,3.55438232421875,1.0
2-3-1,Run1,189278414211,2.9510650634765625,3.4317779541015625,1.0
2-3-1,Run1,189278430865,2.94720458984375,3.4347381591796875,1.0
2-3-1,Run1,189278447520,2.96148681640625,3.4079742431640625,1.0
2-3-1,Run1,189278464176,2.9425506591796875,3.4138336181640625,1.0
2-3-1,Run1,189278480830,2.915985107421875,3.437591552734375,1.0
2-3-1,Run1,189278497485,2.967193603515625,3.444686889648437,1.0
2-3-1,Run1,189278514140,2.9951171875,3.60107421875,1.0
2-3-1,Run1,189278530795,2.9528961181640625,3.587875366210937,1.0
2-3-1,Run1,189278547449,2.95477294921875,3.4514312744140625,1.0
2-3-1,Run1,189278564104,2.972900390625,3.476898193359375,1.0
2-3-1,Run1,189278580759,2.955902099609375,3.46881103515625,1.0
2-3-1,Run1,189278597414,2.938140869140625,3.4288787841796875,1.0
2-3-1,Run1,189278614069,2.95440673828125,3.4321441650390625,1.0
2-3-1,Run1,189278630724,2.9842987060546875,3.442367553710937,1.0
2-3-1,Run1,189278647378,2.9717559814453125,3.4331207275390625,1.0
2-3-1,Run1,189278664033,2.9436187744140625,3.43463134765625,1.0
2-3-1,Run1,189278680688,2.9422149658203125,3.4277801513671875,1.0
2-3-1,Run1,189278697342,2.945526123046875,3.4386444091796875,1.0
2-3-1,Run1,189278713997,2.920028686523437,3.4548797607421875,1.0
2-3-1,Run1,189278730653,2.967864990234375,3.4328155517578125,1.0
2-3-1,Run1,189278747307,2.994720458984375,3.40478515625,1.0
2-3-1,Run1,189278763963,2.971908569335937,3.4089508056640625,1.0
2-3-1,Run1,189278780618,2.9632720947265625,3.414642333984375,1.0
2-3-1,Run1,189278797273,2.9524688720703125,3.4293365478515625,1.0
2-3-1,Run1,189278813927,2.9502410888671875,3.4147186279296875,1.0
2-3-1,Run1,189278830582,2.921600341796875,3.3980255126953125,1.0
2-3-1,Run1,189278847237,2.928863525390625,3.3881072998046875,1.0
2-3-1,Run1,189278863891,2.822235107421875,3.3191680908203125,1.0
2-3-1,Run1,189278880547,2.7893744574652777,3.2997478138316763,0.0
2-3-1,Run1,189278897202,2.7565138075086804,3.2803275368430396,0.0
2-3-1,Run1,189278913856,2.7236531575520835,3.2609072598544033,0.0
2-3-1,Run1,189278930511,2.690792507595486,3.241486982865767,0.0
2-3-1,Run1,189278947166,2.657931857638889,3.222066705877131,0.0
2-3-1,Run1,189278963820,2.6250712076822915,3.202646428888494,0.0
2-3-1,Run1,189278980475,2.5922105577256946,3.183226151899858,0.0
2-3-1,Run1,189278997130,2.5593499077690973,3.1638058749112217,0.0
2-3-1,Run1,189279013785,2.5264892578125,3.1443855979225854,1.0
2-3-1,Run1,189279030440,3.0147857666015625,3.1249653209339487,1.0
2-3-1,Run1,189279047095,3.1392364501953125,3.1055450439453125,1.0
2-3-1,Run1,189279063750,2.92364501953125,3.1981658935546875,1.0
2-3-1,Run1,189279080404,2.88604736328125,3.349609375,1.0
2-3-1,Run1,189279097059,2.894027709960937,3.3319854736328125,1.0
2-3-1,Run1,189279113714,2.9103546142578125,3.3593902587890625,1.0
2-3-1,Run1,189279130368,2.936431884765625,3.42047119140625,1.0
2-3-1,Run1,189279147024,2.9227752685546875,3.4214019775390625,1.0
2-3-1,Run1,189279163679,2.9268035888671875,3.4342803955078125,1.0
2-3-1,Run1,189279180333,2.931259155273437,3.62274169921875,1.0
2-3-1,Run1,189279196988,2.943939208984375,3.619674682617188,1.0
2-3-1,Run1,189279213644,2.960479736328125,3.619674682617188,1.0
2-3-1,Run1,189279230298,2.9449920654296875,3.5661163330078125,1.0
2-3-1,Run1,189279246953,2.9362030029296875,3.428085327148437,1.0
2-3-1,Run1,189279263608,2.936370849609375,3.4392852783203125,1.0
2-3-1,Run1,189279280263,2.9362945556640625,3.483917236328125,1.0
2-3-1,Run1,189279296918,2.935287475585937,3.4712371826171875,1.0
2-3-1,Run1,189279313573,2.970443725585937,3.5695953369140625,1.0
2-3-1,Run1,189279330228,2.96893310546875,3.6055908203125,1.0
2-3-1,Run1,189279346882,2.961517333984375,3.447372436523437,1.0
2-3-1,Run1,189279363537,2.95343017578125,3.4317626953125,1.0
2-3-1,Run1,189279380192,2.932952880859375,3.4310760498046875,1.0
2-3-1,Run1,189279396846,2.9322967529296875,3.438339233398437,1.0
2-3-1,Run1,189279413502,2.9315338134765625,3.448715209960937,1.0
2-3-1,Run1,189279430157,2.9313201904296875,3.43780517578125,1.0
2-3-1,Run1,189279446811,2.9263916015625,3.406768798828125,1.0
2-3-1,Run1,189279463466,2.906600952148437,3.418365478515625,1.0
2-3-1,Run1,189279480121,2.8769683837890625,3.563812255859375,1.0
2-3-1,Run1,189279496775,2.910919189453125,3.789627075195313,1.0
2-3-1,Run1,189279513430,2.9416046142578125,3.5133514404296875,1.0
2-3-1,Run1,189279530085,2.948715209960937,3.437255859375,1.0
2-3-1,Run1,189279546740,2.9587554931640625,3.4366912841796875,1.0
2-3-1,Run1,189279563395,2.9911346435546875,3.454818725585937,1.0
2-3-1,Run1,189279580050,2.969024658203125,3.4782257080078125,1.0
2-3-1,Run1,189279596705,2.940765380859375,3.4956512451171875,1.0
2-3-1,Run1,189279613359,2.9138336181640625,3.4480133056640625,1.0
2-3-1,Run1,189279630014,2.9345245361328125,3.405487060546875,1.0
2-3-1,Run1,189279646669,2.926116943359375,3.406005859375,1.0
2-3-1,Run1,189279663324,2.8955230712890625,3.3977813720703125,1.0
2-3-1,Run1,189279679980,2.8777618408203125,3.37652587890625,1.0
2-3-1,Run1,189279696635,2.87188720703125,3.4041290283203125,1.0
2-3-1,Run1,189279713289,2.8263702392578125,3.41741943359375,1.0
2-3-1,Run1,189279729944,2.7882843017578125,3.406890869140625,1.0
2-3-1,Run1,189279746599,2.8475341796875,3.364471435546875,1.0
2-3-1,Run1,189279763253,2.8497314453125,3.34234619140625,1.0
2-3-1,Run1,189279779908,2.8328094482421875,3.3398895263671875,1.0
2-3-1,Run1,189279796563,2.822601318359375,3.3353729248046875,1.0
2-3-1,Run1,189279813218,2.858245849609375,3.367889404296875,1.0
2-3-1,Run1,189279829873,2.8191375732421875,3.359222412109375,1.0
2-3-1,Run1,189279846528,2.8225860595703125,3.342880249023437,1.0
2-3-1,Run1,189279863183,2.84979248046875,3.3288116455078125,1.0
2-3-1,Run1,189279879837,2.828353881835937,3.3514862060546875,1.0
2-3-1,Run1,189279896492,2.826904296875,3.384552001953125,1.0
2-3-1,Run1,189279913147,2.848236083984375,3.37628173828125,1.0
2-3-1,Run1,189279929801,2.855133056640625,3.3784637451171875,1.0
2-3-1,Run1,189279946457,2.8595123291015625,3.3866119384765625,1.0
2-3-1,Run1,189279963112,2.8736724853515625,3.3813934326171875,1.0
2-3-1,Run1,189279979766,2.869979858398437,3.3612060546875,1.0
2-3-1,Run1,189279996421,2.824859619140625,3.33978271484375,1.0
2-3-1,Run1,189280013076,2.8416290283203125,3.3369903564453125,1.0
2-3-1,Run1,189280029730,2.89642333984375,3.3414764404296875,1.0
2-3-1,Run1,189280046385,2.86541748046875,3.347930908203125,1.0
2-3-1,Run1,189280063040,2.851043701171875,3.3524322509765625,1.0
2-3-1,Run1,189280079695,2.855377197265625,3.345916748046875,1.0
2-3-1,Run1,189280096350,2.826751708984375,3.336151123046875,1.0
2-3-1,Run1,189280113006,2.7879791259765625,3.342758178710937,1.0
2-3-1,Run1,189280129661,2.8158111572265625,3.365341186523437,1.0
2-3-1,Run1,189280146315,2.83575439453125,3.341552734375,1.0
2-3-1,Run1,189280162970,2.865463256835937,3.32879638671875,1.0
2-3-1,Run1,189280179625,2.827667236328125,3.306488037109375,1.0
2-3-1,Run1,189280196279,2.8192596435546875,3.30401611328125,1.0
2-3-1,Run1,189280212934,2.8245849609375,3.29144287109375,1.0
2-3-1,Run1,189280229590,2.829681396484375,3.291229248046875,1.0
2-3-1,Run1,189280246244,2.814193725585937,3.318572998046875,1.0
2-3-1,Run1,189280262899,2.7771453857421875,3.340179443359375,1.0
2-3-1,Run1,189280279554,2.835357666015625,3.3108673095703125,1.0
2-3-1,Run1,189280296208,2.725830078125,3.2148590087890625,1.0
2-3-1,Run1,189280312863,2.7328435724431817,3.187948053533381,0.0
2-3-1,Run1,189280329518,2.7398570667613638,3.1610370982776987,0.0
2-3-1,Run1,189280346173,2.7468705610795454,3.134126143022017,0.0
2-3-1,Run1,189280362828,2.753884055397727,3.1072151877663354,0.0
2-3-1,Run1,189280379483,2.760897549715909,3.0803042325106533,0.0
2-3-1,Run1,189280396138,2.767911044034091,3.0533932772549717,0.0
2-3-1,Run1,189280412792,2.774924538352273,3.0264823219992896,0.0
2-3-1,Run1,189280429447,2.7819380326704546,2.999571366743608,0.0
2-3-1,Run1,189280446102,2.7889515269886362,2.9726604114879263,0.0
2-3-1,Run1,189280462757,2.7959650213068183,2.945749456232244,0.0
2-3-1,Run1,189280479412,2.802978515625,2.9188385009765625,1.0
2-3-1,Run1,189280496067,2.804779052734375,2.9188385009765625,1.0
2-3-1,Run1,189280512721,2.8079071044921875,3.192245483398437,1.0
2-3-1,Run1,189280529376,2.921234130859375,3.192245483398437,1.0
2-3-1,Run1,189280546031,2.933502197265625,3.2365875244140625,1.0
2-3-1,Run1,189280562685,2.9556884765625,3.33599853515625,1.0
2-3-1,Run1,189280579341,3.005966186523437,3.389511108398437,1.0
2-3-1,Run1,189280595996,2.9892730712890625,3.39141845703125,1.0
2-3-1,Run1,189280612650,2.960845947265625,3.45684814453125,1.0
2-3-1,Run1,189280629306,2.981903076171875,3.478012084960937,1.0
2-3-1,Run1,189280645961,2.97076416015625,3.460968017578125,1.0
2-3-1,Run1,189280662616,2.953521728515625,3.4305419921875,1.0
2-3-1,Run1,189280679270,2.957855224609375,3.4376373291015625,1.0
2-3-1,Run1,189280695925,3.019073486328125,3.4630126953125,1.0
2-3-1,Run1,189280712580,3.0338287353515625,3.4794921875,1.0
2-3-1,Run1,189280729235,3.0015869140625,3.4560699462890625,1.0
2-3-1,Run1,189280745890,3.016464233398437,3.431549072265625,1.0
2-3-1,Run1,189280762545,3.0467681884765625,3.4399566650390625,1.0
2-3-1,Run1,189280779199,3.037948608398437,3.4568634033203125,1.0
2-3-1,Run1,189280795854,3.012435913085937,3.46942138671875,1.0
2-3-1,Run1,189280812509,3.0226593017578125,3.5139617919921875,1.0
2-3-1,Run1,189280829163,3.0341796875,3.5324249267578125,1.0
2-3-1,Run1,189280845818,3.0376434326171875,3.704742431640625,1.0
2-3-1,Run1,189280862474,3.024642944335937,3.607696533203125,1.0
2-3-1,Run1,189280879128,3.022735595703125,3.4901885986328125,1.0
2-3-1,Run1,189280895783,3.0269012451171875,3.481719970703125,1.0
2-3-1,Run1,189280912438,3.00152587890625,3.4381256103515625,1.0
2-3-1,Run1,189280929093,2.9916534423828125,3.44708251953125,1.0
2-3-1,Run1,189280945747,2.966278076171875,3.477752685546875,1.0
2-3-1,Run1,189280962402,2.9818572998046875,3.468536376953125,1.0
2-3-1,Run1,189280979057,3.0024566650390625,3.4544677734375,1.0
2-3-1,Run1,189280995712,2.99591064453125,3.4578857421875,1.0
2-3-1,Run1,189281012367,2.990829467773437,3.4751434326171875,1.0
2-3-1,Run1,189281029023,2.9979705810546875,3.477935791015625,1.0
2-3-1,Run1,189281045677,2.998779296875,3.468292236328125,1.0
2-3-1,Run1,189281062332,2.945663452148437,3.4391326904296875,1.0
2-3-1,Run1,189281078987,2.90008544921875,3.278533935546875,1.0
2-3-1,Run1,189281095641,2.775604248046875,3.1534881591796875,1.0
2-3-1,Run1,189281112296,2.7621629503038196,3.140756780450994,0.0
2-3-1,Run1,189281128951,2.748721652560764,3.1280254017223013,0.0
2-3-1,Run1,189281145606,2.7352803548177085,3.115294022993608,0.0
2-3-1,Run1,189281162261,2.7218390570746527,3.1025626442649146,0.0
2-3-1,Run1,189281178916,2.7083977593315973,3.0898312655362217,0.0
2-3-1,Run1,189281195571,2.6949564615885415,3.0770998868075283,0.0
2-3-1,Run1,189281212225,2.681515163845486,3.0643685080788354,0.0
2-3-1,Run1,189281228880,2.6680738661024304,3.051637129350142,0.0
2-3-1,Run1,189281245535,2.654632568359375,3.0389057506214487,1.0
2-3-1,Run1,189281262190,2.654632568359375,3.026174371892756,1.0
2-3-1,Run1,189281278845,2.792724609375,3.0134429931640625,1.0
2-3-1,Run1,189281295500,2.914215087890625,3.0134429931640625,1.0
2-3-1,Run1,189281312154,2.94866943359375,3.2381591796875,1.0
2-3-1,Run1,189281328809,2.9799957275390625,3.32220458984375,1.0
2-3-1,Run1,189281345464,2.9555816650390625,3.38525390625,1.0
2-3-1,Run1,189281362118,2.944305419921875,3.412704467773437,1.0
2-3-1,Run1,189281378773,2.9418182373046875,3.434478759765625,1.0
2-3-1,Run1,189281395429,2.95001220703125,3.3145904541015625,1.0
2-3-1,Run1,189281412083,2.9630889892578125,3.3178863525390625,1.0
2-3-1,Run1,189281428738,2.992919921875,3.41748046875,1.0
2-3-1,Run1,189281445393,2.985992431640625,3.41986083984375,1.0
2-3-1,Run1,189281462048,2.942977905273437,3.4317169189453125,1.0
2-3-1,Run1,189281478703,2.95318603515625,3.47149658203125,1.0
2-3-1,Run1,189281495358,2.9574737548828125,3.4721221923828125,1.0
2-3-1,Run1,189281512013,2.99481201171875,3.4443359375,1.0
2-3-1,Run1,189281528667,2.898284912109375,3.38946533203125,1.0
2-3-1,Run1,189281545322,2.8703765869140625,3.4212188720703125,1.0
2-3-1,Run1,189281561978,2.98583984375,3.44927978515625,1.0
2-3-1,Run1,189281578632,3.0134735107421875,3.4251251220703125,1.0
2-3-1,Run1,189281595287,2.984130859375,3.4210662841796875,1.0
2-3-1,Run1,189281611942,2.9528045654296875,3.4184112548828125,1.0
2-3-1,Run1,189281628596,2.9049224853515625,3.4237518310546875,1.0
2-3-1,Run1,189281645251,2.8850250244140625,3.425537109375,1.0
2-3-1,Run1,189281661907,2.9363555908203125,3.407684326171875,1.0
2-3-1,Run1,189281678561,2.9521484375,3.4122772216796875,1.0
2-3-1,Run1,189281695216,2.9617462158203125,3.42205810546875,1.0
2-3-1,Run1,189281711871,2.9714508056640625,3.3968505859375,1.0
2-3-1,Run1,189281728526,2.8741912841796875,3.35693359375,1.0
2-3-1,Run1,189281745180,2.9939041137695312,3.4522933959960938,0.0
2-3-1,Run1,189281761835,3.113616943359375,3.5476531982421875,1.0
2-3-1,Run1,189281778490,2.9164581298828125,3.382568359375,1.0
2-3-1,Run1,189281795145,2.927963256835937,3.374130249023437,1.0
2-3-1,Run1,189281811800,2.9300079345703125,3.5162353515625,1.0
2-3-1,Run1,189281828455,2.934783935546875,3.55615234375,1.0
2-3-1,Run1,189281845109,2.915740966796875,3.3643341064453125,1.0
2-3-1,Run1,189281861764,2.887313842773437,3.3603515625,1.0
2-3-1,Run1,189281878419,2.8946685791015625,3.37847900390625,1.0
2-3-1,Run1,189281895073,2.85894775390625,3.344390869140625,1.0
2-3-1,Run1,189281911728,2.8048095703125,3.3302764892578125,1.0
2-3-1,Run1,189281928384,2.83563232421875,3.3215789794921875,1.0
2-3-1,Run1,189281945038,2.777450561523437,3.269561767578125,1.0
2-3-1,Run1,189281961693,2.5750885009765625,3.2141876220703125,1.0
2-3-1,Run1,189281978349,2.5650869516225963,3.1960296630859375,0.0
2-3-1,Run1,189281995004,2.55508540226863,3.1778717041015625,0.0
2-3-1,Run1,189282011658,2.5450838529146633,3.1597137451171875,0.0
2-3-1,Run1,189282028313,2.535082303560697,3.1415557861328125,0.0
2-3-1,Run1,189282044968,2.525080754206731,3.1233978271484375,0.0
2-3-1,Run1,189282061623,2.5150792048527646,3.1052398681640625,0.0
2-3-1,Run1,189282078278,2.505077655498798,3.0870819091796875,0.0
2-3-1,Run1,189282094933,2.4950761061448317,3.0689239501953125,0.0
2-3-1,Run1,189282111587,2.4850745567908654,3.0507659912109375,0.0
2-3-1,Run1,189282128242,2.475073007436899,3.0326080322265625,0.0
2-3-1,Run1,189282144897,2.4650714580829325,3.0144500732421875,0.0
2-3-1,Run1,189282161551,2.4550699087289662,2.9962921142578125,0.0
2-3-1,Run1,189282178206,2.445068359375,2.9781341552734375,1.0
2-3-1,Run1,189282194862,2.884674072265625,2.9599761962890625,1.0
2-3-1,Run1,189282211516,2.9221343994140625,2.9418182373046875,1.0
2-3-1,Run1,189282228171,2.775253295898437,2.9418182373046875,1.0
2-3-1,Run1,189282244826,2.791168212890625,3.142822265625,1.0
2-3-1,Run1,189282261481,2.7743377685546875,3.251739501953125,1.0
2-3-1,Run1,189282278135,2.792938232421875,3.268524169921875,1.0
2-3-1,Run1,189282294790,2.8266143798828125,3.17401123046875,1.0
2-3-1,Run1,189282311446,2.8236083984375,3.229034423828125,1.0
2-3-1,Run1,189282328100,2.795150756835937,3.29925537109375,1.0
2-3-1,Run1,189282344755,2.7500762939453125,3.3310546875,1.0
2-3-1,Run1,189282361410,2.7988433837890625,3.3333282470703125,1.0
2-3-1,Run1,189282378064,2.8427276611328125,3.313079833984375,1.0
2-3-1,Run1,189282394720,2.699935913085937,3.30889892578125,1.0
2-3-1,Run1,189282411375,2.7956695556640625,3.35345458984375,1.0
2-3-1,Run1,189282428029,2.89385986328125,3.3163299560546875,1.0
2-3-1,Run1,189282444685,2.87994384765625,3.3279876708984375,1.0
2-3-1,Run1,189282461340,2.836669921875,3.339645385742187,1.0
2-3-1,Run1,189282477994,2.8487548828125,3.351303100585937,1.0
2-3-1,Run1,189282494649,2.887435913085937,3.3743133544921875,1.0
2-3-1,Run1,189282511304,2.8953857421875,3.358642578125,1.0
2-3-1,Run1,189282527959,2.903839111328125,3.3536529541015625,1.0
2-3-1,Run1,189282544613,2.8871612548828125,3.358871459960937,1.0
2-3-1,Run1,189282561268,2.904937744140625,3.3665924072265625,1.0
2-3-1,Run1,189282577924,2.924468994140625,3.368499755859375,1.0
2-3-1,Run1,189282594578,2.8194122314453125,3.338043212890625,1.0
2-3-1,Run1,189282611233,2.9354782104492188,3.3802032470703125,0.0
2-3-1,Run1,189282627888,3.051544189453125,3.42236328125,1.0
2-3-1,Run1,189282644542,2.81060791015625,3.42236328125,1.0
2-3-1,Run1,189282661197,2.80462646484375,3.4209747314453125,1.0
2-3-1,Run1,189282677852,2.8135223388671875,3.272064208984375,1.0
2-3-1,Run1,189282694506,2.839569091796875,3.274505615234375,1.0
2-3-1,Run1,189282711162,2.82244873046875,3.2744293212890625,1.0
2-3-1,Run1,189282727817,2.83343505859375,3.2512359619140625,1.0
2-3-1,Run1,189282744471,2.8381805419921875,3.3467254638671875,1.0
2-3-1,Run1,189282761126,2.8123321533203125,3.41558837890625,1.0
2-3-1,Run1,189282777781,2.7846832275390625,3.2108154296875,1.0
2-3-1,Run1,189282794436,2.75054931640625,3.200302124023437,1.0
2-3-1,Run1,189282811090,2.771514892578125,3.193695068359375,1.0
2-3-1,Run1,189282827745,2.7491455078125,3.12701416015625,1.0
2-3-1,Run1,189282844401,2.9683380126953125,3.150634765625,1.0
2-3-1,Run1,189282861055,2.924421946207682,3.137420654296875,0.0
2-3-1,Run1,189282877710,2.8805058797200522,3.12420654296875,0.0
2-3-1,Run1,189282894365,2.836589813232422,3.110992431640625,0.0
2-3-1,Run1,189282911019,2.7926737467447915,3.0977783203125,0.0
2-3-1,Run1,189282927674,2.7487576802571616,3.084564208984375,0.0
2-3-1,Run1,189282944329,2.7048416137695312,3.07135009765625,0.0
2-3-1,Run1,189282960983,2.660925547281901,3.058135986328125,0.0
2-3-1,Run1,189282977639,2.617009480794271,3.044921875,0.0
2-3-1,Run1,189282994294,2.5730934143066406,3.031707763671875,0.0
2-3-1,Run1,189283010948,2.5291773478190103,3.01849365234375,0.0
2-3-1,Run1,189283027603,2.4852612813313804,3.005279541015625,0.0
2-3-1,Run1,189283044258,2.44134521484375,2.9920654296875,1.0
2-3-1,Run1,189283060913,2.44134521484375,2.978851318359375,1.0
2-3-1,Run1,189283077567,2.572662353515625,2.96563720703125,1.0
2-3-1,Run1,189283094222,2.710113525390625,2.90313720703125,1.0
2-3-1,Run1,189283110878,2.7119903564453125,2.941757202148437,1.0
2-3-1,Run1,189283127532,2.7442626953125,3.009765625,1.0
2-3-1,Run1,189283144187,2.7558746337890625,3.04901123046875,1.0
2-3-1,Run1,189283160842,2.767120361328125,3.038803100585937,1.0
2-3-1,Run1,189283177496,2.7716827392578125,3.0948486328125,1.0
2-3-1,Run1,189283194151,2.7152862548828125,3.2115631103515625,1.0
2-3-1,Run1,189283210806,2.7202606201171875,3.1707305908203125,1.0
2-3-1,Run1,189283227460,2.792236328125,3.15478515625,1.0
2-3-1,Run1,189283244116,2.752914428710937,3.219833374023437,1.0
2-3-1,Run1,189283260771,2.756317138671875,3.2342529296875,1.0
2-3-1,Run1,189283277425,2.8087158203125,3.2193603515625,1.0
2-3-1,Run1,189283294080,2.822250366210937,3.2212677001953125,1.0
2-3-1,Run1,189283310735,2.7814178466796875,3.235336303710937,1.0
2-3-1,Run1,189283327390,2.746932983398437,3.2298126220703125,1.0
2-3-1,Run1,189283344044,2.7926788330078125,3.2386016845703125,1.0
2-3-1,Run1,189283360699,2.797210693359375,3.2469482421875,1.0
2-3-1,Run1,189283377355,2.792205810546875,3.244476318359375,1.0
2-3-1,Run1,189283394009,2.829925537109375,3.26953125,1.0
2-3-1,Run1,189283410664,2.8592529296875,3.297714233398437,1.0
2-3-1,Run1,189283427319,2.8430328369140625,3.3031005859375,1.0
2-3-1,Run1,189283443973,2.8636627197265625,3.307357788085937,1.0
2-3-1,Run1,189283460628,2.891754150390625,3.285125732421875,1.0
2-3-1,Run1,189283477283,2.88189697265625,3.2986602783203125,1.0
2-3-1,Run1,189283493937,2.852935791015625,3.3183135986328125,1.0
2-3-1,Run1,189283510593,2.84710693359375,3.3103485107421875,1.0
2-3-1,Run1,189283527248,2.8780517578125,3.310394287109375,1.0
2-3-1,Run1,189283543902,2.880035400390625,3.4750518798828125,1.0
2-3-1,Run1,189283560557,2.870849609375,3.465316772460937,1.0
2-3-1,Run1,189283577212,2.861968994140625,3.325439453125,1.0
2-3-1,Run1,189283593867,2.854721069335937,3.310394287109375,1.0
2-3-1,Run1,189283610521,2.87786865234375,3.287384033203125,1.0
2-3-1,Run1,189283627176,2.878692626953125,3.280059814453125,1.0
2-3-1,Run1,189283643832,2.8677215576171875,3.27691650390625,1.0
2-3-1,Run1,189283660486,2.8643951416015625,3.309051513671875,1.0
2-3-1,Run1,189283677141,2.8681793212890625,3.34283447265625,1.0
2-3-1,Run1,189283693796,2.86444091796875,3.349105834960937,1.0
2-3-1,Run1,189283710450,2.860748291015625,3.36474609375,1.0
2-3-1,Run1,189283727105,2.843231201171875,3.356231689453125,1.0
2-3-1,Run1,189283743760,2.875839233398437,3.375244140625,1.0
2-3-1,Run1,189283760414,2.940032958984375,3.365829467773437,1.0
2-3-1,Run1,189283777070,2.936431884765625,3.3649444580078125,1.0
2-3-1,Run1,189283793725,2.938949584960937,3.3900299072265625,1.0
2-3-1,Run1,189283810379,2.943878173828125,3.371002197265625,1.0
2-3-1,Run1,189283827034,2.9170379638671875,3.3599395751953125,1.0
2-3-1,Run1,189283843689,2.92083740234375,3.38079833984375,1.0
2-3-1,Run1,189283860344,2.904037475585937,3.3857421875,1.0
2-3-1,Run1,189283876998,2.901107788085937,3.5200347900390625,1.0
2-3-1,Run1,189283893653,2.9426422119140625,3.61138916015625,1.0
2-3-1,Run1,189283910309,3.180892944335937,3.61138916015625,1.0
2-3-1,Run1,189283926963,3.0617218017578125,3.57769775390625,1.0
2-3-1,Run1,189283943618,2.9279022216796875,3.43603515625,1.0
2-3-1,Run1,189283960273,2.926376342773437,3.426513671875,1.0
2-3-1,Run1,189283976927,2.921112060546875,3.42315673828125,1.0
2-3-1,Run1,189283993582,2.8928680419921875,3.4105682373046875,1.0
2-3-1,Run1,189284010237,2.903472900390625,3.427825927734375,1.0
2-3-1,Run1,189284026891,2.9364776611328125,3.4154205322265625,1.0
2-3-1,Run1,189284043547,2.942855834960937,3.4266510009765625,1.0
2-3-1,Run1,189284060202,2.9572296142578125,3.44317626953125,1.0
2-3-1,Run1,189284076856,2.949447631835937,3.503936767578125,1.0
2-3-1,Run1,189284093511,2.9122772216796875,3.5403289794921875,1.0
2-3-1,Run1,189284110166,2.9117431640625,3.441070556640625,1.0
2-3-1,Run1,189284126821,2.9046783447265625,3.432769775390625,1.0
2-3-1,Run1,189284143475,2.9083251953125,3.4396514892578125,1.0
2-3-1,Run1,189284160130,2.867828369140625,3.434051513671875,1.0
2-3-1,Run1,189284176786,2.834091186523437,3.4232177734375,1.0
2-3-1,Run1,189284193440,2.85809326171875,3.4417266845703125,1.0
2-3-1,Run1,189284210095,2.844635009765625,3.4267120361328125,1.0
2-3-1,Run1,189284226750,2.857177734375,3.42120361328125,1.0
2-3-1,Run1,189284243404,2.853866577148437,3.4263458251953125,1.0
2-3-1,Run1,189284260059,2.84765625,3.43017578125,1.0
2-3-1,Run1,189284276714,2.848663330078125,3.4189605712890625,1.0
2-3-1,Run1,189284293369,2.8583221435546875,3.3588409423828125,1.0
2-3-1,Run1,189284310024,2.749740600585937,3.3284454345703125,1.0
2-3-1,Run1,189284326679,2.770660400390625,3.39593505859375,1.0
2-3-1,Run1,189284343333,2.786849975585937,3.3303985595703125,1.0
2-3-1,Run1,189284359988,2.793197631835937,3.316253662109375,1.0
2-3-1,Run1,189284376643,2.7523956298828125,3.3088531494140625,1.0
2-3-1,Run1,189284393298,2.7246551513671875,3.294662475585937,1.0
2-3-1,Run1,189284409952,2.764144897460937,3.294052124023437,1.0
2-3-1,Run1,189284426608,2.728378295898437,3.27667236328125,1.0
2-3-1,Run1,189284443263,2.7220611572265625,3.27264404296875,1.0
2-3-1,Run1,189284459917,2.7131500244140625,3.2682342529296875,1.0
2-3-1,Run1,189284476572,2.680404663085937,3.24102783203125,1.0
2-3-1,Run1,189284493227,2.7203826904296875,3.2680816650390625,1.0
2-3-1,Run1,189284509881,2.729736328125,3.4846649169921875,1.0
2-3-1,Run1,189284526536,2.6855926513671875,3.4569520950317383,1.0
2-3-1,Run1,189284543191,2.9384918212890625,3.429239273071289,1.0
2-3-1,Run1,189284559846,2.9238293965657554,3.40152645111084,0.0
2-3-1,Run1,189284576501,2.9091669718424478,3.3738136291503906,0.0
2-3-1,Run1,189284593156,2.8945045471191406,3.3461008071899414,0.0
2-3-1,Run1,189284609810,2.8798421223958335,3.318387985229492,0.0
2-3-1,Run1,189284626465,2.865179697672526,3.290675163269043,0.0
2-3-1,Run1,189284643120,2.8505172729492188,3.2629623413085938,0.0
2-3-1,Run1,189284659775,2.8358548482259116,3.2352495193481445,0.0
2-3-1,Run1,189284676429,2.821192423502604,3.2075366973876953,0.0
2-3-1,Run1,189284693085,2.806529998779297,3.179823875427246,0.0
2-3-1,Run1,189284709740,2.7918675740559897,3.152111053466797,0.0
2-3-1,Run1,189284726394,2.777205149332682,3.1243982315063477,0.0
2-3-1,Run1,189284743049,2.762542724609375,3.0966854095458984,1.0
2-3-1,Run1,189284759704,2.8748779296875,3.068972587585449,1.0
2-3-1,Run1,189284776358,2.8662872314453125,3.041259765625,1.0
2-3-1,Run1,189284793013,2.9157257080078125,3.041259765625,1.0
2-3-1,Run1,189284809668,2.916900634765625,3.1309356689453125,1.0
2-3-1,Run1,189284826323,2.93182373046875,3.1309356689453125,1.0
2-3-1,Run1,189284842978,2.976409912109375,3.200592041015625,1.0
2-3-1,Run1,189284859633,2.96673583984375,3.2774658203125,1.0
2-3-1,Run1,189284876287,2.9217987060546875,3.33172607421875,1.0
2-3-1,Run1,189284892942,2.8985748291015625,3.376815795898437,1.0
2-3-1,Run1,189284909597,2.945709228515625,3.6139068603515625,1.0
2-3-1,Run1,189284926252,2.98193359375,3.49554443359375,1.0
2-3-1,Run1,189284942906,2.982757568359375,3.49554443359375,1.0
2-3-1,Run1,189284959562,2.994903564453125,3.5653228759765625,1.0
2-3-1,Run1,189284976217,2.9680938720703125,3.5653228759765625,1.0
2-3-1,Run1,189284992871,2.98931884765625,3.3546295166015625,1.0
2-3-1,Run1,189285009526,3.0172576904296875,3.3546295166015625,1.0
2-3-1,Run1,189285026181,2.98553466796875,3.5928497314453125,1.0
2-3-1,Run1,189285042835,2.9936981201171875,3.5928497314453125,1.0
2-3-1,Run1,189285059490,3.0014801025390625,3.5959625244140625,1.0
2-3-1,Run1,189285076145,3.01318359375,3.4509429931640625,1.0
2-3-1,Run1,189285092800,2.89813232421875,3.39984130859375,1.0
2-3-1,Run1,189285109455,2.976165771484375,3.45806884765625,1.0
2-3-1,Run1,189285126110,2.976165771484375,3.45806884765625,1.0
2-3-1,Run1,189285142764,3.02703857421875,3.5168228149414062,1.0
2-3-1,Run1,189285159419,3.056381225585937,3.5755767822265625,1.0
2-3-1,Run1,189285176074,3.1143798828125,3.5755767822265625,1.0
2-3-1,Run1,189285192729,3.1617584228515625,3.638839721679688,1.0
2-3-1,Run1,189285209383,3.047149658203125,3.5090484619140625,1.0
2-3-1,Run1,189285226039,3.045654296875,3.495574951171875,1.0
2-3-1,Run1,189285242694,3.0417633056640625,3.4899444580078125,1.0
2-3-1,Run1,189285259348,3.049789428710937,3.493637084960937,1.0
2-3-1,Run1,189285276003,3.0701141357421875,3.500762939453125,1.0
2-3-1,Run1,189285292658,3.046142578125,3.53179931640625,1.0
2-3-1,Run1,189285309312,3.03057861328125,3.431747436523437,1.0
2-3-1,Run1,189285325967,2.9873199462890625,3.3118896484375,1.0
2-3-1,Run1,189285342622,2.992873055594308,3.3213893345424106,0.0
2-3-1,Run1,189285359277,2.9984261648995534,3.3308890206473216,0.0
2-3-1,Run1,189285375932,3.003979274204799,3.340388706752232,0.0
2-3-1,Run1,189285392587,3.0095323835100447,3.349888392857143,0.0
2-3-1,Run1,189285409241,3.0150854928152904,3.3593880789620534,0.0
2-3-1,Run1,189285425896,3.0206386021205356,3.3688877650669644,0.0
2-3-1,Run1,189285442551,3.0261917114257812,3.378387451171875,0.0
2-3-1,Run1,189285459206,3.031744820731027,3.3878871372767856,0.0
2-3-1,Run1,189285475860,3.037297930036272,3.3973868233816966,0.0
2-3-1,Run1,189285492516,3.042851039341518,3.406886509486607,0.0
2-3-1,Run1,189285523961,3.0484041486467635,3.416386195591518,0.0
2-3-1,Run1,189285540616,3.053957257952009,3.4258858816964284,0.0
2-3-1,Run1,189285574662,3.0595103672572543,3.4353855678013394,0.0
2-3-1,Run1,189285591317,3.0650634765625,3.44488525390625,1.0
2-3-1,Run1,189285607972,2.863433837890625,3.29656982421875,1.0
2-3-1,Run1,189285624628,2.7546539306640625,3.3298797607421875,1.0
2-3-1,Run1,189285641282,2.772567749023437,3.3428192138671875,1.0
2-3-1,Run1,189285657937,2.772567749023437,3.324813842773437,1.0
2-3-1,Run1,189285674592,2.7793426513671875,3.3335418701171875,1.0
2-3-1,Run1,189285691246,2.905487060546875,3.360015869140625,1.0
2-3-1,Run1,189285707901,2.8708038330078125,3.57427978515625,1.0
2-3-1,Run1,189285724556,2.8568572998046875,3.5296630859375,1.0
2-3-1,Run1,189285741210,2.91204833984375,3.391448974609375,1.0
2-3-1,Run1,189285757866,2.945770263671875,3.416610717773437,1.0
2-3-1,Run1,189285774521,2.9167633056640625,3.608352661132813,1.0
2-3-1,Run1,189285791175,2.9057769775390625,3.5438995361328125,1.0
2-3-1,Run1,189285807830,2.95709228515625,3.5438995361328125,1.0
2-3-1,Run1,189285824485,2.992462158203125,3.567611694335937,1.0
2-3-1,Run1,189285841139,3.004989624023437,3.385467529296875,1.0
2-3-1,Run1,189285857794,2.9976959228515625,3.400421142578125,1.0
2-3-1,Run1,189285874449,3.02655029296875,3.4339599609375,1.0
2-3-1,Run1,189285891105,3.0615997314453125,3.424346923828125,1.0
2-3-1,Run1,189285907759,3.05511474609375,3.442718505859375,1.0
2-3-1,Run1,189285924414,2.916961669921875,3.38818359375,1.0
2-3-1,Run1,189285941069,2.963287353515625,3.433334350585937,1.0
2-3-1,Run1,189285957723,3.040878295898437,3.433334350585937,1.0
2-3-1,Run1,189285974378,3.025619506835937,3.516815185546875,1.0
2-3-1,Run1,189285991033,3.029876708984375,3.5366973876953125,1.0
2-3-1,Run1,189286007687,3.065521240234375,3.5098114013671875,1.0
2-3-1,Run1,189286024343,3.064178466796875,3.520370483398437,1.0
2-3-1,Run1,189286040998,3.06842041015625,3.52374267578125,1.0
2-3-1,Run1,189286057652,3.0791168212890625,3.515975952148437,1.0
2-3-1,Run1,189286074307,3.0828094482421875,3.5317535400390625,1.0
2-3-1,Run1,189286090962,3.08270263671875,3.536117553710937,1.0
2-3-1,Run1,189286107616,3.0784912109375,3.527328491210937,1.0
2-3-1,Run1,189286124271,3.06170654296875,3.5198516845703125,1.0
2-3-1,Run1,189286140926,3.0697784423828125,3.518539428710937,1.0
2-3-1,Run1,189286157582,3.06951904296875,3.525985717773437,1.0
2-3-1,Run1,189286174236,3.0208282470703125,3.54571533203125,1.0
2-3-1,Run1,189286190891,3.038848876953125,3.546844482421875,1.0
2-3-1,Run1,189286207546,3.0529022216796875,3.5234832763671875,1.0
2-3-1,Run1,189286224200,3.03594970703125,3.50408935546875,1.0
2-3-1,Run1,189286240855,3.008514404296875,3.480712890625,1.0
2-3-1,Run1,189286257510,2.9998779296875,3.4903564453125,1.0
2-3-1,Run1,189286274165,2.984359741210937,3.459808349609375,1.0
2-3-1,Run1,189286290820,2.9558868408203125,3.4128570556640625,1.0
2-3-1,Run1,189286307475,3.0553131103515625,3.431427001953125,1.0
2-3-1,Run1,189286324129,3.04925537109375,3.5349884033203125,1.0
2-3-1,Run1,189286340784,2.8850555419921875,3.4073944091796875,1.0
2-3-1,Run1,189286357439,2.9077606201171875,3.4060516357421875,1.0
2-3-1,Run1,189286374093,2.8847198486328125,3.38824462890625,1.0
2-3-1,Run1,189286390748,2.876434326171875,3.3616943359375,1.0
2-3-1,Run1,189286407404,2.8752899169921875,3.3375701904296875,1.0
2-3-1,Run1,189286424059,2.857391357421875,3.3765869140625,1.0
2-3-1,Run1,189286440713,2.866607666015625,3.56890869140625,1.0
2-3-1,Run1,189286457368,2.8529205322265625,3.541259765625,1.0
2-3-1,Run1,189286474023,2.810760498046875,3.343353271484375,1.0
2-3-1,Run1,189286490677,2.8025054931640625,3.292098999023437,1.0
2-3-1,Run1,189286507332,2.810455322265625,3.27532958984375,1.0
2-3-1,Run1,189286523987,2.83270263671875,3.300994873046875,1.0
2-3-1,Run1,189286540642,2.797454833984375,3.2801055908203125,1.0
2-3-1,Run1,189286557297,2.7528839111328125,3.280792236328125,1.0
2-3-1,Run1,189286573952,2.715728759765625,3.2825164794921875,1.0
2-3-1,Run1,189286590606,2.7240753173828125,3.290679931640625,1.0
2-3-1,Run1,189286607261,2.7324981689453125,3.498077392578125,1.0
2-3-1,Run1,189286623916,2.75262451171875,3.4862823486328125,1.0
2-3-1,Run1,189286640570,2.818832397460937,3.4862823486328125,1.0
2-3-1,Run1,189286657225,2.818832397460937,3.44085693359375,1.0
2-3-1,Run1,189286673881,2.78076171875,3.3016815185546875,1.0
2-3-1,Run1,189286690536,2.800537109375,3.315582275390625,1.0
2-3-1,Run1,189286707190,2.8534698486328125,3.2904815673828125,1.0
2-3-1,Run1,189286723845,2.8471832275390625,3.261566162109375,1.0
2-3-1,Run1,189286740500,2.7724609375,3.19000244140625,1.0
2-3-1,Run1,189286757154,2.5494537353515625,3.0137481689453125,1.0
2-3-1,Run1,189286773809,2.5800850608132104,3.012814608487216,0.0
2-3-1,Run1,189286790464,2.610716386274858,3.011881048029119,0.0
2-3-1,Run1,189286807119,2.641347711736506,3.010947487571023,0.0
2-3-1,Run1,189286823774,2.6719790371981533,3.0100139271129263,0.0
2-3-1,Run1,189286840429,2.7026103626598013,3.0090803666548296,0.0
2-3-1,Run1,189286857083,2.7332416881214487,3.008146806196733,0.0
2-3-1,Run1,189286873738,2.7638730135830967,3.0072132457386362,0.0
2-3-1,Run1,189286890393,2.794504339044744,3.0062796852805396,0.0
2-3-1,Run1,189286907047,2.825135664506392,3.0053461248224433,0.0
2-3-1,Run1,189286923702,2.85576698996804,3.0044125643643467,0.0
2-3-1,Run1,189286940358,2.8863983154296875,3.00347900390625,1.0
2-3-1,Run1,189286957013,3.059478759765625,3.00347900390625,1.0
2-3-1,Run1,189286973667,3.10205078125,3.3423309326171875,1.0
2-3-1,Run1,189286990322,3.092376708984375,3.417236328125,1.0
2-3-1,Run1,189287006977,3.105438232421875,3.50164794921875,1.0
2-3-1,Run1,189287023631,3.09613037109375,3.518951416015625,1.0
2-3-1,Run1,189287040286,3.088134765625,3.556793212890625,1.0
2-3-1,Run1,189287056941,3.126739501953125,3.5907135009765625,1.0
2-3-1,Run1,189287073596,3.1613006591796875,3.5984039306640625,1.0
2-3-1,Run1,189287090251,3.0684814453125,3.5391082763671875,1.0
2-3-1,Run1,189287106906,3.0778045654296875,3.563812255859375,1.0
2-3-1,Run1,189287123560,3.0778045654296875,3.604080200195313,1.0
2-3-1,Run1,189287140215,3.0890655517578125,3.603759765625,1.0
2-3-1,Run1,189287156870,3.1826629638671875,3.618927001953125,1.0
2-3-1,Run1,189287173524,3.180526733398437,3.63165283203125,1.0
2-3-1,Run1,189287190179,3.0822296142578125,3.579818725585937,1.0
2-3-1,Run1,189287206835,3.096771240234375,3.5991363525390625,1.0
2-3-1,Run1,189287223490,3.096771240234375,3.63262939453125,1.0
2-3-1,Run1,189287240144,3.095306396484375,3.615966796875,1.0
2-3-1,Run1,189287256799,3.182525634765625,3.617507934570313,1.0
2-3-1,Run1,189287273454,3.34735107421875,3.628143310546875,1.0
2-3-1,Run1,189287290108,3.3370513916015625,3.63311767578125,1.0
2-3-1,Run1,189287306763,3.3370513916015625,3.7479400634765625,1.0
2-3-1,Run1,189287323418,3.178985595703125,3.706939697265625,1.0
2-3-1,Run1,189287340073,3.0209197998046875,3.595977783203125,1.0
2-3-1,Run1,189287356728,3.1248321533203125,3.6004791259765625,1.0
2-3-1,Run1,189287373383,3.0895233154296875,3.5791778564453125,1.0
2-3-1,Run1,189287390037,3.084823608398437,3.5718536376953125,1.0
2-3-1,Run1,189287406692,3.07269287109375,3.551742553710937,1.0
2-3-1,Run1,189287423347,3.0610504150390625,3.53961181640625,1.0
2-3-1,Run1,189287440001,3.0468292236328125,3.508514404296875,1.0
2-3-1,Run1,189287456656,3.03076171875,3.489776611328125,1.0
2-3-1,Run1,189287473312,3.037948608398437,3.48040771484375,1.0
2-3-1,Run1,189287489967,3.020172119140625,3.446640014648437,1.0
2-3-1,Run1,189287506621,3.2022247314453125,2.4186248779296875,1.0
2-3-1,Run1,189287523276,3.1997273763020835,2.4186248779296875,1.0
2-3-1,Run1,189287539931,3.197230021158854,2.5019760131835938,0.0
2-3-1,Run1,189287556585,3.194732666015625,2.5853271484375,0.0
2-3-1,Run1,189287573240,3.192235310872396,2.6686782836914062,0.0
2-3-1,Run1,189287589895,3.1897379557291665,2.7520294189453125,0.0
2-3-1,Run1,189287606550,3.1872406005859375,2.8353805541992188,0.0
2-3-1,Run1,189287623205,3.1847432454427085,2.918731689453125,0.0
2-3-1,Run1,189287639860,3.182245890299479,3.0020828247070312,0.0
2-3-1,Run1,189287656514,3.17974853515625,3.0854339599609375,0.0
2-3-1,Run1,189287673169,3.177251180013021,3.1687850952148438,0.0
2-3-1,Run1,189287703984,3.1747538248697915,3.25213623046875,0.0
2-3-1,Run1,189287720639,3.1722564697265625,3.3354873657226562,0.0
2-3-1,Run1,189287737295,3.1697591145833335,3.4188385009765625,0.0
2-3-1,Run1,189287770679,3.167261759440104,3.5021896362304688,0.0
2-3-1,Run1,189287787334,3.164764404296875,3.585540771484375,1.0
2-3-1,Run1,189287803989,2.991485595703125,3.443084716796875,1.0
2-3-1,Run1,189287820645,3.01641845703125,3.38897705078125,1.0
2-3-1,Run1,189287837299,3.0184326171875,3.36370849609375,1.0
2-3-1,Run1,189287853954,3.003997802734375,3.4499664306640625,1.0
2-3-1,Run1,189287870610,3.00634765625,3.4675750732421875,1.0
2-3-1,Run1,189287887264,3.0019683837890625,3.4359283447265625,1.0
2-3-1,Run1,189287903919,2.9995269775390625,3.419036865234375,1.0
2-3-1,Run1,189287920574,3.027862548828125,3.4270172119140625,1.0
2-3-1,Run1,189287937228,3.0306549072265625,3.44390869140625,1.0
2-3-1,Run1,189287953883,3.0297393798828125,3.4515380859375,1.0
2-3-1,Run1,189287970538,3.01513671875,3.4810943603515625,1.0
2-3-1,Run1,189287987192,2.9893951416015625,3.4916229248046875,1.0
2-3-1,Run1,189288003848,3.0,3.6448822021484375,1.0
2-3-1,Run1,189288020503,3.008026123046875,3.6190338134765625,1.0
2-3-1,Run1,189288037157,2.9931182861328125,3.6190338134765625,1.0
2-3-1,Run1,189288053812,2.990875244140625,3.588607788085937,1.0
2-3-1,Run1,189288070467,2.9807586669921875,3.449981689453125,1.0
2-3-1,Run1,189288087122,2.965118408203125,3.351226806640625,1.0
2-3-1,Run1,189288103776,2.9399566650390625,3.365814208984375,1.0
2-3-1,Run1,189288120431,2.941558837890625,3.4729156494140625,1.0
2-3-1,Run1,189288137087,2.9598541259765625,3.4517822265625,1.0
2-3-1,Run1,189288153741,2.8625946044921875,3.4528045654296875,1.0
2-3-1,Run1,189288170396,2.829498291015625,3.4519500732421875,1.0
2-3-1,Run1,189288187051,2.93121337890625,3.43896484375,1.0
2-3-1,Run1,189288203706,2.896331787109375,3.4170074462890625,1.0
2-3-1,Run1,189288220361,2.880218505859375,3.420394897460937,1.0
2-3-1,Run1,189288237016,2.91046142578125,3.414581298828125,1.0
2-3-1,Run1,189288253670,2.919281005859375,3.3960418701171875,1.0
2-3-1,Run1,189288270326,2.9138946533203125,3.39581298828125,1.0
2-3-1,Run1,189288286981,2.89501953125,3.40753173828125,1.0
2-3-1,Run1,189288303635,2.9043121337890625,3.41290283203125,1.0
2-3-1,Run1,189288320290,2.930511474609375,3.412841796875,1.0
2-3-1,Run1,189288336945,2.931182861328125,3.40618896484375,1.0
2-3-1,Run1,189288353600,2.8262939453125,3.404541015625,1.0
2-3-1,Run1,189288370254,2.8031463623046875,3.4197998046875,1.0
2-3-1,Run1,189288386909,2.937225341796875,3.395965576171875,1.0
2-3-1,Run1,189288403565,2.957244873046875,3.352645874023437,1.0
2-3-1,Run1,189288420219,2.9535675048828125,3.37603759765625,1.0
2-3-1,Run1,189288436874,2.968505859375,3.4304962158203125,1.0
2-3-1,Run1,189288453529,2.9427490234375,3.44793701171875,1.0
2-3-1,Run1,189288470183,2.91534423828125,3.47454833984375,1.0
2-3-1,Run1,189288486838,2.9316558837890625,3.4541473388671875,1.0
2-3-1,Run1,189288503493,2.9423370361328125,3.430023193359375,1.0
2-3-1,Run1,189288520148,2.9465789794921875,3.455291748046875,1.0
2-3-1,Run1,189288536803,2.960205078125,3.45843505859375,1.0
2-3-1,Run1,189288553458,2.99420166015625,3.44696044921875,1.0
2-3-1,Run1,189288570112,3.0074615478515625,3.4364013671875,1.0
2-3-1,Run1,189288586768,2.9869842529296875,3.373046875,1.0
2-3-1,Run1,189288603423,3.222320556640625,3.3155059814453125,1.0
2-3-1,Run1,189288620078,3.2025299072265625,3.257965087890625,0.0
2-3-1,Run1,189288636732,3.1827392578125,3.2004241943359375,0.0
2-3-1,Run1,189288653387,3.1629486083984375,3.14288330078125,0.0
2-3-1,Run1,189288670042,3.143157958984375,3.0853424072265625,0.0
2-3-1,Run1,189288686697,3.1233673095703125,3.027801513671875,0.0
2-3-1,Run1,189288703352,3.10357666015625,2.970260620117187,0.0
2-3-1,Run1,189288720007,3.0837860107421875,2.9127197265624996,0.0
2-3-1,Run1,189288736661,3.063995361328125,2.855178833007812,0.0
2-3-1,Run1,189288753316,3.0442047119140625,2.7976379394531246,1.0
2-3-1,Run1,189288769971,2.8852996826171875,2.740097045898437,1.0
2-3-1,Run1,189288786626,2.98681640625,2.740097045898437,1.0
2-3-1,Run1,189288803281,3.055282592773437,3.261962890625,1.0
2-3-1,Run1,189288819936,3.0320281982421875,3.261962890625,1.0
2-3-1,Run1,189288836590,3.0423583984375,3.38031005859375,1.0
2-3-1,Run1,189288853245,3.0413055419921875,3.38031005859375,1.0
2-3-1,Run1,189288869900,3.016357421875,3.443023681640625,1.0
2-3-1,Run1,189288886555,3.062484741210937,3.508270263671875,1.0
2-3-1,Run1,189288903209,3.1068572998046875,3.5283966064453125,1.0
2-3-1,Run1,189288919865,3.0936431884765625,3.5557861328125,1.0
2-3-1,Run1,189288936520,3.0995635986328125,3.580535888671875,1.0
2-3-1,Run1,189288953174,3.000244140625,3.5128631591796875,1.0
2-3-1,Run1,189288969829,3.0272369384765625,3.50677490234375,1.0
2-3-1,Run1,189288986485,3.0272369384765625,3.50677490234375,1.0
2-3-1,Run1,189289003139,3.1488113403320312,3.6089630126953125,0.0
2-3-1,Run1,189289019794,3.2703857421875,3.711151123046875,1.0
2-3-1,Run1,189289036449,3.11767578125,3.6061859130859375,1.0
2-3-1,Run1,189289053104,3.122100830078125,3.606597900390625,1.0
2-3-1,Run1,189289069759,3.128997802734375,3.597900390625,1.0
2-3-1,Run1,189289086414,3.0986328125,3.589874267578125,1.0
2-3-1,Run1,189289103068,3.19146728515625,3.589111328125,1.0
2-3-1,Run1,189289119723,3.173492431640625,3.6034088134765625,1.0
2-3-1,Run1,189289136378,3.071136474609375,3.620758056640625,1.0
2-3-1,Run1,189289153033,3.0838775634765625,3.5948486328125,1.0
2-3-1,Run1,189289169687,3.048919677734375,3.55731201171875,1.0
2-3-1,Run1,189289186343,3.04620361328125,3.5522918701171875,1.0
2-3-1,Run1,189289202998,3.0596466064453125,3.542098999023437,1.0
2-3-1,Run1,189289219652,3.0309600830078125,3.523788452148437,1.0
2-3-1,Run1,189289236307,2.9998016357421875,3.4816436767578125,1.0
2-3-1,Run1,189289252962,2.9188232421875,3.4474334716796875,1.0
2-3-1,Run1,189289269616,3.0011444091796875,3.491363525390625,0.0
2-3-1,Run1,189289286271,3.083465576171875,3.5352935791015625,1.0
2-3-1,Run1,189289302926,2.88421630859375,3.411361694335937,1.0
2-3-1,Run1,189289319581,2.882232666015625,3.3778228759765625,1.0
2-3-1,Run1,189289336236,2.865707397460937,3.343002319335937,1.0
2-3-1,Run1,189289352891,2.881439208984375,3.39453125,1.0
2-3-1,Run1,189289369546,2.9080352783203125,3.36810302734375,1.0
2-3-1,Run1,189289386201,2.8621063232421875,3.3708953857421875,1.0
2-3-1,Run1,189289402856,2.7973175048828125,3.333282470703125,1.0
2-3-1,Run1,189289419511,2.809921264648437,3.20977783203125,1.0
2-3-1,Run1,189289436165,2.8034210205078125,3.189559936523437,1.0
2-3-1,Run1,189289452821,2.7906646728515625,3.2545318603515625,1.0
2-3-1,Run1,189289469476,2.797714233398437,3.259872436523437,1.0
2-3-1,Run1,189289486130,2.75177001953125,3.249847412109375,1.0
2-3-1,Run1,189289502785,2.7296142578125,3.1500701904296875,1.0
2-3-1,Run1,189289519440,2.5852508544921875,3.00518798828125,1.0
2-3-1,Run1,189289536094,2.6084627423967635,2.999894205729167,0.0
2-3-1,Run1,189289552749,2.6316746303013394,2.9946004231770833,0.0
2-3-1,Run1,189289569404,2.6548865182059154,2.989306640625,0.0
2-3-1,Run1,189289586059,2.678098406110491,2.9840128580729166,0.0
2-3-1,Run1,189289602714,2.701310294015067,2.9787190755208335,0.0
2-3-1,Run1,189289619369,2.724522181919643,2.97342529296875,0.0
2-3-1,Run1,189289636023,2.7477340698242188,2.968131510416667,0.0
2-3-1,Run1,189289652678,2.7709459577287947,2.962837727864583,0.0
2-3-1,Run1,189289669333,2.7941578456333707,2.9575439453125,0.0
2-3-1,Run1,189289685988,2.8173697335379466,2.9522501627604165,0.0
2-3-1,Run1,189289715996,2.8405816214425226,2.9469563802083334,0.0
2-3-1,Run1,189289732651,2.863793509347098,2.94166259765625,0.0
2-3-1,Run1,189289766702,2.887005397251674,2.9363688151041667,0.0
2-3-1,Run1,189289783357,2.91021728515625,2.931075032552083,1.0
2-3-1,Run1,189289800012,2.7249298095703125,2.92578125,1.0
2-3-1,Run1,189289816667,2.71514892578125,2.92578125,1.0
2-3-1,Run1,189289833321,2.6802215576171875,3.148544311523437,1.0
2-3-1,Run1,189289849977,2.701812744140625,3.148544311523437,1.0
2-3-1,Run1,189289866632,2.766876220703125,3.150848388671875,1.0
2-3-1,Run1,189289883286,2.7863311767578125,3.240219116210937,1.0
2-3-1,Run1,189289899941,2.8079071044921875,3.291244506835937,1.0
2-3-1,Run1,189289916596,2.87420654296875,3.2251739501953125,1.0
2-3-1,Run1,189289933250,2.8573150634765625,3.283477783203125,1.0
2-3-1,Run1,189289949906,2.8355712890625,3.331878662109375,1.0
2-3-1,Run1,189289966561,2.859970092773437,3.3086700439453125,1.0
2-3-1,Run1,189289983215,2.862396240234375,3.3011474609375,1.0
2-3-1,Run1,189289999870,2.8677978515625,3.3387908935546875,1.0
2-3-1,Run1,189290016525,2.892486572265625,3.36737060546875,1.0
2-3-1,Run1,189290033179,2.9230499267578125,3.361663818359375,1.0
2-3-1,Run1,189290049834,2.9216461181640625,3.3563232421875,1.0
2-3-1,Run1,189290066489,2.906845092773437,3.4024658203125,1.0
2-3-1,Run1,189290083145,2.952301025390625,3.4063873291015625,1.0
2-3-1,Run1,189290099799,2.978744506835937,3.53179931640625,1.0
2-3-1,Run1,189290116454,2.9545440673828125,3.56915283203125,1.0
2-3-1,Run1,189290133110,2.9761505126953125,3.4530487060546875,1.0
2-3-1,Run1,189290149764,2.97576904296875,3.455352783203125,1.0
2-3-1,Run1,189290166419,3.00714111328125,3.4650421142578125,1.0
2-3-1,Run1,189290183074,3.0269927978515625,3.47235107421875,1.0
2-3-1,Run1,189290199728,2.997161865234375,3.60552978515625,1.0
2-3-1,Run1,189290216383,2.862655639648437,3.5510940551757812,1.0
2-3-1,Run1,189290233038,2.9198150634765625,3.4966583251953125,1.0
2-3-1,Run1,189290249693,2.9198150634765625,3.4966583251953125,1.0
2-3-1,Run1,189290266348,3.0216827392578125,3.5365219116210938,0.0
2-3-1,Run1,189290283003,3.1235504150390625,3.576385498046875,1.0
2-3-1,Run1,189290299657,3.0072174072265625,3.5085906982421875,1.0
2-3-1,Run1,189290316312,3.0207977294921875,3.511260986328125,1.0
2-3-1,Run1,189290332968,3.0223541259765625,3.5068511962890625,1.0
2-3-1,Run1,189290349623,3.0132598876953125,3.45489501953125,1.0
2-3-1,Run1,189290366277,3.0106964111328125,3.44964599609375,1.0
2-3-1,Run1,189290382932,3.0121612548828125,3.515975952148437,1.0
2-3-1,Run1,189290399587,3.00396728515625,3.501190185546875,1.0
2-3-1,Run1,189290416241,3.036605834960937,3.495269775390625,1.0
2-3-1,Run1,189290432896,3.0412750244140625,3.486907958984375,1.0
2-3-1,Run1,189290449552,2.929962158203125,3.4373321533203125,1.0
2-3-1,Run1,189290466206,3.0673599243164062,3.404388427734375,1.0
2-3-1,Run1,189290482861,3.2047576904296875,3.4439239501953125,1.0
2-3-1,Run1,189290499516,2.9854888916015625,3.3858795166015625,1.0
2-3-1,Run1,189290516171,2.988021850585937,3.3826446533203125,1.0
2-3-1,Run1,189290532826,2.9537811279296875,3.386825561523437,1.0
2-3-1,Run1,189290549481,2.906768798828125,3.3994293212890625,1.0
2-3-1,Run1,189290566135,2.90374755859375,3.368408203125,1.0
2-3-1,Run1,189290582790,2.9592742919921875,3.335922241210937,1.0
2-3-1,Run1,189290599445,2.947021484375,3.46160888671875,1.0
2-3-1,Run1,189290616100,2.934417724609375,3.51751708984375,1.0
2-3-1,Run1,189290632754,2.902694702148437,3.2982330322265625,1.0
2-3-1,Run1,189290649410,2.859375,3.287933349609375,1.0
2-3-1,Run1,189290666065,2.837554931640625,3.2235260009765625,1.0
2-3-1,Run1,189290682719,2.6771697998046875,3.084686279296875,1.0
2-3-1,Run1,189290699374,2.7053489685058594,3.0794921875,0.0
2-3-1,Run1,189290716030,2.7335281372070312,3.074298095703125,0.0
2-3-1,Run1,189290732684,2.761707305908203,3.06910400390625,0.0
2-3-1,Run1,189290749339,2.789886474609375,3.063909912109375,0.0
2-3-1,Run1,189290765994,2.818065643310547,3.0587158203125,0.0
2-3-1,Run1,189290782648,2.8462448120117188,3.053521728515625,0.0
2-3-1,Run1,189290799303,2.8744239807128906,3.04832763671875,0.0
2-3-1,Run1,189290815958,2.9026031494140625,3.043133544921875,0.0
2-3-1,Run1,189290832613,2.9307823181152344,3.037939453125,0.0
2-3-1,Run1,189290849268,2.9589614868164062,3.032745361328125,0.0
2-3-1,Run1,189290865923,2.987140655517578,3.02755126953125,0.0
2-3-1,Run1,189290882578,3.01531982421875,3.022357177734375,1.0
2-3-1,Run1,189290899233,3.01531982421875,3.0171630859375,1.0
2-3-1,Run1,189290915888,2.8350143432617188,3.011968994140625,0.0
2-3-1,Run1,189290932543,2.6547088623046875,3.00677490234375,1.0
2-3-1,Run1,189290949197,2.8173828125,3.1571044921875,1.0
2-3-1,Run1,189290965852,2.780014038085937,3.20574951171875,1.0
2-3-1,Run1,189290982507,2.7510986328125,3.0309600830078125,1.0
2-3-1,Run1,189290999161,2.7886199951171875,3.0839080810546875,1.0
2-3-1,Run1,189291015817,2.800277709960937,3.199691772460937,1.0
2-3-1,Run1,189291032472,2.7954254150390625,3.241790771484375,1.0
2-3-1,Run1,189291049126,2.81500244140625,3.2770233154296875,1.0
2-3-1,Run1,189291065781,2.795867919921875,3.2702178955078125,1.0
2-3-1,Run1,189291082436,2.778427124023437,3.25006103515625,1.0
2-3-1,Run1,189291099091,2.7677459716796875,3.250732421875,1.0
2-3-1,Run1,189291115746,2.767196655273437,3.2515106201171875,1.0
2-3-1,Run1,189291132401,2.7866363525390625,3.245941162109375,1.0
2-3-1,Run1,189291149056,2.84210205078125,3.2426300048828125,1.0
2-3-1,Run1,189291165710,2.8639373779296875,3.270004272460937,1.0
2-3-1,Run1,189291182365,2.8267974853515625,3.3040008544921875,1.0
2-3-1,Run1,189291199020,2.825408935546875,3.30975341796875,1.0
2-3-1,Run1,189291215675,2.8449249267578125,3.313461303710937,1.0
2-3-1,Run1,189291232330,2.8861541748046875,3.2953643798828125,1.0
2-3-1,Run1,189291248985,2.8893585205078125,3.286956787109375,1.0
2-3-1,Run1,189291265639,2.8402862548828125,3.322494506835937,1.0
2-3-1,Run1,189291282294,2.81549072265625,3.332260131835937,1.0
2-3-1,Run1,189291298950,2.8631744384765625,3.344146728515625,1.0
2-3-1,Run1,189291315604,2.892303466796875,3.322967529296875,1.0
2-3-1,Run1,189291332259,2.87554931640625,3.31298828125,1.0
2-3-1,Run1,189291348914,2.921615600585937,3.3163604736328125,1.0
2-3-1,Run1,189291365569,2.9427032470703125,3.30206298828125,1.0
2-3-1,Run1,189291382224,2.908935546875,3.3159942626953125,1.0
2-3-1,Run1,189291398879,2.8954010009765625,3.3407135009765625,1.0
2-3-1,Run1,189291415534,2.9195709228515625,3.322494506835937,1.0
2-3-1,Run1,189291432188,2.922393798828125,3.338897705078125,1.0
2-3-1,Run1,189291448843,2.9053497314453125,3.345611572265625,1.0
2-3-1,Run1,189291465499,2.880355834960937,3.2937164306640625,1.0
2-3-1,Run1,189291482153,2.8314666748046875,3.299102783203125,1.0
2-3-1,Run1,189291498808,2.841796875,3.3254852294921875,1.0
2-3-1,Run1,189291515463,2.8776397705078125,3.3219451904296875,1.0
2-3-1,Run1,189291532117,2.86651611328125,3.315887451171875,1.0
2-3-1,Run1,189291548772,2.8684539794921875,3.304443359375,1.0
2-3-1,Run1,189291565427,2.865463256835937,3.3067169189453125,1.0
2-3-1,Run1,189291582081,2.836883544921875,3.3199462890625,1.0
2-3-1,Run1,189291598737,2.8384552001953125,3.3164215087890625,1.0
2-3-1,Run1,189291615392,2.861572265625,3.315521240234375,1.0
2-3-1,Run1,189291632046,2.8815460205078125,3.284027099609375,1.0
2-3-1,Run1,189291648701,2.8707733154296875,3.3088531494140625,1.0
2-3-1,Run1,189291665356,2.85009765625,3.3073883056640625,1.0
2-3-1,Run1,189291682011,2.8419342041015625,3.29376220703125,1.0
2-3-1,Run1,189291698666,2.86663818359375,3.478607177734375,1.0
2-3-1,Run1,189291715321,2.874618530273437,3.490570068359375,1.0
2-3-1,Run1,189291731977,2.885772705078125,3.490570068359375,1.0
2-3-1,Run1,189291748631,2.888275146484375,3.4905242919921875,1.0
2-3-1,Run1,189291765286,2.8819580078125,3.4905242919921875,1.0
2-3-1,Run1,189291781941,2.9036407470703125,3.1982574462890625,1.0
2-3-1,Run1,189291798595,2.924423217773437,3.1982574462890625,1.0
2-3-1,Run1,189291815250,2.787139892578125,3.2616424560546875,1.0
2-3-1,Run1,189291831905,2.7887115478515625,3.3250274658203125,1.0
2-3-1,Run1,189291848560,2.7887115478515625,3.3250274658203125,1.0
2-3-1,Run1,189291865215,2.8147735595703125,3.421173095703125,1.0
2-3-1,Run1,189291881870,2.88824462890625,3.517318725585937,1.0
2-3-1,Run1,189291898524,2.904571533203125,3.35614013671875,1.0
2-3-1,Run1,189291915179,2.895370483398437,3.2971343994140625,1.0
2-3-1,Run1,189291931834,2.926116943359375,3.284942626953125,1.0
2-3-1,Run1,189291948489,2.952301025390625,3.34100341796875,1.0
2-3-1,Run1,189291965143,2.9335174560546875,3.3469390869140625,1.0
2-3-1,Run1,189291981799,2.9456939697265625,3.3597412109375,1.0
2-3-1,Run1,189291998454,2.948593139648437,3.4132080078125,1.0
2-3-1,Run1,189292015108,2.9524688720703125,3.4096221923828125,1.0
2-3-1,Run1,189292031763,2.9557037353515625,3.4085845947265625,1.0
2-3-1,Run1,189292048418,2.9424285888671875,3.368011474609375,1.0
2-3-1,Run1,189292065072,2.963043212890625,3.3665313720703125,1.0
2-3-1,Run1,189292081728,2.9681549072265625,3.3665313720703125,1.0
2-3-1,Run1,189292098383,3.10089111328125,3.3383525501598013,1.0
2-3-1,Run1,189292115038,3.098978215997869,3.3101737282492896,0.0
2-3-1,Run1,189292131693,3.0970653187144888,3.2819949063387783,0.0
2-3-1,Run1,189292148348,3.095152421431108,3.253816084428267,0.0
2-3-1,Run1,189292165002,3.093239524147727,3.225637262517756,0.0
2-3-1,Run1,189292181657,3.0913266268643467,3.197458440607244,0.0
2-3-1,Run1,189292198312,3.089413729580966,3.169279618696733,0.0
2-3-1,Run1,189292214967,3.0875008322975854,3.1411007967862217,0.0
2-3-1,Run1,189292231622,3.0855879350142046,3.11292197487571,0.0
2-3-1,Run1,189292248277,3.0836750377308237,3.0847431529651987,0.0
2-3-1,Run1,189292264932,3.0817621404474433,3.0565643310546875,1.0
2-3-1,Run1,189292281586,3.0798492431640625,3.0565643310546875,1.0
2-3-1,Run1,189292298241,2.8843994140625,3.207138061523437,1.0
2-3-1,Run1,189292314896,2.871566772460937,3.2871856689453125,1.0
2-3-1,Run1,189292331550,2.8349609375,3.30902099609375,1.0
2-3-1,Run1,189292348205,2.8428955078125,3.2419586181640625,1.0
2-3-1,Run1,189292364861,2.855453491210937,3.243194580078125,1.0
2-3-1,Run1,189292381515,2.8966522216796875,3.3104248046875,1.0
2-3-1,Run1,189292398170,2.8856658935546875,3.317352294921875,1.0
2-3-1,Run1,189292414825,2.8658905029296875,3.32891845703125,1.0
2-3-1,Run1,189292431479,2.87921142578125,3.5097808837890625,1.0
2-3-1,Run1,189292448135,2.863632202148437,3.4442291259765625,1.0
2-3-1,Run1,189292464790,2.871002197265625,3.31903076171875,1.0
2-3-1,Run1,189292481446,2.91387939453125,3.3401336669921875,1.0
2-3-1,Run1,189292498100,2.917083740234375,3.333358764648437,1.0
2-3-1,Run1,189292514755,2.9275054931640625,3.3313140869140625,1.0
2-3-1,Run1,189292531410,2.93994140625,3.34259033203125,1.0
2-3-1,Run1,189292548064,2.9193878173828125,3.33599853515625,1.0
2-3-1,Run1,189292564719,2.9500274658203125,3.36285400390625,1.0
2-3-1,Run1,189292581374,2.9649658203125,3.402938842773437,1.0
2-3-1,Run1,189292598028,2.9778594970703125,3.629074096679688,1.0
2-3-1,Run1,189292614684,3.0050811767578125,3.589447021484375,1.0
2-3-1,Run1,189292631339,3.01708984375,3.397430419921875,1.0
2-3-1,Run1,189292647993,2.9936065673828125,3.4042205810546875,1.0
2-3-1,Run1,189292664648,2.995880126953125,3.6082611083984375,1.0
2-3-1,Run1,189292681303,3.0392303466796875,3.595687866210937,1.0
2-3-1,Run1,189292697957,3.0445709228515625,3.595687866210937,1.0
2-3-1,Run1,189292714612,3.028961181640625,3.61102294921875,1.0
2-3-1,Run1,189292731267,3.0132293701171875,3.451263427734375,1.0
2-3-1,Run1,189292747923,3.02032470703125,3.4579010009765625,1.0
2-3-1,Run1,189292764577,3.0250396728515625,3.630767822265625,1.0
2-3-1,Run1,189292781232,3.04248046875,3.57476806640625,1.0
2-3-1,Run1,189292797887,3.079940795898437,3.4503326416015625,1.0
2-3-1,Run1,189292814541,3.061676025390625,3.4544830322265625,1.0
2-3-1,Run1,189292831196,3.0577545166015625,3.4472808837890625,1.0
2-3-1,Run1,189292847851,3.0707244873046875,3.4686737060546875,1.0
2-3-1,Run1,189292864506,3.0767822265625,3.5033721923828125,1.0
2-3-1,Run1,189292881161,3.0628662109375,3.5025787353515625,1.0
2-3-1,Run1,189292897816,3.0464019775390625,3.4849090576171875,1.0
2-3-1,Run1,189292914470,3.0661163330078125,3.4962615966796875,1.0
2-3-1,Run1,189292931125,3.091827392578125,3.497467041015625,1.0
2-3-1,Run1,189292947780,3.088973999023437,3.476043701171875,1.0
2-3-1,Run1,189292964434,3.094879150390625,3.497955322265625,1.0
2-3-1,Run1,189292981089,3.114715576171875,3.525909423828125,1.0
2-3-1,Run1,189292997745,3.113433837890625,3.526107788085937,1.0
2-3-1,Run1,189293014400,3.071502685546875,3.5022430419921875,1.0
2-3-1,Run1,189293031054,3.04888916015625,3.5221405029296875,1.0
2-3-1,Run1,189293047709,3.068634033203125,3.5227813720703125,1.0
2-3-1,Run1,189293064364,3.065948486328125,3.49078369140625,1.0
2-3-1,Run1,189293081018,3.0695343017578125,3.501068115234375,1.0
2-3-1,Run1,189293097673,3.074691772460937,3.684783935546875,1.0
2-3-1,Run1,189293114328,3.0483551025390625,3.6627044677734375,1.0
2-3-1,Run1,189293130983,3.035995483398437,3.50140380859375,1.0
2-3-1,Run1,189293147638,3.0467987060546875,3.488037109375,1.0
2-3-1,Run1,189293164293,3.047119140625,3.491607666015625,1.0
2-3-1,Run1,189293180947,3.089141845703125,3.5130767822265625,1.0
2-3-1,Run1,189293197602,3.0830535888671875,3.5098114013671875,1.0
2-3-1,Run1,189293214257,3.0533447265625,3.506744384765625,1.0
2-3-1,Run1,189293230911,3.058135986328125,3.692916870117188,1.0
2-3-1,Run1,189293247567,3.0540008544921875,3.68048095703125,1.0
2-3-1,Run1,189293264222,3.063385009765625,3.478179931640625,1.0
2-3-1,Run1,189293280877,3.0530548095703125,3.462493896484375,1.0
2-3-1,Run1,189293297531,3.0315704345703125,3.4810791015625,1.0
2-3-1,Run1,189293314186,3.0496978759765625,3.4935455322265625,1.0
2-3-1,Run1,189293330841,3.0797576904296875,3.662139892578125,1.0
2-3-1,Run1,189293347495,3.0840606689453125,3.63592529296875,1.0
2-3-1,Run1,189293364150,3.058685302734375,3.504638671875,1.0
2-3-1,Run1,189293380806,3.03759765625,3.514373779296875,1.0
2-3-1,Run1,189293397460,3.041015625,3.408599853515625,1.0
2-3-1,Run1,189293414115,2.912948608398437,3.29046630859375,1.0
2-3-1,Run1,189293430770,2.7982504708426337,3.288328382703993,0.0
2-3-1,Run1,189293447424,2.68355233328683,3.286190456814236,0.0
2-3-1,Run1,189293464079,2.5688541957310265,3.284052530924479,0.0
2-3-1,Run1,189293480734,2.454156058175223,3.281914605034722,0.0
2-3-1,Run1,189293497389,2.3394579206194193,3.279776679144965,0.0
2-3-1,Run1,189293514044,2.224759783063616,3.277638753255208,0.0
2-3-1,Run1,189293530699,2.1100616455078125,3.275500827365451,1.0
2-3-1,Run1,189293547354,2.7063751220703125,3.273362901475694,1.0
2-3-1,Run1,189293564008,3.21240234375,3.271224975585937,1.0
2-3-1,Run1,189293580663,3.1362762451171875,3.4548492431640625,1.0
2-3-1,Run1,189293597318,3.120391845703125,3.535400390625,1.0
2-3-1,Run1,189293613972,3.113555908203125,3.510009765625,1.0
2-3-1,Run1,189293630628,3.1211090087890625,3.577987670898437,1.0
2-3-1,Run1,189293647283,3.148422241210937,3.558074951171875,1.0
2-3-1,Run1,189293663937,3.1410675048828125,3.555145263671875,1.0
2-3-1,Run1,189293680592,3.1514892578125,3.588623046875,1.0
2-3-1,Run1,189293697247,3.180145263671875,3.5986480712890625,1.0
2-3-1,Run1,189293713901,3.183868408203125,3.5636749267578125,1.0
2-3-1,Run1,189293730556,3.1967010498046875,3.5763702392578125,1.0
2-3-1,Run1,189293747211,3.1840972900390625,3.579315185546875,1.0
2-3-1,Run1,189293763866,3.1770477294921875,3.5804901123046875,1.0
2-3-1,Run1,189293780521,3.1934356689453125,3.5872802734375,1.0
2-3-1,Run1,189293797176,3.220687866210937,3.604339599609375,1.0
2-3-1,Run1,189293813831,3.220077514648437,3.6198883056640634,1.0
2-3-1,Run1,189293830485,3.1902618408203125,3.6086578369140634,1.0
2-3-1,Run1,189293847140,3.187835693359375,3.58868408203125,1.0
2-3-1,Run1,189293863795,3.186386108398437,3.594696044921875,1.0
2-3-1,Run1,189293880450,3.1862335205078125,3.609695434570313,1.0
2-3-1,Run1,189293897105,3.14874267578125,3.5994110107421875,1.0
2-3-1,Run1,189293913760,3.011093139648437,3.593292236328125,1.0
2-3-1,Run1,189293930414,3.0181121826171875,3.599090576171875,1.0
2-3-1,Run1,189293947069,3.11444091796875,3.5502471923828125,1.0
2-3-1,Run1,189293963724,3.129913330078125,3.5279083251953125,1.0
2-3-1,Run1,189293980378,3.105224609375,3.5654449462890625,1.0
2-3-1,Run1,189293997033,3.0629425048828125,3.550537109375,1.0
2-3-1,Run1,189294013689,3.062973022460937,3.506698608398437,1.0
2-3-1,Run1,189294030343,3.0748748779296875,3.48388671875,1.0
2-3-1,Run1,189294046998,3.0806427001953125,3.52410888671875,1.0
2-3-1,Run1,189294063653,3.040863037109375,3.5288238525390625,1.0
2-3-1,Run1,189294080308,3.0333709716796875,3.55242919921875,1.0
2-3-1,Run1,189294096962,3.0453643798828125,3.5232086181640625,1.0
2-3-1,Run1,189294113617,3.0424957275390625,3.480499267578125,1.0
2-3-1,Run1,189294130273,3.1944732666015625,3.4871978759765625,1.0
2-3-1,Run1,189294146927,3.252548217773437,3.457977294921875,1.0
2-3-1,Run1,189294163582,3.00958251953125,3.428955078125,1.0
2-3-1,Run1,189294180237,2.853759765625,3.494232177734375,1.0
2-3-1,Run1,189294196891,2.93792724609375,3.4645538330078125,1.0
2-3-1,Run1,189294213546,3.019622802734375,3.3822021484375,1.0
2-3-1,Run1,189294230201,3.170654296875,3.3593333851207388,1.0
2-3-1,Run1,189294246855,3.1303176879882812,3.336464621803977,0.0
2-3-1,Run1,189294263511,3.0899810791015625,3.313595858487216,0.0
2-3-1,Run1,189294280166,3.0496444702148438,3.2907270951704546,0.0
2-3-1,Run1,189294296820,3.009307861328125,3.2678583318536933,0.0
2-3-1,Run1,189294313475,2.9689712524414062,3.2449895685369317,0.0
2-3-1,Run1,189294330130,2.9286346435546875,3.2221208052201704,0.0
2-3-1,Run1,189294346785,2.8882980346679688,3.199252041903409,0.0
2-3-1,Run1,189294363439,2.84796142578125,3.176383278586648,0.0
2-3-1,Run1,189294380094,2.8076248168945312,3.1535145152698862,0.0
2-3-1,Run1,189294396750,2.7672882080078125,3.130645751953125,1.0
2-3-1,Run1,189294413404,2.7672882080078125,3.130645751953125,1.0
2-3-1,Run1,189294430059,2.8208465576171875,3.219451904296875,1.0
2-3-1,Run1,189294446714,2.9526824951171875,3.367156982421875,1.0
2-3-1,Run1,189294463368,2.923553466796875,3.443603515625,1.0
2-3-1,Run1,189294480023,2.9154052734375,3.4830780029296875,1.0
2-3-1,Run1,189294496678,2.97613525390625,3.4761505126953125,1.0
2-3-1,Run1,189294513333,2.9843292236328125,3.3490142822265625,1.0
2-3-1,Run1,189294529988,2.960906982421875,3.32989501953125,1.0
2-3-1,Run1,189294546643,2.95465087890625,3.306549072265625,1.0
2-3-1,Run1,189294563297,2.9493865966796875,3.335556030273437,1.0
2-3-1,Run1,189294579952,2.9597320556640625,3.40521240234375,1.0
2-3-1,Run1,189294596607,2.953857421875,3.44207763671875,1.0
2-3-1,Run1,189294613262,2.9685821533203125,3.384857177734375,1.0
2-3-1,Run1,189294629916,2.9715118408203125,3.41082763671875,1.0
2-3-1,Run1,189294646572,2.939239501953125,3.4488067626953125,1.0
2-3-1,Run1,189294663227,2.922332763671875,3.411865234375,1.0
2-3-1,Run1,189294679881,2.98486328125,3.3899078369140625,1.0
2-3-1,Run1,189294696536,2.981185913085937,3.3732147216796875,1.0
2-3-1,Run1,189294713191,2.957000732421875,3.4011993408203125,1.0
2-3-1,Run1,189294729845,2.929672241210937,3.3931121826171875,1.0
2-3-1,Run1,189294746500,2.933380126953125,3.389389038085937,1.0
2-3-1,Run1,189294763155,2.938323974609375,3.4208221435546875,1.0
2-3-1,Run1,189294779810,2.893173217773437,3.3187408447265625,1.0
2-3-1,Run1,189294796465,2.912689208984375,3.306137084960937,1.0
2-3-1,Run1,189294813120,2.9416046142578125,3.398910522460937,1.0
2-3-1,Run1,189294829774,2.871795654296875,3.3463592529296875,1.0
2-3-1,Run1,189294846429,2.8175048828125,3.323455810546875,1.0
2-3-1,Run1,189294863084,2.837554931640625,3.320556640625,1.0
2-3-1,Run1,189294879739,2.8733367919921875,3.3376617431640625,1.0
2-3-1,Run1,189294896394,2.89251708984375,3.33612060546875,1.0
2-3-1,Run1,189294913049,2.909423828125,3.2889556884765625,1.0
2-3-1,Run1,189294929704,2.8872222900390625,3.2752838134765625,1.0
2-3-1,Run1,189294946358,2.884750366210937,3.2897186279296875,1.0
2-3-1,Run1,189294963013,2.8606109619140625,3.311798095703125,1.0
2-3-1,Run1,189294979668,2.848007202148437,3.347686767578125,1.0
2-3-1,Run1,189294996322,2.862152099609375,3.3406982421875,1.0
2-3-1,Run1,189295012977,2.852630615234375,3.339385986328125,1.0
2-3-1,Run1,189295029633,2.855743408203125,3.325225830078125,1.0
2-3-1,Run1,189295046287,2.826278686523437,3.346282958984375,1.0
2-3-1,Run1,189295062942,2.8446197509765625,3.3497772216796875,1.0
2-3-1,Run1,189295079597,2.854232788085937,3.367401123046875,1.0
2-3-1,Run1,189295096251,2.8485107421875,3.597259521484375,1.0
2-3-1,Run1,189295112906,2.8582305908203125,3.5660400390625,1.0
2-3-1,Run1,189295129561,2.8845977783203125,3.343856811523437,1.0
2-3-1,Run1,189295146217,2.931304931640625,3.33734130859375,1.0
2-3-1,Run1,189295162871,2.92706298828125,3.3399810791015625,1.0
2-3-1,Run1,189295179526,2.9078521728515625,3.33404541015625,1.0
2-3-1,Run1,189295196181,2.91156005859375,3.37200927734375,1.0
2-3-1,Run1,189295212835,2.912567138671875,3.3751373291015625,1.0
2-3-1,Run1,189295229490,2.916000366210937,3.347076416015625,1.0
2-3-1,Run1,189295246145,2.888916015625,3.34930419921875,1.0
2-3-1,Run1,189295262799,2.90863037109375,3.3573455810546875,1.0
2-3-1,Run1,189295279455,2.925445556640625,3.339508056640625,1.0
2-3-1,Run1,189295296110,2.984130859375,3.3653717041015625,1.0
2-3-1,Run1,189295312764,3.0279541015625,3.377685546875,1.0
2-3-1,Run1,189295329419,2.983016967773437,3.3981475830078125,1.0
2-3-1,Run1,189295346074,2.948455810546875,3.4244842529296875,1.0
2-3-1,Run1,189295362728,2.9688873291015625,3.4029998779296875,1.0
2-3-1,Run1,189295379383,2.959716796875,3.40301513671875,1.0
2-3-1,Run1,189295396038,2.9606170654296875,3.424652099609375,1.0
2-3-1,Run1,189295412694,2.9729766845703125,3.415557861328125,1.0
2-3-1,Run1,189295429348,2.98284912109375,3.446502685546875,1.0
2-3-1,Run1,189295446003,2.8743438720703125,3.393310546875,1.0
2-3-1,Run1,189295462658,2.861546834309896,3.3679310191761362,0.0
2-3-1,Run1,189295479312,2.848749796549479,3.342551491477273,0.0
2-3-1,Run1,189295495967,2.8359527587890625,3.317171963778409,0.0
2-3-1,Run1,189295512622,2.823155721028646,3.2917924360795454,0.0
2-3-1,Run1,189295529277,2.810358683268229,3.2664129083806817,0.0
2-3-1,Run1,189295545932,2.7975616455078125,3.2410333806818183,0.0
2-3-1,Run1,189295562587,2.784764607747396,3.2156538529829546,0.0
2-3-1,Run1,189295579241,2.771967569986979,3.190274325284091,0.0
2-3-1,Run1,189295595896,2.7591705322265625,3.164894797585227,1.0
2-3-1,Run1,189295612551,2.7591705322265625,3.1395152698863638,1.0
2-3-1,Run1,189295629205,2.9076385498046875,3.1141357421875,1.0
2-3-1,Run1,189295645860,3.019393920898437,3.1141357421875,1.0
2-3-1,Run1,189295662516,3.020248413085937,3.3525543212890625,1.0
2-3-1,Run1,189295679171,3.0420379638671875,3.3525543212890625,1.0
2-3-1,Run1,189295695825,3.046173095703125,3.4389801025390625,1.0
2-3-1,Run1,189295712480,3.034576416015625,3.482421875,1.0
2-3-1,Run1,189295729135,3.004241943359375,3.48321533203125,1.0
2-3-1,Run1,189295745789,3.0196685791015625,3.4746246337890625,1.0
2-3-1,Run1,189295762444,3.0564117431640625,3.4849395751953125,1.0
2-3-1,Run1,189295779099,3.085906982421875,3.509506225585937,1.0
2-3-1,Run1,189295795754,3.079681396484375,3.5179901123046875,1.0
2-3-1,Run1,189295812409,3.0461883544921875,3.509262084960937,1.0
2-3-1,Run1,189295829064,3.039047241210937,3.4989013671875,1.0
2-3-1,Run1,189295845718,3.045654296875,3.518295288085937,1.0
2-3-1,Run1,189295862373,3.041015625,3.51104736328125,1.0
2-3-1,Run1,189295879028,3.02947998046875,3.502670288085937,1.0
2-3-1,Run1,189295895682,3.019744873046875,3.5032958984375,1.0
2-3-1,Run1,189295912338,3.013824462890625,3.508148193359375,1.0
2-3-1,Run1,189295928993,3.015289306640625,3.510223388671875,1.0
2-3-1,Run1,189295945648,3.0412139892578125,3.49798583984375,1.0
2-3-1,Run1,189295962302,3.0554351806640625,3.5162353515625,1.0
2-3-1,Run1,189295978957,3.0231475830078125,3.507537841796875,1.0
2-3-1,Run1,189295995612,3.2075958251953125,3.617019653320313,1.0
2-3-1,Run1,189296012266,3.2451148399939904,3.58507319859096,0.0
2-3-1,Run1,189296028921,3.2826338547926683,3.5531267438616077,0.0
2-3-1,Run1,189296045577,3.3201528695913463,3.521180289132255,0.0
2-3-1,Run1,189296062231,3.357671884390024,3.489233834402902,0.0
2-3-1,Run1,189296078886,3.395190899188702,3.4572873796735495,0.0
2-3-1,Run1,189296095541,3.43270991398738,3.4253409249441966,0.0
2-3-1,Run1,189296112195,3.4702289287860575,3.3933944702148438,0.0
2-3-1,Run1,189296128850,3.5077479435847354,3.3614480154854913,0.0
2-3-1,Run1,189296145505,3.5452669583834133,3.3295015607561385,0.0
2-3-1,Run1,189296176064,3.5827859731820912,3.297555106026786,0.0
2-3-1,Run1,189296192718,3.620304987980769,3.265608651297433,0.0
2-3-1,Run1,189296226759,3.657824002779447,3.2336621965680803,0.0
2-3-1,Run1,189296243414,3.695343017578125,3.201715741838728,1.0
2-3-1,Run1,189296260069,3.1602783203125,3.169769287109375,1.0
2-3-1,Run1,189296276723,3.033111572265625,3.1761016845703125,1.0
2-3-1,Run1,189296293379,3.0508270263671875,3.194671630859375,1.0
2-3-1,Run1,189296310034,3.066497802734375,3.636260986328125,1.0
2-3-1,Run1,189296326688,3.0613555908203125,3.472763061523437,1.0
2-3-1,Run1,189296343343,3.0675811767578125,3.4787750244140625,1.0
2-3-1,Run1,189296359998,3.077239990234375,3.525970458984375,1.0
2-3-1,Run1,189296376653,3.075424194335937,3.536834716796875,1.0
2-3-1,Run1,189296393307,3.09033203125,3.60369873046875,1.0
2-3-1,Run1,189296409962,2.989288330078125,3.6041107177734375,1.0
2-3-1,Run1,189296426618,3.041244506835937,3.5698699951171875,1.0
2-3-1,Run1,189296443272,3.041244506835937,3.5644989013671875,1.0
2-3-1,Run1,189296459927,3.043975830078125,3.60162353515625,1.0
2-3-1,Run1,189296476582,3.1250762939453125,3.63079833984375,1.0
2-3-1,Run1,189296493236,3.128524780273437,3.627151489257813,1.0
2-3-1,Run1,189296509891,3.05035400390625,3.6169281005859375,1.0
2-3-1,Run1,189296526546,3.061859130859375,3.635055541992188,1.0
2-3-1,Run1,189296543201,3.142852783203125,3.638763427734375,1.0
2-3-1,Run1,189296559856,3.131927490234375,3.6353759765625,1.0
2-3-1,Run1,189296576511,3.1465606689453125,3.644805908203125,1.0
2-3-1,Run1,189296593165,3.1499176025390625,3.6301422119140634,1.0
2-3-1,Run1,189296609820,3.1461639404296875,3.618942260742188,1.0
2-3-1,Run1,189296626475,3.113250732421875,3.6114349365234375,1.0
2-3-1,Run1,189296643130,2.99774169921875,3.609573364257813,1.0
2-3-1,Run1,189296659784,2.9426727294921875,3.5964508056640625,1.0
2-3-1,Run1,189296676440,3.092620849609375,3.572662353515625,1.0
2-3-1,Run1,189296693095,3.107696533203125,3.5552520751953125,1.0
2-3-1,Run1,189296709749,3.061370849609375,3.564208984375,1.0
2-3-1,Run1,189296726404,3.067840576171875,3.557968139648437,1.0
2-3-1,Run1,189296743059,3.074859619140625,3.566635131835937,1.0
2-3-1,Run1,189296759713,3.050506591796875,3.5564422607421875,1.0
2-3-1,Run1,189296776368,3.0438232421875,3.5565643310546875,1.0
2-3-1,Run1,189296793023,3.0467987060546875,3.552032470703125,1.0
2-3-1,Run1,189296809678,3.055145263671875,3.54974365234375,1.0
2-3-1,Run1,189296826333,3.0497589111328125,3.552398681640625,1.0
2-3-1,Run1,189296842988,3.0638580322265625,3.552032470703125,1.0
2-3-1,Run1,189296859642,3.0655517578125,3.5487213134765625,1.0
2-3-1,Run1,189296876297,2.9446258544921875,3.484619140625,1.0
2-3-1,Run1,189296892952,2.99615478515625,3.505828857421875,1.0
2-3-1,Run1,189296909607,2.99615478515625,3.505828857421875,1.0
2-3-1,Run1,189296926262,3.013336181640625,3.4890594482421875,1.0
2-3-1,Run1,189296942917,3.089462280273437,3.534637451171875,1.0
2-3-1,Run1,189296959572,3.076263427734375,3.542083740234375,1.0
2-3-1,Run1,189296976226,3.03778076171875,3.529159545898437,1.0
2-3-1,Run1,189296992881,3.061859130859375,3.54632568359375,1.0
2-3-1,Run1,189297009536,3.0713348388671875,3.549285888671875,1.0
2-3-1,Run1,189297026190,3.067230224609375,3.5398406982421875,1.0
2-3-1,Run1,189297042845,3.079940795898437,3.542388916015625,1.0
2-3-1,Run1,189297059501,3.087493896484375,3.5521392822265625,1.0
2-3-1,Run1,189297076155,3.0942535400390625,3.561264038085937,1.0
2-3-1,Run1,189297092810,3.1070709228515625,3.558258056640625,1.0
2-3-1,Run1,189297109465,3.1149444580078125,3.549667358398437,1.0
2-3-1,Run1,189297126119,3.1230621337890625,3.558990478515625,1.0
2-3-1,Run1,189297142774,3.1004180908203125,3.5272369384765625,1.0
2-3-1,Run1,189297159429,3.1897125244140625,3.488644686612216,1.0
2-3-1,Run1,189297176084,3.054401397705078,3.450052434747869,0.0
2-3-1,Run1,189297192739,2.9190902709960938,3.411460182883523,0.0
2-3-1,Run1,189297209394,2.7837791442871094,3.3728679310191763,0.0
2-3-1,Run1,189297226049,2.648468017578125,3.3342756791548296,0.0
2-3-1,Run1,189297242703,2.5131568908691406,3.295683427290483,0.0
2-3-1,Run1,189297259358,2.3778457641601562,3.2570911754261362,0.0
2-3-1,Run1,189297276013,2.242534637451172,3.21849892356179,0.0
2-3-1,Run1,189297292667,2.1072235107421875,3.1799066716974433,1.0
2-3-1,Run1,189297309323,2.1072235107421875,3.1413144198330967,1.0
2-3-1,Run1,189297325978,2.88909912109375,3.10272216796875,1.0
2-3-1,Run1,189297342632,2.96533203125,3.10272216796875,1.0
2-3-1,Run1,189297359287,2.9232635498046875,3.2411041259765625,1.0
2-3-1,Run1,189297375942,2.9307861328125,3.383453369140625,1.0
2-3-1,Run1,189297392596,2.911590576171875,3.4458465576171875,1.0
2-3-1,Run1,189297409251,2.961654663085937,3.4219970703125,1.0
2-3-1,Run1,189297425906,2.972763061523437,3.387237548828125,1.0
2-3-1,Run1,189297442562,2.9571685791015625,3.371734619140625,1.0
2-3-1,Run1,189297459216,2.9377899169921875,3.39013671875,1.0
2-3-1,Run1,189297475871,2.948226928710937,3.4001922607421875,1.0
2-3-1,Run1,189297492526,2.910385131835937,3.40155029296875,1.0
2-3-1,Run1,189297509180,2.8884735107421875,3.4054107666015625,1.0
2-3-1,Run1,189297525835,2.934677124023437,3.4259033203125,1.0
2-3-1,Run1,189297542490,2.95135498046875,3.428573608398437,1.0
2-3-1,Run1,189297559145,2.9493408203125,3.4414825439453125,1.0
2-3-1,Run1,189297575800,2.934188842773437,3.4351348876953125,1.0
2-3-1,Run1,189297592455,2.96405029296875,3.5855255126953125,1.0
2-3-1,Run1,189297609109,3.015716552734375,3.61614990234375,1.0
2-3-1,Run1,189297625764,3.02532958984375,3.61614990234375,1.0
2-3-1,Run1,189297642419,3.041534423828125,3.626007080078125,1.0
2-3-1,Run1,189297659073,3.050323486328125,3.626007080078125,1.0
2-3-1,Run1,189297675728,3.00201416015625,3.601776123046875,1.0
2-3-1,Run1,189297692384,3.016815185546875,3.601776123046875,1.0
2-3-1,Run1,189297709039,3.0254058837890625,3.6001739501953125,1.0
2-3-1,Run1,189297725693,3.019683837890625,3.4607391357421875,1.0
2-3-1,Run1,189297742348,3.0316314697265625,3.4662628173828125,1.0
2-3-1,Run1,189297759003,3.058197021484375,3.506195068359375,1.0
2-3-1,Run1,189297775658,3.0740509033203125,3.5113983154296875,1.0
2-3-1,Run1,189297792313,3.027923583984375,3.5107421875,1.0
2-3-1,Run1,189297808968,2.9702301025390625,3.5118560791015625,1.0
2-3-1,Run1,189297825623,2.9817657470703125,3.5145416259765625,1.0
2-3-1,Run1,189297842278,2.98291015625,3.511337280273437,1.0
2-3-1,Run1,189297858933,3.002655029296875,3.497528076171875,1.0
2-3-1,Run1,189297875587,3.072357177734375,3.4983673095703125,1.0
2-3-1,Run1,189297892242,3.045623779296875,3.48846435546875,1.0
2-3-1,Run1,189297908897,2.9989471435546875,3.511703491210937,1.0
2-3-1,Run1,189297925551,3.0161590576171875,3.538238525390625,1.0
2-3-1,Run1,189297942207,3.006011962890625,3.524765014648437,1.0
2-3-1,Run1,189297958862,3.0118560791015625,3.523544311523437,1.0
2-3-1,Run1,189297975517,3.01263427734375,3.514022827148437,1.0
2-3-1,Run1,189297992171,2.984725952148437,3.5148162841796875,1.0
2-3-1,Run1,189298008826,2.9943389892578125,3.5170135498046875,1.0
2-3-1,Run1,189298025481,3.021224975585937,3.513458251953125,1.0
2-3-1,Run1,189298042135,3.0171661376953125,3.537384033203125,1.0
2-3-1,Run1,189298058790,2.9997100830078125,3.552459716796875,1.0
2-3-1,Run1,189298075446,3.0129852294921875,3.531723022460937,1.0
2-3-1,Run1,189298092100,3.014755249023437,3.5220489501953125,1.0
2-3-1,Run1,189298108756,3.0299224853515625,3.5350799560546875,1.0
2-3-1,Run1,189298125411,3.042831420898437,3.5241851806640625,1.0
2-3-1,Run1,189298142065,3.00946044921875,3.5252838134765625,1.0
2-3-1,Run1,189298158720,3.0073394775390625,3.51300048828125,1.0
2-3-1,Run1,189298175375,2.9992218017578125,3.511505126953125,1.0
2-3-1,Run1,189298192029,2.9951934814453125,3.52203369140625,1.0
2-3-1,Run1,189298208685,2.9859771728515625,3.520126342773437,1.0
2-3-1,Run1,189298225340,2.9660797119140625,3.504867553710937,1.0
2-3-1,Run1,189298241995,2.9697265625,3.501800537109375,1.0
2-3-1,Run1,189298258649,2.9765777587890625,3.498764038085937,1.0
2-3-1,Run1,189298275304,2.9754638671875,3.5036163330078125,1.0
2-3-1,Run1,189298291959,2.975814819335937,3.529159545898437,1.0
2-3-1,Run1,189298308613,2.9757843017578125,3.530303955078125,1.0
2-3-1,Run1,189298325269,2.9627227783203125,3.49951171875,1.0
2-3-1,Run1,189298341924,2.934661865234375,3.4921875,1.0
2-3-1,Run1,189298358578,2.929443359375,3.479705810546875,1.0
2-3-1,Run1,189298375234,2.983734130859375,3.48394775390625,1.0
2-3-1,Run1,189298391889,2.960296630859375,3.4834136962890625,1.0
2-3-1,Run1,189298408543,2.9375,3.472320556640625,1.0
2-3-1,Run1,189298425198,2.9619903564453125,3.661346435546875,1.0
2-3-1,Run1,189298441853,2.9735870361328125,3.655960083007813,1.0
2-3-1,Run1,189298458508,2.9452667236328125,3.464096069335937,1.0
2-3-1,Run1,189298475163,2.93621826171875,3.45111083984375,1.0
2-3-1,Run1,189298491818,2.95654296875,3.4365234375,1.0
2-3-1,Run1,189298508473,2.9372711181640625,3.381256103515625,1.0
2-3-1,Run1,189298525127,3.163787841796875,3.3542716286399146,1.0
2-3-1,Run1,189298541782,3.090391159057617,3.3272871537642046,0.0
2-3-1,Run1,189298558437,3.0169944763183594,3.300302678888494,0.0
2-3-1,Run1,189298575092,2.9435977935791016,3.273318204012784,0.0
2-3-1,Run1,189298591747,2.8702011108398438,3.2463337291370737,0.0
2-3-1,Run1,189298608402,2.796804428100586,3.2193492542613638,0.0
2-3-1,Run1,189298625056,2.723407745361328,3.1923647793856533,0.0
2-3-1,Run1,189298641711,2.6500110626220703,3.1653803045099433,0.0
2-3-1,Run1,189298658367,2.5766143798828125,3.138395829634233,1.0
2-3-1,Run1,189298675021,2.818023681640625,3.1114113547585225,1.0
2-3-1,Run1,189298691676,2.9723358154296875,3.0844268798828125,1.0
2-3-1,Run1,189298708331,3.0017242431640625,3.0844268798828125,1.0
2-3-1,Run1,189298724986,2.9730682373046875,3.2679595947265625,1.0
2-3-1,Run1,189298741641,2.977157592773437,3.428802490234375,1.0
2-3-1,Run1,189298758296,2.9624786376953125,3.426055908203125,1.0
2-3-1,Run1,189298774951,2.957916259765625,3.359588623046875,1.0
2-3-1,Run1,189298791605,2.981063842773437,3.423934936523437,1.0
2-3-1,Run1,189298808260,3.040145874023437,3.38128662109375,1.0
2-3-1,Run1,189298824915,3.03204345703125,3.396270751953125,1.0
2-3-1,Run1,189298841570,3.006500244140625,3.4669189453125,1.0
2-3-1,Run1,189298858225,3.014617919921875,3.4654998779296875,1.0
2-3-1,Run1,189298874880,3.046600341796875,3.47210693359375,1.0
2-3-1,Run1,189298891534,3.0321807861328125,3.4984588623046875,1.0
2-3-1,Run1,189298908189,2.98455810546875,3.48248291015625,1.0
2-3-1,Run1,189298924844,3.002685546875,3.488876342773437,1.0
2-3-1,Run1,189298941498,3.010482788085937,3.494415283203125,1.0
2-3-1,Run1,189298958154,3.0211181640625,3.488876342773437,1.0
2-3-1,Run1,189298974810,3.0099639892578125,3.5052032470703125,1.0
2-3-1,Run1,189298991464,3.058837890625,3.5418853759765625,1.0
2-3-1,Run1,189299008119,3.1024627685546875,3.540130615234375,1.0
2-3-1,Run1,189299024774,3.0789031982421875,3.53887939453125,1.0
2-3-1,Run1,189299041429,3.0301513671875,3.5328521728515625,1.0
2-3-1,Run1,189299058083,3.0137939453125,3.53619384765625,1.0
2-3-1,Run1,189299074738,3.0674591064453125,3.5153350830078125,1.0
2-3-1,Run1,189299091394,3.083343505859375,3.5189971923828125,1.0
2-3-1,Run1,189299108048,3.0523681640625,3.538818359375,1.0
2-3-1,Run1,189299124703,3.06414794921875,3.6726226806640634,1.0
2-3-1,Run1,189299141358,3.075103759765625,3.7485504150390634,1.0
2-3-1,Run1,189299158012,3.04669189453125,3.5598602294921875,1.0
2-3-1,Run1,189299174667,3.028228759765625,3.52923583984375,1.0
2-3-1,Run1,189299191322,3.010711669921875,3.640655517578125,1.0
2-3-1,Run1,189299207977,2.8706207275390625,3.602346420288086,1.0
2-3-1,Run1,189299224632,2.8676411946614584,3.564037322998047,0.0
2-3-1,Run1,189299241287,2.8646616617838543,3.525728225708008,0.0
2-3-1,Run1,189299257942,2.86168212890625,3.4874191284179688,0.0
2-3-1,Run1,189299274597,2.8587025960286456,3.4491100311279297,0.0
2-3-1,Run1,189299291252,2.8557230631510415,3.4108009338378906,0.0
2-3-1,Run1,189299307907,2.8527435302734374,3.3724918365478516,0.0
2-3-1,Run1,189299324561,2.8497639973958333,3.3341827392578125,0.0
2-3-1,Run1,189299341217,2.846784464518229,3.2958736419677734,0.0
2-3-1,Run1,189299357872,2.843804931640625,3.2575645446777344,0.0
2-3-1,Run1,189299374526,2.840825398763021,3.2192554473876953,0.0
2-3-1,Run1,189299391181,2.837845865885417,3.1809463500976562,0.0
2-3-1,Run1,189299422087,2.8348663330078123,3.142637252807617,0.0
2-3-1,Run1,189299438742,2.831886800130208,3.104328155517578,0.0
2-3-1,Run1,189299472790,2.828907267252604,3.066019058227539,0.0
2-3-1,Run1,189299489445,2.825927734375,3.0277099609375,1.0
2-3-1,Run1,189299506099,2.825927734375,3.0277099609375,1.0
2-3-1,Run1,189299522754,2.84381103515625,3.1655426025390625,1.0
2-3-1,Run1,189299539409,2.9258270263671875,3.1655426025390625,1.0
2-3-1,Run1,189299556064,2.9421844482421875,3.2035369873046875,1.0
2-3-1,Run1,189299572719,2.9872283935546875,3.3381805419921875,1.0
2-3-1,Run1,189299589375,2.9556427001953125,3.3617401123046875,1.0
2-3-1,Run1,189299606029,2.953094482421875,3.340728759765625,1.0
2-3-1,Run1,189299622684,2.9502716064453125,3.361557006835937,1.0
2-3-1,Run1,189299639339,2.9740753173828125,3.2819366455078125,1.0
2-3-1,Run1,189299655993,2.9867095947265625,3.3275909423828125,1.0
2-3-1,Run1,189299672648,2.9500885009765625,3.3275909423828125,1.0
2-3-1,Run1,189299689303,2.9370574951171875,3.380584716796875,1.0
2-3-1,Run1,189299705958,2.9474029541015625,3.4810333251953125,1.0
2-3-1,Run1,189299722613,2.9427947998046875,3.472518920898437,1.0
2-3-1,Run1,189299739268,2.925155639648437,3.420928955078125,1.0
2-3-1,Run1,189299755923,2.93353271484375,3.405609130859375,1.0
2-3-1,Run1,189299772577,2.962310791015625,3.4101715087890625,1.0
2-3-1,Run1,189299789232,2.9271697998046875,3.430084228515625,1.0
2-3-1,Run1,189299805887,2.9158172607421875,3.4381561279296875,1.0
2-3-1,Run1,189299822541,2.9324951171875,3.421051025390625,1.0
2-3-1,Run1,189299839197,2.9060516357421875,3.3824462890625,1.0
2-3-1,Run1,189299855853,2.8708648681640625,3.381927490234375,1.0
2-3-1,Run1,189299872507,2.9171600341796875,3.392562866210937,1.0
2-3-1,Run1,189299889162,2.9207763671875,3.3826904296875,1.0
2-3-1,Run1,189299905817,2.93353271484375,3.409774780273437,1.0
2-3-1,Run1,189299922471,2.921600341796875,3.3990631103515625,1.0
2-3-1,Run1,189299939126,2.8745574951171875,3.4049835205078125,1.0
2-3-1,Run1,189299955781,2.884506225585937,3.3657379150390625,1.0
2-3-1,Run1,189299972436,2.8778533935546875,3.332138061523437,1.0
2-3-1,Run1,189299989091,2.87689208984375,3.33489990234375,1.0
2-3-1,Run1,189300005746,2.8466033935546875,3.3289031982421875,1.0
2-3-1,Run1,189300022401,2.824859619140625,3.327606201171875,1.0
2-3-1,Run1,189300039055,2.85797119140625,3.313583374023437,1.0
2-3-1,Run1,189300055710,2.878814697265625,3.3153228759765625,1.0
2-3-1,Run1,189300072365,2.8648834228515625,3.323760986328125,1.0
2-3-1,Run1,189300089020,2.85284423828125,3.3177490234375,1.0
2-3-1,Run1,189300105675,2.8291778564453125,3.314682006835937,1.0
2-3-1,Run1,189300122330,2.82098388671875,3.3243408203125,1.0
2-3-1,Run1,189300138985,2.817047119140625,3.326644897460937,1.0
2-3-1,Run1,189300155640,2.8434295654296875,3.29608154296875,1.0
2-3-1,Run1,189300172295,2.8834228515625,3.329498291015625,1.0
2-3-1,Run1,189300188949,2.879852294921875,3.5990142822265625,1.0
2-3-1,Run1,189300205604,2.866668701171875,3.4592437744140625,1.0
2-3-1,Run1,189300222259,2.8433074951171875,3.3281707763671875,1.0
2-3-1,Run1,189300238914,2.849472045898437,3.34405517578125,1.0
2-3-1,Run1,189300255569,2.892120361328125,3.5176239013671875,1.0
2-3-1,Run1,189300272224,2.906280517578125,3.4814605712890625,1.0
2-3-1,Run1,189300288879,2.922470092773437,3.32354736328125,1.0
2-3-1,Run1,189300305533,2.9228668212890625,3.3386993408203125,1.0
2-3-1,Run1,189300322189,2.9392547607421875,3.352645874023437,1.0
2-3-1,Run1,189300338844,2.9654693603515625,3.3628387451171875,1.0
2-3-1,Run1,189300355498,2.9662628173828125,3.3830718994140625,1.0
2-3-1,Run1,189300372153,2.96044921875,3.3779754638671875,1.0
2-3-1,Run1,189300388808,2.967803955078125,3.38348388671875,1.0
2-3-1,Run1,189300405462,2.9472808837890625,3.37799072265625,1.0
2-3-1,Run1,189300422117,2.9498443603515625,3.410629272460937,1.0
2-3-1,Run1,189300438773,2.9647979736328125,3.3635406494140625,1.0
2-3-1,Run1,189300455427,3.200546264648437,3.312231210561899,1.0
2-3-1,Run1,189300472082,3.170730590820312,3.2609217717097354,0.0
2-3-1,Run1,189300488738,3.140914916992187,3.209612332857572,0.0
2-3-1,Run1,189300505392,3.111099243164062,3.1583028940054083,0.0
2-3-1,Run1,189300522047,3.081283569335937,3.106993455153245,0.0
2-3-1,Run1,189300538702,3.051467895507812,3.0556840163010817,0.0
2-3-1,Run1,189300555357,3.021652221679687,3.004374577448918,0.0
2-3-1,Run1,189300572012,2.9918365478515625,2.9530651385967546,0.0
2-3-1,Run1,189300588667,2.9620208740234375,2.901755699744591,0.0
2-3-1,Run1,189300605322,2.9322052001953125,2.8504462608924275,0.0
2-3-1,Run1,189300621976,2.9023895263671875,2.799136822040264,0.0
2-3-1,Run1,189300638631,2.8725738525390625,2.7478273831881004,0.0
2-3-1,Run1,189300655286,2.8427581787109375,2.696517944335937,1.0
2-3-1,Run1,189300671940,2.8129425048828125,2.696517944335937,1.0
2-3-1,Run1,189300688596,2.7831268310546875,3.0766143798828125,1.0
2-3-1,Run1,189300705251,2.933578491210937,3.0766143798828125,1.0
2-3-1,Run1,189300721905,2.9500732421875,3.220199584960937,1.0
2-3-1,Run1,189300738561,2.9248504638671875,3.220199584960937,1.0
2-3-1,Run1,189300755216,2.92230224609375,3.2429962158203125,1.0
2-3-1,Run1,189300771870,2.93682861328125,3.273834228515625,1.0
2-3-1,Run1,189300788525,2.9086456298828125,3.3256988525390625,1.0
2-3-1,Run1,189300805180,2.909423828125,3.3946075439453125,1.0
2-3-1,Run1,189300821836,2.896697998046875,3.4130859375,1.0
2-3-1,Run1,189300838490,2.90924072265625,3.3798828125,1.0
2-3-1,Run1,189300855145,2.8975830078125,3.3758544921875,1.0
2-3-1,Run1,189300871800,2.865234375,3.3188018798828125,1.0
2-3-1,Run1,189300888454,2.8541717529296875,3.224838256835937,1.0
2-3-1,Run1,189300905109,2.890609741210937,3.638519287109375,1.0
2-3-1,Run1,189300921764,2.90789794921875,3.40582275390625,1.0
2-3-1,Run1,189300938419,2.878326416015625,3.3537750244140625,1.0
2-3-1,Run1,189300955074,2.8900299072265625,3.447250366210937,1.0
2-3-1,Run1,189300971729,2.8703765869140625,3.568832397460937,1.0
2-3-1,Run1,189300988383,2.853134155273437,3.568832397460937,1.0
2-3-1,Run1,189301005038,2.8790283203125,3.4672088623046875,1.0
2-3-1,Run1,189301021694,2.876251220703125,3.4672088623046875,1.0
2-3-1,Run1,189301038348,2.8610382080078125,3.442108154296875,1.0
2-3-1,Run1,189301055003,2.815673828125,3.28680419921875,1.0
2-3-1,Run1,189301071658,2.7979888916015625,3.28692626953125,1.0
2-3-1,Run1,189301088313,2.804183959960937,3.29547119140625,1.0
2-3-1,Run1,189301104968,2.800521850585937,3.277938842773437,1.0
2-3-1,Run1,189301121623,2.7979278564453125,3.261474609375,1.0
2-3-1,Run1,189301138278,2.8299560546875,3.26715087890625,1.0
2-3-1,Run1,189301154932,2.785400390625,3.256500244140625,1.0
2-3-1,Run1,189301171587,2.71478271484375,3.2640838623046875,1.0
2-3-1,Run1,189301188243,2.72760009765625,3.256256103515625,1.0
2-3-1,Run1,189301204897,2.7537994384765625,3.269989013671875,1.0
2-3-1,Run1,189301221552,2.78277587890625,3.27252197265625,1.0
2-3-1,Run1,189301238207,2.8365020751953125,3.2228546142578125,1.0
2-3-1,Run1,189301254861,2.811874389648437,3.175689697265625,1.0
2-3-1,Run1,189301271516,2.7703857421875,3.20135498046875,1.0
2-3-1,Run1,189301288171,2.79620361328125,3.233505249023437,1.0
2-3-1,Run1,189301304826,2.7906951904296875,3.2413330078125,1.0
2-3-1,Run1,189301321481,2.780502319335937,3.2295379638671875,1.0
2-3-1,Run1,189301338136,2.7743377685546875,3.23406982421875,1.0
2-3-1,Run1,189301354791,2.774017333984375,3.232528686523437,1.0
2-3-1,Run1,189301371446,2.77734375,3.2223052978515625,1.0
2-3-1,Run1,189301388101,2.7307891845703125,3.233749389648437,1.0
2-3-1,Run1,189301404756,2.747039794921875,3.233642578125,1.0
2-3-1,Run1,189301421411,2.8225250244140625,3.3872528076171875,1.0
2-3-1,Run1,189301438066,2.8105621337890625,3.3075714111328125,1.0
2-3-1,Run1,189301454721,2.78955078125,3.1909332275390625,1.0
2-3-1,Run1,189301471375,2.79852294921875,3.2152862548828125,1.0
2-3-1,Run1,189301488030,2.779296875,3.406585693359375,1.0
2-3-1,Run1,189301504685,2.767181396484375,3.354598999023437,1.0
2-3-1,Run1,189301521339,2.755233764648437,3.354598999023437,1.0
2-3-1,Run1,189301537994,2.7375946044921875,3.459075927734375,1.0
2-3-1,Run1,189301554650,2.758087158203125,3.25103759765625,1.0
2-3-1,Run1,189301571304,2.796905517578125,3.232635498046875,1.0
2-3-1,Run1,189301587959,2.777313232421875,3.212371826171875,1.0
2-3-1,Run1,189301604614,2.76959228515625,3.2363433837890625,1.0
2-3-1,Run1,189301621270,2.783050537109375,3.23577880859375,1.0
2-3-1,Run1,189301637924,2.7526397705078125,3.1392974853515625,1.0
2-3-1,Run1,189301654579,2.798446655273437,3.161605834960937,1.0
2-3-1,Run1,189301671235,2.8471832275390625,3.244659423828125,1.0
2-3-1,Run1,189301687889,2.7757568359375,3.24395751953125,1.0
2-3-1,Run1,189301704544,2.731903076171875,3.248153686523437,1.0
2-3-1,Run1,189301721199,2.7585906982421875,3.263671875,1.0
2-3-1,Run1,189301737853,2.714263916015625,3.255462646484375,1.0
2-3-1,Run1,189301754508,2.7373809814453125,3.2291259765625,1.0
2-3-1,Run1,189301771163,2.795928955078125,3.1949920654296875,1.0
2-3-1,Run1,189301787817,2.8073883056640625,3.144775390625,1.0
2-3-1,Run1,189301804473,2.6569366455078125,3.0536346435546875,1.0
2-3-1,Run1,189301821128,2.6548834906684027,2.9800889756944446,0.0
2-3-1,Run1,189301837782,2.652830335828993,2.9065433078342013,0.0
2-3-1,Run1,189301854437,2.6507771809895835,2.8329976399739585,0.0
2-3-1,Run1,189301871092,2.6487240261501737,2.759451972113715,0.0
2-3-1,Run1,189301887747,2.646670871310764,2.6859063042534723,0.0
2-3-1,Run1,189301904402,2.644617716471354,2.612360636393229,0.0
2-3-1,Run1,189301921057,2.6425645616319446,2.538814968532986,0.0
2-3-1,Run1,189301937713,2.640511406792535,2.465269300672743,0.0
2-3-1,Run1,189301954367,2.638458251953125,2.3917236328125,1.0
2-3-1,Run1,189301971022,2.798202514648437,2.3917236328125,1.0
2-3-1,Run1,189301987677,2.871307373046875,3.073638916015625,1.0
2-3-1,Run1,189302004331,2.920272827148437,3.209213256835937,1.0
2-3-1,Run1,189302020986,2.909774780273437,3.27825927734375,1.0
2-3-1,Run1,189302037642,2.88897705078125,3.202499389648437,1.0
2-3-1,Run1,189302054296,2.873046875,3.2572021484375,1.0
2-3-1,Run1,189302070951,2.8891754150390625,3.2611846923828125,1.0
2-3-1,Run1,189302087606,2.9369049072265625,3.1507720947265625,1.0
2-3-1,Run1,189302104260,2.8398895263671875,3.1507720947265625,1.0
2-3-1,Run1,189302120915,2.8596615261501737,3.1470947265625,0.0
2-3-1,Run1,189302137570,2.87943352593316,3.1434173583984375,0.0
2-3-1,Run1,189302154225,2.8992055257161455,3.139739990234375,0.0
2-3-1,Run1,189302170880,2.9189775254991317,3.1360626220703125,0.0
2-3-1,Run1,189302187535,2.938749525282118,3.13238525390625,0.0
2-3-1,Run1,189302204191,2.958521525065104,3.1287078857421875,0.0
2-3-1,Run1,189302220845,2.97829352484809,3.125030517578125,0.0
2-3-1,Run1,189302237500,2.9980655246310763,3.1213531494140625,0.0
2-3-1,Run1,189302254155,3.0178375244140625,3.11767578125,0.0
2-3-1,Run1,189302270809,3.037609524197048,3.1139984130859375,0.0
2-3-1,Run1,189302287465,3.0573815239800344,3.110321044921875,0.0
2-3-1,Run1,189302318121,3.0771535237630205,3.1066436767578125,0.0
2-3-1,Run1,189302334776,3.0969255235460067,3.10296630859375,0.0
2-3-1,Run1,189302351431,3.116697523328993,3.0992889404296875,0.0
2-3-1,Run1,189302368085,3.1364695231119786,3.095611572265625,0.0
2-3-1,Run1,189302384740,3.1562415228949647,3.0919342041015625,0.0
2-3-1,Run1,189302418817,3.176013522677951,3.0882568359375,0.0
2-3-1,Run1,189302435472,3.195785522460937,3.0845794677734375,1.0
2-3-1,Run1,189302452127,2.9073638916015625,3.080902099609375,1.0
2-3-1,Run1,189302468781,2.867340087890625,3.080902099609375,1.0
2-3-1,Run1,189302485437,2.8585357666015625,3.100311279296875,1.0
2-3-1,Run1,189302502092,2.874130249023437,3.100311279296875,1.0
2-3-1,Run1,189302518746,2.843841552734375,3.1827392578125,1.0
2-3-1,Run1,189302535402,2.860992431640625,3.1827392578125,1.0
2-3-1,Run1,189302552057,2.882293701171875,3.18914794921875,1.0
2-3-1,Run1,189302568712,2.8721160888671875,3.18914794921875,1.0
2-3-1,Run1,189302585366,2.8385009765625,3.241851806640625,1.0
2-3-1,Run1,189302602021,2.819854736328125,3.31207275390625,1.0
2-3-1,Run1,189302618676,2.853607177734375,3.313201904296875,1.0
2-3-1,Run1,189302635330,2.871063232421875,3.2873687744140625,1.0
2-3-1,Run1,189302651986,2.82977294921875,3.2869873046875,1.0
2-3-1,Run1,189302668641,2.8123321533203125,3.3048858642578125,1.0
2-3-1,Run1,189302685295,2.8048095703125,3.299774169921875,1.0
2-3-1,Run1,189302701950,2.82354736328125,3.304168701171875,1.0
2-3-1,Run1,189302718605,2.835418701171875,3.2726593017578125,1.0
2-3-1,Run1,189302735259,2.7924346923828125,3.2375640869140625,1.0
2-3-1,Run1,189302751914,2.790267944335937,3.2571563720703125,1.0
2-3-1,Run1,189302768570,2.8380584716796875,3.2943115234375,1.0
2-3-1,Run1,189302785224,2.8507843017578125,3.2627410888671875,1.0
2-3-1,Run1,189302801879,2.8202362060546875,3.2496337890625,1.0
2-3-1,Run1,189302818534,2.7721099853515625,3.2401580810546875,1.0
2-3-1,Run1,189302835189,2.733505249023437,3.22674560546875,1.0
2-3-1,Run1,189302851843,2.734848022460937,3.392822265625,1.0
2-3-1,Run1,189302868498,2.7580108642578125,3.4444580078125,1.0
2-3-1,Run1,189302885153,2.73907470703125,3.4444580078125,1.0
2-3-1,Run1,189302901808,2.720672607421875,3.461822509765625,1.0
2-3-1,Run1,189302918463,2.691268920898437,3.461822509765625,1.0
2-3-1,Run1,189302935118,2.746185302734375,3.53021240234375,1.0
2-3-1,Run1,189302951772,2.791015625,3.53021240234375,1.0
2-3-1,Run1,189302968427,2.737213134765625,3.34991455078125,1.0
2-3-1,Run1,189302985082,2.7277069091796875,3.34991455078125,1.0
2-3-1,Run1,189303001736,2.7353973388671875,3.4653472900390625,1.0
2-3-1,Run1,189303018392,2.69708251953125,3.4653472900390625,1.0
2-3-1,Run1,189303035047,2.720367431640625,3.358062744140625,1.0
2-3-1,Run1,189303051701,3.0113677978515625,3.155914306640625,1.0
2-3-1,Run1,189303068356,2.817138671875,3.133270263671875,1.0
2-3-1,Run1,189303085011,2.6118316650390625,3.145355224609375,1.0
2-3-1,Run1,189303101666,2.6426239013671875,3.135101318359375,1.0
2-3-1,Run1,189303118320,2.6492156982421875,3.11590576171875,1.0
2-3-1,Run1,189303134975,2.6857147216796875,3.133819580078125,1.0
2-3-1,Run1,189303151631,2.7268829345703125,3.1497344970703125,1.0
2-3-1,Run1,189303168285,2.695419311523437,3.1451568603515625,1.0
2-3-1,Run1,189303184940,2.6840057373046875,3.301300048828125,1.0
2-3-1,Run1,189303201595,2.699462890625,3.253158569335937,1.0
2-3-1,Run1,189303218249,2.630462646484375,3.103485107421875,1.0
2-3-1,Run1,189303234904,2.592529296875,3.1356353759765625,1.0
2-3-1,Run1,189303251559,2.6257476806640625,3.113510131835937,1.0
2-3-1,Run1,189303268214,2.677001953125,3.0854034423828125,1.0
2-3-1,Run1,189303284869,2.6806182861328125,3.2659912109375,1.0
2-3-1,Run1,189303301524,2.689666748046875,2.996307373046875,1.0
2-3-1,Run1,189303318178,2.6350860595703125,3.026947021484375,1.0
2-3-1,Run1,189303334833,2.621307373046875,3.1279754638671875,1.0
2-3-1,Run1,189303351488,2.684677124023437,3.1434478759765625,1.0
2-3-1,Run1,189303368143,2.708709716796875,3.142913818359375,1.0
2-3-1,Run1,189303384798,2.751449584960937,3.13970947265625,1.0
2-3-1,Run1,189303401453,2.7694244384765625,3.1186065673828125,1.0
2-3-1,Run1,189303418108,2.6763916015625,3.147857666015625,1.0
2-3-1,Run1,189303434762,2.404022216796875,3.0977020263671875,1.0
2-3-1,Run1,189303451417,2.531167984008789,3.080540974934896,0.0
2-3-1,Run1,189303468072,2.658313751220703,3.063379923502604,0.0
2-3-1,Run1,189303484726,2.785459518432617,3.0462188720703125,0.0
2-3-1,Run1,189303501381,2.9126052856445312,3.029057820638021,0.0
2-3-1,Run1,189303518037,3.0397510528564453,3.011896769205729,0.0
2-3-1,Run1,189303534691,3.1668968200683594,2.9947357177734375,0.0
2-3-1,Run1,189303551346,3.2940425872802734,2.977574666341146,0.0
2-3-1,Run1,189303568001,3.4211883544921875,2.960413614908854,1.0
2-3-1,Run1,189303584655,2.93914794921875,2.9432525634765625,1.0
2-3-1,Run1,189303601310,2.7279052734375,2.9432525634765625,1.0
2-3-1,Run1,189303617965,2.6997222900390625,3.121444702148437,1.0
2-3-1,Run1,189303634621,2.7529296875,3.234237670898437,1.0
2-3-1,Run1,189303651275,2.803131103515625,3.2892303466796875,1.0
2-3-1,Run1,189303667930,2.8076324462890625,3.262298583984375,1.0
2-3-1,Run1,189303684585,2.8163604736328125,3.2637176513671875,1.0
2-3-1,Run1,189303701239,2.82952880859375,3.293212890625,1.0
2-3-1,Run1,189303717894,2.8475494384765625,3.291015625,1.0
2-3-1,Run1,189303734549,2.853866577148437,3.29754638671875,1.0
2-3-1,Run1,189303751204,2.8739013671875,3.276519775390625,1.0
2-3-1,Run1,189303767859,2.96014404296875,3.256332397460937,1.0
2-3-1,Run1,189303784514,2.950103759765625,3.314422607421875,1.0
2-3-1,Run1,189303801168,2.8807373046875,3.3188629150390625,1.0
2-3-1,Run1,189303817823,2.8881378173828125,3.3421783447265625,1.0
2-3-1,Run1,189303834478,2.878768920898437,3.350250244140625,1.0
2-3-1,Run1,189303851132,2.92193603515625,3.365386962890625,1.0
2-3-1,Run1,189303867787,2.97235107421875,3.373046875,1.0
2-3-1,Run1,189303884443,2.9423828125,3.3593292236328125,1.0
2-3-1,Run1,189303901098,2.9188385009765625,3.379119873046875,1.0
2-3-1,Run1,189303917752,2.9297637939453125,3.3834381103515625,1.0
2-3-1,Run1,189303934407,2.943603515625,3.394287109375,1.0
2-3-1,Run1,189303951062,2.947967529296875,3.4553680419921875,1.0
2-3-1,Run1,189303967716,2.9831695556640625,3.4431304931640625,1.0
2-3-1,Run1,189303984371,2.9762115478515625,3.4330291748046875,1.0
2-3-1,Run1,189304001027,2.963775634765625,3.441436767578125,1.0
2-3-1,Run1,189304017681,3.00506591796875,3.438461303710937,1.0
2-3-1,Run1,189304034336,3.0161590576171875,3.4484405517578125,1.0
2-3-1,Run1,189304050991,3.027938842773437,3.451156616210937,1.0
2-3-1,Run1,189304067645,3.009613037109375,3.4327545166015625,1.0
2-3-1,Run1,189304084300,2.999862670898437,3.463729858398437,1.0
2-3-1,Run1,189304100955,2.9823455810546875,3.458480834960937,1.0
2-3-1,Run1,189304117610,2.9479217529296875,3.33514404296875,1.0
2-3-1,Run1,189304134265,2.893280029296875,3.2513885498046875,1.0
2-3-1,Run1,189304150920,3.048431396484375,3.269517008463542,1.0
2-3-1,Run1,189304167575,2.97623291015625,3.287645467122396,0.0
2-3-1,Run1,189304184229,2.904034423828125,3.30577392578125,0.0
2-3-1,Run1,189304200884,2.8318359375,3.323902384440104,0.0
2-3-1,Run1,189304217539,2.759637451171875,3.3420308430989585,0.0
2-3-1,Run1,189304234193,2.68743896484375,3.3601593017578124,1.0
2-3-1,Run1,189304250849,2.68743896484375,3.378287760416667,1.0
2-3-1,Run1,189304267504,3.1130828857421875,3.3964162190755207,1.0
2-3-1,Run1,189304284158,3.1130828857421875,3.414544677734375,1.0
2-3-1,Run1,189304300813,3.097015380859375,3.432673136393229,0.0
2-3-1,Run1,189304317468,3.0809478759765625,3.4508015950520834,0.0
2-3-1,Run1,189304334122,3.06488037109375,3.4689300537109373,0.0
2-3-1,Run1,189304350777,3.0488128662109375,3.4870585123697917,0.0
2-3-1,Run1,189304367433,3.032745361328125,3.505186971028646,0.0
2-3-1,Run1,189304384087,3.0166778564453125,3.5233154296875,1.0
2-3-1,Run1,189304400742,3.0979156494140625,3.5524444580078125,1.0
2-3-1,Run1,189304417397,3.222518920898437,3.6204833984375,1.0
2-3-1,Run1,189304434052,3.31683349609375,3.7121734619140634,1.0
2-3-1,Run1,189304450706,3.31683349609375,3.7121734619140634,1.0
2-3-1,Run1,189304467361,3.1553878784179688,3.610099792480469,0.0
2-3-1,Run1,189304484016,2.9939422607421875,3.508026123046875,1.0
2-3-1,Run1,189304500671,3.139892578125,3.562240600585937,1.0
2-3-1,Run1,189304517326,3.1491851806640625,3.693511962890625,1.0
2-3-1,Run1,189304533981,3.137969970703125,3.76263427734375,1.0
2-3-1,Run1,189304550635,3.13690185546875,3.76263427734375,1.0
2-3-1,Run1,189304567290,3.11810302734375,3.6314773559570312,1.0
2-3-1,Run1,189304583945,3.084014892578125,3.5003204345703125,1.0
2-3-1,Run1,189304600599,3.076812744140625,3.557525634765625,1.0
2-3-1,Run1,189304617255,3.068710327148437,3.5706329345703125,1.0
2-3-1,Run1,189304633910,3.074005126953125,3.555633544921875,1.0
2-3-1,Run1,189304650564,3.0481109619140625,3.4981231689453125,1.0
2-3-1,Run1,189304667219,3.02789306640625,3.4898834228515625,1.0
2-3-1,Run1,189304683874,2.97467041015625,3.4920806884765625,1.0
2-3-1,Run1,189304700529,2.955963134765625,3.487777709960937,1.0
2-3-1,Run1,189304717183,2.958343505859375,3.4778594970703125,1.0
2-3-1,Run1,189304733839,2.96514892578125,3.47479248046875,1.0
2-3-1,Run1,189304750494,2.932479858398437,3.5888824462890625,1.0
2-3-1,Run1,189304767148,2.91986083984375,3.609344482421875,1.0
2-3-1,Run1,189304783803,2.9518280029296875,3.4578399658203125,1.0
2-3-1,Run1,189304800458,2.9416046142578125,3.45379638671875,1.0
2-3-1,Run1,189304817112,2.9240875244140625,3.584747314453125,1.0
2-3-1,Run1,189304833767,2.8980712890625,3.5525360107421875,1.0
2-3-1,Run1,189304850422,2.901336669921875,3.415130615234375,1.0
2-3-1,Run1,189304867077,2.926300048828125,3.417831420898437,1.0
2-3-1,Run1,189304883732,2.9434356689453125,3.568099975585937,1.0
2-3-1,Run1,189304900387,2.9651641845703125,3.553207397460937,1.0
2-3-1,Run1,189304917041,3.1977691650390625,3.553207397460937,1.0
2-3-1,Run1,189304933696,3.1496734619140625,3.4647979736328125,1.0
2-3-1,Run1,189304950351,2.9367828369140625,3.3763885498046875,1.0
2-3-1,Run1,189304967006,2.9494171142578125,3.4275360107421875,1.0
2-3-1,Run1,189304983661,2.9625701904296875,3.430511474609375,1.0
2-3-1,Run1,189305000316,2.9322052001953125,3.424911499023437,1.0
2-3-1,Run1,189305016971,3.140960693359375,3.547515869140625,1.0
2-3-1,Run1,189305033625,3.027459716796875,3.522138977050781,0.0
2-3-1,Run1,189305050280,2.913958740234375,3.4967620849609373,0.0
2-3-1,Run1,189305066935,2.800457763671875,3.471385192871094,0.0
2-3-1,Run1,189305083589,2.686956787109375,3.44600830078125,0.0
2-3-1,Run1,189305100245,2.573455810546875,3.4206314086914062,1.0
2-3-1,Run1,189305116900,2.573455810546875,3.3952545166015624,1.0
2-3-1,Run1,189305133554,2.5997772216796875,3.3698776245117186,1.0
2-3-1,Run1,189305150209,2.5997772216796875,3.344500732421875,1.0
2-3-1,Run1,189305166864,3.2530670166015625,3.3191238403320313,1.0
2-3-1,Run1,189305183518,3.070175170898437,3.2937469482421875,1.0
2-3-1,Run1,189305200173,3.0883941650390625,3.4187774658203125,1.0
2-3-1,Run1,189305216828,3.1216583251953125,3.5371856689453125,1.0
2-3-1,Run1,189305233484,3.120330810546875,3.5139923095703125,1.0
2-3-1,Run1,189305250138,3.119491577148437,3.55810546875,1.0
2-3-1,Run1,189305266793,3.149749755859375,3.558456420898437,1.0
2-3-1,Run1,189305283448,3.36712646484375,3.6221771240234375,1.0
2-3-1,Run1,189305300102,3.4588623046875,3.8007659912109375,1.0
2-3-1,Run1,189305316757,3.2028350830078125,3.62957763671875,1.0
2-3-1,Run1,189305333412,3.1862030029296875,3.6048736572265625,1.0
2-3-1,Run1,189305350067,3.414794921875,3.717941284179688,1.0
2-3-1,Run1,189305366722,3.4373321533203125,3.8084869384765625,1.0
2-3-1,Run1,189305383377,3.4373321533203125,3.6181488037109375,1.0
2-3-1,Run1,189305400031,3.2353363037109375,3.632965087890625,1.0
2-3-1,Run1,189305416686,3.0333404541015625,3.430267333984375,1.0
2-3-1,Run1,189305433341,3.172027587890625,3.312347412109375,1.0
2-3-1,Run1,189305449995,3.177093505859375,3.5879058837890625,1.0
2-3-1,Run1,189305466651,2.9078369140625,3.5307991721413354,1.0
2-3-1,Run1,189305483306,2.7667236328125,3.473692460493608,1.0
2-3-1,Run1,189305499961,2.7881126403808594,3.416585748845881,0.0
2-3-1,Run1,189305516615,2.8095016479492188,3.3594790371981533,0.0
2-3-1,Run1,189305533270,2.830890655517578,3.3023723255504263,0.0
2-3-1,Run1,189305549925,2.8522796630859375,3.2452656139026987,0.0
2-3-1,Run1,189305566579,2.873668670654297,3.1881589022549717,0.0
2-3-1,Run1,189305583234,2.8950576782226562,3.131052190607244,0.0
2-3-1,Run1,189305599890,2.9164466857910156,3.073945478959517,0.0
2-3-1,Run1,189305616544,2.937835693359375,3.01683876731179,1.0
2-3-1,Run1,189305633199,3.06396484375,2.9597320556640625,1.0
2-3-1,Run1,189305649854,3.068389892578125,3.208343505859375,1.0
2-3-1,Run1,189305666508,3.075347900390625,3.353622436523437,1.0
2-3-1,Run1,189305683163,3.06768798828125,3.446807861328125,1.0
2-3-1,Run1,189305699818,3.077423095703125,3.494735717773437,1.0
2-3-1,Run1,189305716473,3.07208251953125,3.55242919921875,1.0
2-3-1,Run1,189305733128,3.04913330078125,3.565277099609375,1.0
2-3-1,Run1,189305749783,3.0603179931640625,3.544097900390625,1.0
2-3-1,Run1,189305766438,3.0727691650390625,3.55706787109375,1.0
2-3-1,Run1,189305783092,3.0917510986328125,3.582015991210937,1.0
2-3-1,Run1,189305799747,3.0740203857421875,3.6013641357421875,1.0
2-3-1,Run1,189305816402,3.085174560546875,3.5855865478515625,1.0
2-3-1,Run1,189305833057,3.0140380859375,3.498321533203125,1.0
2-3-1,Run1,189305849712,3.0659332275390625,3.5247039794921875,1.0
2-3-1,Run1,189305866367,3.121200561523437,3.56689453125,1.0
2-3-1,Run1,189305883021,3.0784149169921875,3.676727294921875,1.0
2-3-1,Run1,189305899676,3.0851287841796875,3.622238159179688,1.0
2-3-1,Run1,189305916331,3.109466552734375,3.5326385498046875,1.0
2-3-1,Run1,189305932985,3.1035308837890625,3.535491943359375,1.0
2-3-1,Run1,189305949640,3.0975341796875,3.5426025390625,1.0
2-3-1,Run1,189305966296,3.0964813232421875,3.504425048828125,1.0
2-3-1,Run1,189305982950,3.0612945556640625,3.5214080810546875,1.0
2-3-1,Run1,189305999605,3.0543670654296875,3.564056396484375,1.0
2-3-1,Run1,189306016260,3.032958984375,3.5515289306640625,1.0
2-3-1,Run1,189306032915,2.991241455078125,3.5423126220703125,1.0
2-3-1,Run1,189306049569,2.9965972900390625,3.532623291015625,1.0
2-3-1,Run1,189306066224,2.9346923828125,3.525848388671875,1.0
2-3-1,Run1,189306082880,2.948837280273437,3.5272979736328125,1.0
2-3-1,Run1,189306099534,3.046112060546875,3.5077667236328125,1.0
2-3-1,Run1,189306116189,3.024765014648437,3.4808502197265625,1.0
2-3-1,Run1,189306132844,3.046371459960937,3.503768920898437,1.0
2-3-1,Run1,189306149498,3.02374267578125,3.462142944335937,1.0
2-3-1,Run1,189306166153,2.989013671875,3.441925048828125,1.0
2-3-1,Run1,189306182808,2.970123291015625,3.4290771484375,1.0
2-3-1,Run1,189306199462,3.0147857666015625,3.4288787841796875,1.0
2-3-1,Run1,189306216118,3.02630615234375,3.416229248046875,1.0
2-3-1,Run1,189306232773,2.9617919921875,3.4268798828125,1.0
2-3-1,Run1,189306249427,2.9651031494140625,3.42645263671875,1.0
2-3-1,Run1,189306266082,2.965667724609375,3.418243408203125,1.0
2-3-1,Run1,189306282737,2.94677734375,3.4188690185546875,1.0
2-3-1,Run1,189306299392,2.9605255126953125,3.4234771728515625,1.0
2-3-1,Run1,189306316046,2.95318603515625,3.3896026611328125,1.0
2-3-1,Run1,189306332702,2.9775390625,3.356689453125,1.0
2-3-1,Run1,189306349357,2.9736328125,3.480697631835937,1.0
2-3-1,Run1,189306366011,2.928314208984375,3.486679077148437,1.0
2-3-1,Run1,189306382666,2.910751342773437,3.486679077148437,1.0
2-3-1,Run1,189306399321,2.942535400390625,3.4644279479980464,1.0
2-3-1,Run1,189306415975,2.959686279296875,3.442176818847656,1.0
2-3-1,Run1,189306432630,2.9114227294921875,3.419925689697265,1.0
2-3-1,Run1,189306449286,3.1027374267578125,3.3976745605468746,1.0
2-3-1,Run1,189306465940,3.110167069868608,3.375423431396484,0.0
2-3-1,Run1,189306482595,3.1175967129794033,3.3531723022460933,0.0
2-3-1,Run1,189306499250,3.1250263560901987,3.3309211730957027,0.0
2-3-1,Run1,189306515904,3.132455999200994,3.3086700439453125,0.0
2-3-1,Run1,189306532559,3.1398856423117896,3.286418914794922,0.0
2-3-1,Run1,189306549214,3.1473152854225854,3.2641677856445312,0.0
2-3-1,Run1,189306565869,3.154744928533381,3.2419166564941406,0.0
2-3-1,Run1,189306582524,3.1621745716441763,3.21966552734375,0.0
2-3-1,Run1,189306599179,3.1696042147549717,3.1974143981933594,0.0
2-3-1,Run1,189306615834,3.177033857865767,3.1751632690429688,0.0
2-3-1,Run1,189306632488,3.1844635009765625,3.152912139892578,1.0
2-3-1,Run1,189306649143,3.006927490234375,3.1306610107421875,1.0
2-3-1,Run1,189306665798,2.975570678710937,3.1306610107421875,1.0
2-3-1,Run1,189306682452,2.993515014648437,3.33331298828125,1.0
2-3-1,Run1,189306699108,3.036773681640625,3.4298553466796875,1.0
2-3-1,Run1,189306715763,3.075836181640625,3.47857666015625,1.0
2-3-1,Run1,189306732417,3.08062744140625,3.4730224609375,1.0
2-3-1,Run1,189306749072,3.07830810546875,3.49639892578125,1.0
2-3-1,Run1,189306765727,3.1445770263671875,3.526611328125,1.0
2-3-1,Run1,189306782381,3.12164306640625,3.5630340576171875,1.0
2-3-1,Run1,189306799036,3.050262451171875,3.5506744384765625,1.0
2-3-1,Run1,189306815692,3.069000244140625,3.5561065673828125,1.0
2-3-1,Run1,189306832347,3.1256866455078125,3.578964233398437,1.0
2-3-1,Run1,189306849001,3.163436889648437,3.6004638671875,1.0
2-3-1,Run1,189306865656,3.1471405029296875,3.591888427734375,1.0
2-3-1,Run1,189306882311,3.1342010498046875,3.60760498046875,1.0
2-3-1,Run1,189306898965,3.130340576171875,3.637863159179688,1.0
2-3-1,Run1,189306915620,3.1306304931640625,3.663375854492188,1.0
2-3-1,Run1,189306932275,3.14306640625,3.6413421630859375,1.0
2-3-1,Run1,189306948930,3.2088623046875,3.651214599609375,1.0
2-3-1,Run1,189306965585,3.1932525634765625,3.6330413818359375,1.0
2-3-1,Run1,189306982240,3.131256103515625,3.619293212890625,1.0
2-3-1,Run1,189306998894,3.1735076904296875,3.628219604492188,1.0
2-3-1,Run1,189307015549,3.149642944335937,3.61492919921875,1.0
2-3-1,Run1,189307032204,3.1379852294921875,3.60052490234375,1.0
2-3-1,Run1,189307048858,3.12884521484375,3.5865936279296875,1.0
2-3-1,Run1,189307065514,3.0866241455078125,3.5771026611328125,1.0
2-3-1,Run1,189307082169,3.07135009765625,3.5634918212890625,1.0
2-3-1,Run1,189307098824,3.077011108398437,3.5694580078125,1.0
2-3-1,Run1,189307115478,3.073226928710937,3.5401763916015625,1.0
2-3-1,Run1,189307132133,3.0894317626953125,3.5321807861328125,1.0
2-3-1,Run1,189307148788,3.0462188720703125,3.515838623046875,1.0
2-3-1,Run1,189307165442,3.0389404296875,3.518310546875,1.0
2-3-1,Run1,189307182098,3.0464019775390625,3.540374755859375,1.0
2-3-1,Run1,189307198753,3.002288818359375,3.5386962890625,1.0
2-3-1,Run1,189307215407,2.9989471435546875,3.5067291259765625,1.0
2-3-1,Run1,189307232062,3.0388641357421875,3.4979248046875,1.0
2-3-1,Run1,189307248717,3.082611083984375,3.520004272460937,1.0
2-3-1,Run1,189307265371,3.073822021484375,3.533599853515625,1.0
2-3-1,Run1,189307282026,3.047943115234375,3.459381103515625,1.0
2-3-1,Run1,189307298681,3.016204833984375,3.41217041015625,1.0
2-3-1,Run1,189307315336,3.0058135986328125,3.3665313720703125,1.0
2-3-1,Run1,189307331991,2.913299560546875,3.307113647460937,1.0
2-3-1,Run1,189307348646,2.8520327481356533,3.3011627197265625,1.0
2-3-1,Run1,189307365301,2.7907659357244317,3.2960332234700522,0.0
2-3-1,Run1,189307381955,2.72949912331321,3.2909037272135415,0.0
2-3-1,Run1,189307398610,2.6682323109019883,3.2857742309570312,0.0
2-3-1,Run1,189307415265,2.6069654984907666,3.2806447347005205,0.0
2-3-1,Run1,189307431920,2.545698686079545,3.2755152384440103,0.0
2-3-1,Run1,189307448575,2.4844318736683237,3.2703857421875,0.0
2-3-1,Run1,189307465230,2.423165061257102,3.2652562459309893,0.0
2-3-1,Run1,189307481884,2.3618982488458804,3.260126749674479,0.0
2-3-1,Run1,189307498539,2.3006314364346587,3.2549972534179683,0.0
2-3-1,Run1,189307515194,2.239364624023437,3.249867757161458,1.0
2-3-1,Run1,189307531847,2.6993865966796875,3.2447382609049473,1.0
2-3-1,Run1,189307548503,3.0313262939453125,3.239608764648437,1.0
2-3-1,Run1,189307565158,3.046142578125,3.3715972900390625,1.0
2-3-1,Run1,189307581812,3.0228271484375,3.4357452392578125,1.0
2-3-1,Run1,189307598467,3.0267333984375,3.354354858398437,1.0
2-3-1,Run1,189307615122,3.05938720703125,3.4474639892578125,1.0
2-3-1,Run1,189307631777,3.043853759765625,3.500213623046875,1.0
2-3-1,Run1,189307648431,3.068710327148437,3.52734375,1.0
2-3-1,Run1,189307665086,3.107406616210937,3.566879272460937,1.0
2-3-1,Run1,189307681742,3.09466552734375,3.556182861328125,1.0
2-3-1,Run1,189307698396,3.095245361328125,3.5310821533203125,1.0
2-3-1,Run1,189307715051,3.0811920166015625,3.6837158203125,1.0
2-3-1,Run1,189307731706,3.0759735107421875,3.679519653320313,1.0
2-3-1,Run1,189307748360,3.065292358398437,3.5348052978515625,1.0
2-3-1,Run1,189307765015,3.0416717529296875,3.54766845703125,1.0
2-3-1,Run1,189307781670,3.0788726806640625,3.578109741210937,1.0
2-3-1,Run1,189307798325,3.0980987548828125,3.574127197265625,1.0
2-3-1,Run1,189307814980,3.1049957275390625,3.5325469970703125,1.0
2-3-1,Run1,189307831635,3.091781616210937,3.504608154296875,1.0
2-3-1,Run1,189307848289,3.0876007080078125,3.5015869140625,1.0
2-3-1,Run1,189307864944,3.106414794921875,3.53790283203125,1.0
2-3-1,Run1,189307881599,3.0795135498046875,3.5357818603515625,1.0
2-3-1,Run1,189307898253,3.06134033203125,3.48907470703125,1.0
2-3-1,Run1,189307914907,3.074813842773437,3.478912353515625,1.0
2-3-1,Run1,189307931563,3.0560760498046875,3.5161590576171875,1.0
2-3-1,Run1,189307948218,2.9989471435546875,3.48297119140625,1.0
2-3-1,Run1,189307964872,3.0000457763671875,3.4736480712890625,1.0
2-3-1,Run1,189307981527,3.02972412109375,3.488311767578125,1.0
2-3-1,Run1,189307998182,2.9897003173828125,3.477294921875,1.0
2-3-1,Run1,189308014836,2.937744140625,3.6285400390625,1.0
2-3-1,Run1,189308031491,2.9748077392578125,3.5515899658203125,1.0
2-3-1,Run1,189308048147,2.9539337158203125,3.5515899658203125,1.0
2-3-1,Run1,189308064801,2.928680419921875,3.564926147460937,1.0
2-3-1,Run1,189308081456,2.9393463134765625,3.564926147460937,1.0
2-3-1,Run1,189308098111,2.966583251953125,3.6349029541015625,1.0
2-3-1,Run1,189308114765,2.9393310546875,3.6349029541015625,1.0
2-3-1,Run1,189308131420,2.882064819335937,3.582000732421875,1.0
2-3-1,Run1,189308148075,2.889556884765625,3.417694091796875,1.0
2-3-1,Run1,189308164731,2.919586181640625,3.39190673828125,1.0
2-3-1,Run1,189308181385,2.94097900390625,3.4065093994140625,1.0
2-3-1,Run1,189308198039,2.9173126220703125,3.4032745361328125,1.0
2-3-1,Run1,189308214694,2.9210968017578125,3.390045166015625,1.0
2-3-1,Run1,189308231348,2.976791381835937,3.40716552734375,1.0
2-3-1,Run1,189308248003,2.964599609375,3.4213104248046875,1.0
2-3-1,Run1,189308264658,2.998138427734375,3.4160308837890625,1.0
2-3-1,Run1,189308281312,2.97784423828125,3.525909423828125,1.0
2-3-1,Run1,189308297968,2.9171600341796875,3.4881744384765625,1.0
2-3-1,Run1,189308314623,2.9470367431640625,3.37420654296875,1.0
2-3-1,Run1,189308331277,2.969940185546875,3.4089813232421875,1.0
2-3-1,Run1,189308347932,2.972381591796875,3.40484619140625,1.0
2-3-1,Run1,189308364587,2.929306030273437,3.3713836669921875,1.0
2-3-1,Run1,189308381241,2.916732788085937,3.367050170898437,1.0
2-3-1,Run1,189308397896,2.950424194335937,3.395126342773437,1.0
2-3-1,Run1,189308414552,2.976409912109375,3.4136199951171875,1.0
2-3-1,Run1,189308431207,2.9291229248046875,3.398773193359375,1.0
2-3-1,Run1,189308447861,2.90020751953125,3.437255859375,1.0
2-3-1,Run1,189308464516,2.9270477294921875,3.433578491210937,1.0
2-3-1,Run1,189308481171,2.94989013671875,3.4158477783203125,1.0
2-3-1,Run1,189308497825,2.9465789794921875,3.4480133056640625,1.0
2-3-1,Run1,189308514480,2.95526123046875,3.443359375,1.0
2-3-1,Run1,189308531135,2.997344970703125,3.438079833984375,1.0
2-3-1,Run1,189308547789,2.999114990234375,3.425521850585937,1.0
2-3-1,Run1,189308564444,3.0092010498046875,3.4412994384765625,1.0
2-3-1,Run1,189308581099,3.0271148681640625,3.4635772705078125,1.0
2-3-1,Run1,189308597753,3.00482177734375,3.4179229736328125,1.0
2-3-1,Run1,189308614408,2.9902496337890625,3.412704467773437,1.0
2-3-1,Run1,189308631063,2.9809112548828125,3.439804077148437,1.0
2-3-1,Run1,189308647717,2.989608764648437,3.45941162109375,1.0
2-3-1,Run1,189308664373,2.985382080078125,3.4473114013671875,1.0
2-3-1,Run1,189308681028,2.9718017578125,3.4768524169921875,1.0
2-3-1,Run1,189308697683,2.9603271484375,3.47393798828125,1.0
2-3-1,Run1,189308714337,2.9490966796875,3.436065673828125,1.0
2-3-1,Run1,189308730992,2.9470367431640625,3.430938720703125,1.0
2-3-1,Run1,189308747647,2.9438934326171875,3.43487548828125,1.0
2-3-1,Run1,189308764301,2.985595703125,3.4445037841796875,1.0
2-3-1,Run1,189308780957,2.9654541015625,3.4418182373046875,1.0
2-3-1,Run1,189308797612,2.9315948486328125,3.438720703125,1.0
2-3-1,Run1,189308814266,2.95703125,3.443115234375,1.0
2-3-1,Run1,189308830921,2.9900665283203125,3.41925048828125,1.0
2-3-1,Run1,189308847576,2.990386962890625,3.392730712890625,1.0
2-3-1,Run1,189308864229,2.9601593017578125,3.42315673828125,1.0
2-3-1,Run1,189308880885,2.944427490234375,3.445297241210937,1.0
2-3-1,Run1,189308897540,2.9363555908203125,3.4403839111328125,1.0
2-3-1,Run1,189308914194,2.950469970703125,3.4405517578125,1.0
2-3-1,Run1,189308930849,2.824203491210937,3.3485260009765625,1.0
2-3-1,Run1,189308947504,2.8562251499720976,3.236068725585937,1.0
2-3-1,Run1,189308964159,2.8882468087332587,3.2214715140206467,0.0
2-3-1,Run1,189308980813,2.9202684674944193,3.2068743024553568,0.0
2-3-1,Run1,189308997468,2.95229012625558,3.192277090890067,0.0
2-3-1,Run1,189309014123,2.984311785016741,3.1776798793247765,0.0
2-3-1,Run1,189309030778,3.0163334437779015,3.163082667759486,0.0
2-3-1,Run1,189309047433,3.0483551025390625,3.148485456194196,0.0
2-3-1,Run1,189309064088,3.080376761300223,3.1338882446289062,0.0
2-3-1,Run1,189309080742,3.1123984200613837,3.119291033063616,0.0
2-3-1,Run1,189309097397,3.1444200788225447,3.1046938214983255,0.0
2-3-1,Run1,189309114052,3.1764417375837053,3.0900966099330356,0.0
2-3-1,Run1,189309130706,3.208463396344866,3.0754993983677457,0.0
2-3-1,Run1,189309147362,3.240485055106027,3.0609021868024553,0.0
2-3-1,Run1,189309164017,3.2725067138671875,3.046304975237165,1.0
2-3-1,Run1,189309180671,2.958358764648437,3.031707763671875,1.0
2-3-1,Run1,189309197325,2.8908233642578125,3.031707763671875,1.0
2-3-1,Run1,189309213980,2.924346923828125,3.1920318603515625,1.0
2-3-1,Run1,189309230635,2.955780029296875,3.1920318603515625,1.0
2-3-1,Run1,189309247290,2.943603515625,3.253524780273437,1.0
2-3-1,Run1,189309263945,2.947250366210937,3.3688201904296875,1.0
2-3-1,Run1,189309280600,2.9591522216796875,3.401153564453125,1.0
2-3-1,Run1,189309297254,2.9514617919921875,3.39007568359375,1.0
2-3-1,Run1,189309313909,2.9452667236328125,3.40594482421875,1.0
2-3-1,Run1,189309330564,2.9403839111328125,3.409164428710937,1.0
2-3-1,Run1,189309347218,2.940521240234375,3.4352264404296875,1.0
2-3-1,Run1,189309363873,3.0109405517578125,3.436264038085937,1.0
2-3-1,Run1,189309380528,3.017074584960937,3.425872802734375,1.0
2-3-1,Run1,189309397183,2.9630279541015625,3.409408569335937,1.0
2-3-1,Run1,189309413838,2.949951171875,3.436553955078125,1.0
2-3-1,Run1,189309430493,2.9600830078125,3.459945678710937,1.0
2-3-1,Run1,189309447147,2.94439697265625,3.3958282470703125,1.0
2-3-1,Run1,189309463802,2.8883514404296875,3.3697662353515625,1.0
2-3-1,Run1,189309480457,2.90447998046875,3.371307373046875,1.0
2-3-1,Run1,189309497112,2.9668731689453125,3.417266845703125,1.0
2-3-1,Run1,189309513767,2.949127197265625,3.6782073974609375,1.0
2-3-1,Run1,189309530421,2.900726318359375,3.475830078125,1.0
2-3-1,Run1,189309547076,2.8690185546875,3.3077392578125,1.0
2-3-1,Run1,189309563730,2.87066650390625,3.31597900390625,1.0
2-3-1,Run1,189309580385,2.855682373046875,3.5127410888671875,1.0
2-3-1,Run1,189309597040,2.837005615234375,3.4821319580078125,1.0
2-3-1,Run1,189309613694,2.8501739501953125,3.4821319580078125,1.0
2-3-1,Run1,189309630350,2.861801147460937,3.3791656494140625,1.0
2-3-1,Run1,189309647005,2.85882568359375,3.2761993408203125,1.0
2-3-1,Run1,189309663659,2.870941162109375,3.338409423828125,1.0
2-3-1,Run1,189309680314,2.852752685546875,3.31243896484375,1.0
2-3-1,Run1,189309696969,2.799224853515625,3.3187255859375,1.0
2-3-1,Run1,189309713623,2.7393951416015625,3.316635131835937,1.0
2-3-1,Run1,189309730278,2.7863311767578125,3.296722412109375,1.0
2-3-1,Run1,189309746933,2.7911529541015625,3.282806396484375,1.0
2-3-1,Run1,189309763589,2.768951416015625,3.263641357421875,1.0
2-3-1,Run1,189309780243,2.8009185791015625,3.2334747314453125,1.0
2-3-1,Run1,189309796898,2.7845458984375,3.24639892578125,1.0
2-3-1,Run1,189309813553,2.76312255859375,3.2562408447265625,1.0
2-3-1,Run1,189309830207,2.7523193359375,3.258575439453125,1.0
2-3-1,Run1,189309846862,2.77838134765625,3.2324371337890625,1.0
2-3-1,Run1,189309863516,2.7985076904296875,3.134918212890625,1.0
2-3-1,Run1,189309880171,2.756683349609375,3.1244049072265625,1.0
2-3-1,Run1,189309896826,2.7554473876953125,3.2090301513671875,1.0
2-3-1,Run1,189309913481,2.762481689453125,3.2205047607421875,1.0
2-3-1,Run1,189309930135,2.7471923828125,3.22320556640625,1.0
2-3-1,Run1,189309946790,2.727890014648437,3.2162322998046875,1.0
2-3-1,Run1,189309963445,2.7054901123046875,3.221298217773437,1.0
2-3-1,Run1,189309980099,2.773223876953125,3.2472686767578125,1.0
2-3-1,Run1,189309996755,2.77630615234375,3.2550811767578125,1.0
2-3-1,Run1,189310013410,2.707427978515625,3.2263946533203125,1.0
2-3-1,Run1,189310030065,2.72088623046875,3.2089385986328125,1.0
2-3-1,Run1,189310046719,2.75732421875,3.2091217041015625,1.0
2-3-1,Run1,189310063374,2.764007568359375,3.2191925048828125,1.0
2-3-1,Run1,189310080029,2.7643585205078125,3.2476043701171875,1.0
2-3-1,Run1,189310096683,2.7501678466796875,3.277496337890625,1.0
2-3-1,Run1,189310113338,2.7635955810546875,3.250595092773437,1.0
2-3-1,Run1,189310129994,2.777557373046875,3.2301788330078125,1.0
2-3-1,Run1,189310146648,2.738861083984375,3.22967529296875,1.0
2-3-1,Run1,189310163303,2.7202911376953125,3.21624755859375,1.0
2-3-1,Run1,189310179958,2.7731475830078125,3.23992919921875,1.0
2-3-1,Run1,189310196611,2.798004150390625,3.260238647460937,1.0
2-3-1,Run1,189310213266,2.73779296875,3.457992553710937,1.0
2-3-1,Run1,189310229921,2.7607574462890625,3.44049072265625,1.0
2-3-1,Run1,189310246576,2.79559326171875,3.268295288085937,1.0
2-3-1,Run1,189310263231,2.7942352294921875,3.287628173828125,1.0
2-3-1,Run1,189310279886,2.7412567138671875,3.316650390625,1.0
2-3-1,Run1,189310296541,2.7617950439453125,3.28863525390625,1.0
2-3-1,Run1,189310313195,2.82183837890625,3.285552978515625,1.0
2-3-1,Run1,189310329850,2.798858642578125,3.2934722900390625,1.0
2-3-1,Run1,189310346505,2.8369903564453125,3.249603271484375,1.0
2-3-1,Run1,189310363159,2.7454376220703125,3.161590576171875,1.0
2-3-1,Run1,189310379815,2.856201171875,3.1591024959788605,1.0
2-3-1,Run1,189310396470,2.8727752685546877,3.1566144157858456,0.0
2-3-1,Run1,189310413124,2.889349365234375,3.154126335592831,0.0
2-3-1,Run1,189310429779,2.9059234619140626,3.151638255399816,0.0
2-3-1,Run1,189310446434,2.92249755859375,3.1491501752068016,0.0
2-3-1,Run1,189310463088,2.9390716552734375,3.1466620950137867,0.0
2-3-1,Run1,189310479743,2.955645751953125,3.144174014820772,0.0
2-3-1,Run1,189310496398,2.9722198486328124,3.1416859346277572,0.0
2-3-1,Run1,189310513053,2.9887939453125,3.1391978544347428,0.0
2-3-1,Run1,189310529707,3.0053680419921873,3.136709774241728,0.0
2-3-1,Run1,189310546362,3.021942138671875,3.1342216940487133,0.0
2-3-1,Run1,189310578180,3.0385162353515627,3.1317336138556984,0.0
2-3-1,Run1,189310594835,3.05509033203125,3.129245533662684,0.0
2-3-1,Run1,189310611490,3.0716644287109376,3.126757453469669,0.0
2-3-1,Run1,189310644878,3.088238525390625,3.1242693732766544,0.0
2-3-1,Run1,189310661533,3.1048126220703125,3.1217812930836395,1.0
2-3-1,Run1,189310678187,2.8725738525390625,3.119293212890625,1.0
2-3-1,Run1,189310694842,2.8546295166015625,3.119293212890625,1.0
2-3-1,Run1,189310711497,2.838531494140625,3.22265625,1.0
2-3-1,Run1,189310728151,2.861312866210937,3.3437042236328125,1.0
2-3-1,Run1,189310744806,2.89312744140625,3.3811187744140625,1.0
2-3-1,Run1,189310761462,2.909942626953125,3.2877960205078125,1.0
2-3-1,Run1,189310778116,2.9016265869140625,3.2975616455078125,1.0
2-3-1,Run1,189310794771,2.886749267578125,3.366073608398437,1.0
2-3-1,Run1,189310811426,2.86651611328125,3.391632080078125,1.0
2-3-1,Run1,189310828081,2.8708648681640625,3.3950347900390625,1.0
2-3-1,Run1,189310844735,2.8810577392578125,3.3456573486328125,1.0
2-3-1,Run1,189310861390,2.9229736328125,3.378890991210937,1.0
2-3-1,Run1,189310878045,2.922821044921875,3.647918701171875,1.0
2-3-1,Run1,189310894699,2.8853302001953125,3.612625122070313,1.0
2-3-1,Run1,189310911354,2.891998291015625,3.3941650390625,1.0
2-3-1,Run1,189310928009,2.9085693359375,3.2899322509765625,1.0
2-3-1,Run1,189310944663,2.871795654296875,3.24798583984375,1.0
2-3-1,Run1,189310961318,2.878997802734375,3.463226318359375,1.0
2-3-1,Run1,189310977973,2.9099884033203125,3.463226318359375,1.0
2-3-1,Run1,189310994627,2.878082275390625,3.5164031982421875,1.0
2-3-1,Run1,189311011283,2.81488037109375,3.3470001220703125,1.0
2-3-1,Run1,189311027938,2.797119140625,3.3690185546875,1.0
2-3-1,Run1,189311044592,2.8089752197265625,3.5844268798828125,1.0
2-3-1,Run1,189311061247,2.7638702392578125,3.526190439860026,1.0
2-3-1,Run1,189311077902,2.926177978515625,3.4679539998372397,1.0
2-3-1,Run1,189311094557,2.9852447509765625,3.409717559814453,0.0
2-3-1,Run1,189311111211,3.0443115234375,3.3514811197916665,0.0
2-3-1,Run1,189311127867,3.1033782958984375,3.2932446797688804,0.0
2-3-1,Run1,189311144522,3.162445068359375,3.2350082397460938,0.0
2-3-1,Run1,189311161176,3.2215118408203125,3.176771799723307,0.0
2-3-1,Run1,189311177831,3.28057861328125,3.118535359700521,0.0
2-3-1,Run1,189311194486,3.3396453857421875,3.0602989196777344,0.0
2-3-1,Run1,189311211139,3.398712158203125,3.0020624796549478,0.0
2-3-1,Run1,189311227795,3.4577789306640625,2.943826039632161,1.0
2-3-1,Run1,189311244450,2.96875,2.885589599609375,1.0
2-3-1,Run1,189311261104,2.7783966064453125,2.885589599609375,1.0
2-3-1,Run1,189311277759,2.786468505859375,2.9946695963541665,1.0
2-3-1,Run1,189311294414,2.799545288085937,3.1037495930989585,1.0
2-3-1,Run1,189311311068,2.777496337890625,3.21282958984375,1.0
2-3-1,Run1,189311327723,2.73809814453125,3.275360107421875,1.0
2-3-1,Run1,189311344378,2.7257843017578125,3.4250640869140625,1.0
2-3-1,Run1,189311361033,2.784271240234375,3.4840240478515625,1.0
2-3-1,Run1,189311377687,2.803817749023437,3.25860595703125,1.0
2-3-1,Run1,189311394343,2.8056182861328125,3.2368316650390625,1.0
2-3-1,Run1,189311410998,2.7808837890625,3.2878570556640625,1.0
2-3-1,Run1,189311427652,2.808441162109375,3.2757110595703125,1.0
2-3-1,Run1,189311444307,2.850067138671875,3.2756805419921875,1.0
2-3-1,Run1,189311460962,2.83428955078125,3.2860260009765625,1.0
2-3-1,Run1,189311477616,2.805404663085937,3.2551422119140625,1.0
2-3-1,Run1,189311494271,2.815170288085937,3.2803497314453125,1.0
2-3-1,Run1,189311510927,2.886932373046875,3.4804229736328125,1.0
2-3-1,Run1,189311527581,2.83740234375,3.421661376953125,1.0
2-3-1,Run1,189311544235,2.7792205810546875,3.27374267578125,1.0
2-3-1,Run1,189311560890,2.8113555908203125,3.278167724609375,1.0
2-3-1,Run1,189311577544,2.836700439453125,3.4356842041015625,1.0
2-3-1,Run1,189311594199,2.8293914794921875,3.467025756835937,1.0
2-3-1,Run1,189311610854,2.808349609375,3.467025756835937,1.0
2-3-1,Run1,189311627509,2.8067169189453125,3.4585418701171875,1.0
2-3-1,Run1,189311644164,2.8079376220703125,3.4585418701171875,1.0
2-3-1,Run1,189311660819,2.7391815185546875,3.449325561523437,1.0
2-3-1,Run1,189311677474,2.7351531982421875,3.449325561523437,1.0
2-3-1,Run1,189311694128,2.7920074462890625,3.4671173095703125,1.0
2-3-1,Run1,189311710783,2.785125732421875,3.2655029296875,1.0
2-3-1,Run1,189311727438,2.8232879638671875,3.2323760986328125,1.0
2-3-1,Run1,189311744092,2.8155059814453125,3.235198974609375,1.0
2-3-1,Run1,189311760748,2.8064422607421875,3.2636871337890625,1.0
2-3-1,Run1,189311777403,2.7834014892578125,3.45050048828125,1.0
2-3-1,Run1,189311794057,2.72894287109375,3.3792877197265625,1.0
2-3-1,Run1,189311810712,2.721893310546875,3.3792877197265625,1.0
2-3-1,Run1,189311827367,2.7333526611328125,3.317855834960937,1.0
2-3-1,Run1,189311844021,2.7454833984375,3.317855834960937,1.0
2-3-1,Run1,189311860676,2.7535858154296875,3.393310546875,1.0
2-3-1,Run1,189311877331,2.7760162353515625,3.191070556640625,1.0
2-3-1,Run1,189311893986,2.8107452392578125,3.17181396484375,1.0
2-3-1,Run1,189311910640,2.824813842773437,3.2026824951171875,1.0
2-3-1,Run1,189311927295,2.609481811523437,3.234954833984375,1.0
2-3-1,Run1,189311943950,2.5696258544921875,3.251937866210937,1.0
2-3-1,Run1,189311960604,2.5696258544921875,3.1464385986328125,1.0
2-3-1,Run1,189311977259,2.7009201049804688,3.118865966796875,1.0
2-3-1,Run1,189311993914,2.83221435546875,3.1804962158203125,1.0
2-3-1,Run1,189312010569,2.7004852294921875,3.1981658935546875,1.0
2-3-1,Run1,189312027224,2.7212371826171875,3.174224853515625,1.0
2-3-1,Run1,189312043879,2.7032623291015625,3.154037475585937,1.0
2-3-1,Run1,189312060533,2.7169952392578125,3.1886444091796875,1.0
2-3-1,Run1,189312077188,2.746673583984375,3.190414428710937,1.0
2-3-1,Run1,189312093843,2.7370147705078125,3.158920288085937,1.0
2-3-1,Run1,189312110497,2.754241943359375,3.192138671875,1.0
2-3-1,Run1,189312127152,2.7559356689453125,3.212677001953125,1.0
2-3-1,Run1,189312143808,2.9040069580078125,3.32928466796875,1.0
2-3-1,Run1,189312160463,2.939361572265625,3.3929901123046875,1.0
2-3-1,Run1,189312177117,2.76336669921875,3.2431640625,1.0
2-3-1,Run1,189312193772,2.795196533203125,3.25640869140625,1.0
2-3-1,Run1,189312210427,2.82257080078125,3.26727294921875,1.0
2-3-1,Run1,189312227080,2.8768768310546875,3.266082763671875,1.0
2-3-1,Run1,189312243735,2.81341552734375,3.4204254150390625,1.0
2-3-1,Run1,189312260391,2.7385711669921875,3.39508056640625,1.0
2-3-1,Run1,189312277045,2.7686309814453125,3.24615478515625,1.0
2-3-1,Run1,189312293700,2.834686279296875,3.2667999267578125,1.0
2-3-1,Run1,189312310355,2.8263397216796875,3.311370849609375,1.0
2-3-1,Run1,189312327009,2.821044921875,3.299591064453125,1.0
2-3-1,Run1,189312343664,2.8003387451171875,3.221710205078125,1.0
2-3-1,Run1,189312360319,2.811386108398437,3.20501708984375,1.0
2-3-1,Run1,189312376973,2.828598022460937,3.2407379150390625,1.0
2-3-1,Run1,189312393629,2.8208160400390625,3.264923095703125,1.0
2-3-1,Run1,189312410284,2.82525634765625,3.273162841796875,1.0
2-3-1,Run1,189312426939,2.614501953125,3.187896728515625,1.0
2-3-1,Run1,189312443593,2.643768310546875,3.145782470703125,1.0
2-3-1,Run1,189312460248,2.75860595703125,3.1993408203125,1.0
2-3-1,Run1,189312476903,2.7554168701171875,3.196502685546875,1.0
2-3-1,Run1,189312493557,2.778427124023437,3.1419219970703125,1.0
2-3-1,Run1,189312510213,2.7763671875,3.137176513671875,1.0
2-3-1,Run1,189312526868,2.757537841796875,3.1777801513671875,1.0
2-3-1,Run1,189312543522,2.76629638671875,3.26513671875,1.0
2-3-1,Run1,189312560177,2.7731475830078125,3.15570068359375,1.0
2-3-1,Run1,189312576832,2.78375244140625,3.0906524658203125,1.0
2-3-1,Run1,189312593486,2.6765594482421875,3.0612335205078125,1.0
2-3-1,Run1,189312610141,2.6781976873224433,3.034820556640625,0.0
2-3-1,Run1,189312626796,2.6798359264026987,3.0084075927734375,0.0
2-3-1,Run1,189312643451,2.6814741654829546,2.98199462890625,0.0
2-3-1,Run1,189312660106,2.6831124045632104,2.9555816650390625,0.0
2-3-1,Run1,189312676761,2.684750643643466,2.929168701171875,0.0
2-3-1,Run1,189312693416,2.6863888827237217,2.9027557373046875,0.0
2-3-1,Run1,189312710070,2.688027121803977,2.8763427734375,0.0
2-3-1,Run1,189312726725,2.689665360884233,2.8499298095703125,0.0
2-3-1,Run1,189312743380,2.6913035999644888,2.823516845703125,0.0
2-3-1,Run1,189312760034,2.692941839044744,2.7971038818359375,0.0
2-3-1,Run1,189312776690,2.694580078125,2.77069091796875,1.0
2-3-1,Run1,189312793345,2.784088134765625,2.77069091796875,1.0
2-3-1,Run1,189312809999,2.853485107421875,3.1074371337890625,1.0
2-3-1,Run1,189312826654,2.90435791015625,3.1074371337890625,1.0
2-3-1,Run1,189312843309,2.88238525390625,3.275741577148437,1.0
2-3-1,Run1,189312859963,2.8939666748046875,3.3330078125,1.0
2-3-1,Run1,189312876618,2.8843536376953125,3.3388214111328125,1.0
2-3-1,Run1,189312893274,2.89141845703125,3.3748016357421875,1.0
2-3-1,Run1,189312909928,2.90716552734375,3.590805053710937,1.0
2-3-1,Run1,189312926583,2.910797119140625,3.5415802001953125,1.0
2-3-1,Run1,189312943238,2.9312286376953125,3.3651580810546875,1.0
2-3-1,Run1,189312959893,2.9578399658203125,3.3723907470703125,1.0
2-3-1,Run1,189312976547,2.962509155273437,3.387542724609375,1.0
2-3-1,Run1,189312993202,2.9471893310546875,3.3798370361328125,1.0
2-3-1,Run1,189313009857,2.91668701171875,3.39239501953125,1.0
2-3-1,Run1,189313026512,2.94647216796875,3.38818359375,1.0
2-3-1,Run1,189313043167,2.983642578125,3.3953094482421875,1.0
2-3-1,Run1,189313059822,2.98095703125,3.38800048828125,1.0
2-3-1,Run1,189313076476,2.965972900390625,3.3683624267578125,1.0
2-3-1,Run1,189313093131,2.9581298828125,3.370849609375,1.0
2-3-1,Run1,189313109786,2.9342803955078125,3.387557983398437,1.0
2-3-1,Run1,189313126440,2.9297332763671875,3.4153594970703125,1.0
2-3-1,Run1,189313143096,2.9708709716796875,3.629791259765625,1.0
2-3-1,Run1,189313159751,2.9573974609375,3.551376342773437,1.0
2-3-1,Run1,189313176405,2.92364501953125,3.40948486328125,1.0
2-3-1,Run1,189313193060,2.7960357666015625,3.3475799560546875,1.0
2-3-1,Run1,189313209715,2.857284545898437,3.355499267578125,1.0
2-3-1,Run1,189313226370,2.928695678710937,3.3863067626953125,1.0
2-3-1,Run1,189313243024,2.8990936279296875,3.3603515625,1.0
2-3-1,Run1,189313259679,2.885528564453125,3.3687286376953125,1.0
2-3-1,Run1,189313276335,2.88287353515625,3.3478240966796875,1.0
2-3-1,Run1,189313292989,2.8755035400390625,3.33917236328125,1.0
2-3-1,Run1,189313309644,2.8802490234375,3.348785400390625,1.0
2-3-1,Run1,189313326299,2.897567749023437,3.3466949462890625,1.0
2-3-1,Run1,189313342953,2.8782501220703125,3.342041015625,1.0
2-3-1,Run1,189313359608,2.885406494140625,3.336669921875,1.0
2-3-1,Run1,189313376263,2.8789215087890625,3.2999725341796875,1.0
2-3-1,Run1,189313392918,2.7634429931640625,3.322357177734375,1.0
2-3-1,Run1,189313409573,2.7299346923828125,3.5363006591796875,1.0
2-3-1,Run1,189313426228,2.8648681640625,3.424713134765625,1.0
2-3-1,Run1,189313442882,2.850341796875,3.321136474609375,1.0
2-3-1,Run1,189313459537,2.8728790283203125,3.3307647705078125,1.0
2-3-1,Run1,189313476192,2.8740234375,3.2845916748046875,1.0
2-3-1,Run1,189313492847,2.87408447265625,3.2660064697265625,1.0
2-3-1,Run1,189313509501,2.89892578125,3.255950927734375,1.0
2-3-1,Run1,189313526157,2.8352508544921875,3.269927978515625,1.0
2-3-1,Run1,189313542812,2.8477325439453125,3.2561187744140625,1.0
2-3-1,Run1,189313559466,2.859619140625,3.2654571533203125,1.0
2-3-1,Run1,189313576121,2.818267822265625,3.474395751953125,1.0
2-3-1,Run1,189313592776,2.882843017578125,3.470809936523437,1.0
2-3-1,Run1,189313609430,2.865631103515625,3.27642822265625,1.0
2-3-1,Run1,189313626085,2.85650634765625,3.2601318359375,1.0
2-3-1,Run1,189313642741,2.86663818359375,3.4168701171875,1.0
2-3-1,Run1,189313659395,2.839096069335937,3.4775848388671875,1.0
2-3-1,Run1,189313676050,2.85394287109375,3.4775848388671875,1.0
2-3-1,Run1,189313692705,2.853485107421875,3.3451461791992188,1.0
2-3-1,Run1,189313709359,2.83331298828125,3.21270751953125,1.0
2-3-1,Run1,189313726014,2.8350982666015625,3.294281005859375,1.0
2-3-1,Run1,189313742669,2.872039794921875,3.326324462890625,1.0
2-3-1,Run1,189313759324,2.8751220703125,3.25665283203125,1.0
2-3-1,Run1,189313775979,2.897003173828125,3.272186279296875,1.0
2-3-1,Run1,189313792634,2.8856658935546875,3.3495635986328125,1.0
2-3-1,Run1,189313809289,2.8817596435546875,3.3295440673828125,1.0
2-3-1,Run1,189313825943,2.912384033203125,3.3506011962890625,1.0
2-3-1,Run1,189313842598,2.93072509765625,3.59039306640625,1.0
2-3-1,Run1,189313859253,2.9730682373046875,3.5899810791015625,1.0
2-3-1,Run1,189313875907,3.012680053710937,3.410247802734375,1.0
2-3-1,Run1,189313892563,3.0179443359375,3.4273681640625,1.0
2-3-1,Run1,189313909218,3.026031494140625,3.4584503173828125,1.0
2-3-1,Run1,189313925872,3.0204010009765625,3.3783721923828125,1.0
2-3-1,Run1,189313942527,3.0349578857421875,3.45263671875,1.0
2-3-1,Run1,189313959182,3.042755126953125,3.484527587890625,1.0
2-3-1,Run1,189313975836,3.07861328125,3.47296142578125,1.0
2-3-1,Run1,189313992491,3.08856201171875,3.438079833984375,1.0
2-3-1,Run1,189314009146,3.1096954345703125,3.4486236572265625,1.0
2-3-1,Run1,189314025802,3.0973358154296875,3.4725341796875,1.0
2-3-1,Run1,189314042456,3.0797576904296875,3.38427734375,1.0
2-3-1,Run1,189314059111,2.9864959716796875,3.3274078369140625,1.0
2-3-1,Run1,189314075766,2.9846615261501737,3.321467081705729,0.0
2-3-1,Run1,189314092420,2.98282708062066,3.315526326497396,0.0
2-3-1,Run1,189314109075,2.980992635091146,3.3095855712890625,0.0
2-3-1,Run1,189314125730,2.979158189561632,3.303644816080729,0.0
2-3-1,Run1,189314142384,2.977323744032118,3.297704060872396,0.0
2-3-1,Run1,189314159040,2.975489298502604,3.2917633056640625,0.0
2-3-1,Run1,189314175695,2.97365485297309,3.285822550455729,0.0
2-3-1,Run1,189314192349,2.9718204074435763,3.279881795247396,0.0
2-3-1,Run1,189314209004,2.9699859619140625,3.2739410400390625,1.0
2-3-1,Run1,189314225659,3.0296173095703125,3.2739410400390625,1.0
2-3-1,Run1,189314242313,3.0761871337890625,3.437225341796875,1.0
2-3-1,Run1,189314258968,3.0872955322265625,3.4998321533203125,1.0
2-3-1,Run1,189314275624,3.0607452392578125,3.569808959960937,1.0
2-3-1,Run1,189314292279,3.050506591796875,3.5960235595703125,1.0
2-3-1,Run1,189314308933,3.0742645263671875,3.582015991210937,1.0
2-3-1,Run1,189314325588,3.0692138671875,3.612869262695313,1.0
2-3-1,Run1,189314342243,3.1209869384765625,3.84185791015625,1.0
2-3-1,Run1,189314358897,2.9763259887695312,3.6661224365234375,0.0
2-3-1,Run1,189314375552,2.8316650390625,3.490386962890625,1.0
2-3-1,Run1,189314392207,2.9824676513671875,3.536239624023437,1.0
2-3-1,Run1,189314408862,3.026275634765625,3.665069580078125,1.0
2-3-1,Run1,189314425517,3.023910522460937,3.520599365234375,1.0
2-3-1,Run1,189314442172,2.974700927734375,3.46563720703125,1.0
2-3-1,Run1,189314458826,2.978866577148437,3.49951171875,1.0
2-3-1,Run1,189314475481,2.983139038085937,3.506195068359375,1.0
2-3-1,Run1,189314492136,2.9967193603515625,3.506683349609375,1.0
2-3-1,Run1,189314508790,2.9795074462890625,3.46728515625,1.0
2-3-1,Run1,189314525446,2.922210693359375,3.455352783203125,1.0
2-3-1,Run1,189314542101,2.934677124023437,3.615768432617188,1.0
2-3-1,Run1,189314558756,2.9268798828125,3.594375174386161,1.0
2-3-1,Run1,189314575410,3.1620025634765625,3.5729819161551344,1.0
2-3-1,Run1,189314592065,3.161750562263258,3.5515886579241074,0.0
2-3-1,Run1,189314608720,3.1614985610499526,3.530195399693081,0.0
2-3-1,Run1,189314625374,3.161246559836648,3.508802141462054,0.0
2-3-1,Run1,189314642029,3.1609945586233428,3.4874088832310273,0.0
2-3-1,Run1,189314658685,3.160742557410038,3.4660156250000003,0.0
2-3-1,Run1,189314675339,3.160490556196733,3.4446223667689737,0.0
2-3-1,Run1,189314691994,3.160238554983428,3.4232291085379467,0.0
2-3-1,Run1,189314708649,3.159986553770123,3.40183585030692,0.0
2-3-1,Run1,189314725303,3.1597345525568183,3.380442592075893,0.0
2-3-1,Run1,189314741958,3.159482551343513,3.359049333844866,0.0
2-3-1,Run1,189314772215,3.1592305501302085,3.3376560756138396,0.0
2-3-1,Run1,189314788870,3.1589785489169033,3.316262817382813,0.0
2-3-1,Run1,189314805525,3.1587265477035986,3.294869559151786,0.0
2-3-1,Run1,189314822179,3.1584745464902935,3.273476300920759,0.0
2-3-1,Run1,189314838834,3.1582225452769888,3.2520830426897325,0.0
2-3-1,Run1,189314855489,3.1579705440636836,3.2306897844587055,0.0
2-3-1,Run1,189314872143,3.157718542850379,3.209296526227679,0.0
2-3-1,Run1,189314888798,3.1574665416370737,3.187903267996652,0.0
2-3-1,Run1,189314905454,3.157214540423769,3.1665100097656254,0.0
2-3-1,Run1,189314922108,3.156962539210464,3.1451167515345984,0.0
2-3-1,Run1,189314938763,3.156710537997159,3.123723493303572,0.0
2-3-1,Run1,189314955418,3.156458536783854,3.102330235072545,0.0
2-3-1,Run1,189314972072,3.1562065355705493,3.0809369768415182,0.0
2-3-1,Run1,189314988727,3.155954534357244,3.0595437186104912,0.0
2-3-1,Run1,189315005382,3.1557025331439394,3.0381504603794642,0.0
2-3-1,Run1,189315022037,3.1554505319306343,3.0167572021484377,0.0
2-3-1,Run1,189315038692,3.1551985307173296,2.9953639439174107,0.0
2-3-1,Run1,189315055347,3.1549465295040244,2.973970685686384,0.0
2-3-1,Run1,189315072002,3.1546945282907197,2.952577427455357,0.0
2-3-1,Run1,189315088656,3.1544425270774146,2.9311841692243306,0.0
2-3-1,Run1,189315105311,3.15419052586411,2.9097909109933036,0.0
2-3-1,Run1,189315138912,3.1539385246508047,2.888397652762277,0.0
2-3-1,Run1,189315155568,3.1536865234375,2.86700439453125,1.0
2-3-1,Run1,189315172222,2.9401092529296875,3.2589263916015625,1.0
2-3-1,Run1,189315188877,2.939788818359375,3.326446533203125,1.0
2-3-1,Run1,189315205532,2.9508056640625,3.338836669921875,1.0
2-3-1,Run1,189315222187,2.92950439453125,3.4779815673828125,1.0
2-3-1,Run1,189315238841,2.90057373046875,3.83447265625,1.0
2-3-1,Run1,189315255496,2.925888061523437,3.548187255859375,1.0
2-3-1,Run1,189315272151,2.9324493408203125,3.353607177734375,1.0
2-3-1,Run1,189315288806,2.9302978515625,3.2916412353515625,1.0
2-3-1,Run1,189315305461,2.9080963134765625,3.2586212158203125,1.0
2-3-1,Run1,189315322116,2.9007720947265625,3.23968505859375,1.0
2-3-1,Run1,189315338770,2.9071502685546875,3.3805465698242188,1.0
2-3-1,Run1,189315355425,2.9215850830078125,3.5214080810546875,1.0
2-3-1,Run1,189315372080,2.90496826171875,3.5214080810546875,1.0
2-3-1,Run1,189315388734,2.867431640625,3.5074903700086804,1.0
2-3-1,Run1,189315405390,3.0680084228515625,3.4935726589626737,1.0
2-3-1,Run1,189315422045,3.0675760904947915,3.4796549479166665,0.0
2-3-1,Run1,189315438699,3.067143758138021,3.46573723687066,0.0
2-3-1,Run1,189315455354,3.06671142578125,3.4518195258246527,0.0
2-3-1,Run1,189315472009,3.066279093424479,3.437901814778646,0.0
2-3-1,Run1,189315488664,3.0658467610677085,3.423984103732639,0.0
2-3-1,Run1,189315505318,3.0654144287109375,3.410066392686632,0.0
2-3-1,Run1,189315521973,3.0649820963541665,3.396148681640625,0.0
2-3-1,Run1,189315538629,3.064549763997396,3.382230970594618,0.0
2-3-1,Run1,189315555283,3.064117431640625,3.368313259548611,0.0
2-3-1,Run1,189315571938,3.063685099283854,3.354395548502604,0.0
2-3-1,Run1,189315602221,3.0632527669270835,3.3404778374565973,0.0
2-3-1,Run1,189315618876,3.0628204345703125,3.32656012641059,0.0
2-3-1,Run1,189315635530,3.0623881022135415,3.3126424153645835,0.0
2-3-1,Run1,189315668919,3.061955769856771,3.2987247043185763,0.0
2-3-1,Run1,189315685574,3.0615234375,3.2848069932725696,1.0
2-3-1,Run1,189315702228,2.82196044921875,3.2708892822265625,1.0
2-3-1,Run1,189315718883,2.828826904296875,3.2708892822265625,1.0
2-3-1,Run1,189315735538,2.8281402587890625,3.230255126953125,1.0
2-3-1,Run1,189315752193,2.852203369140625,3.230255126953125,1.0
2-3-1,Run1,189315768847,2.8917999267578125,3.205291748046875,1.0
2-3-1,Run1,189315785503,2.73681640625,3.205291748046875,1.0
2-3-1,Run1,189315802158,2.7499237060546875,3.2971343994140625,1.0
2-3-1,Run1,189315818812,2.7499237060546875,3.2971343994140625,1.0
2-3-1,Run1,189315835467,2.8160629272460938,3.38458251953125,0.0
2-3-1,Run1,189315852122,2.8822021484375,3.472030639648437,1.0
2-3-1,Run1,189315868776,2.833343505859375,3.358367919921875,1.0
2-3-1,Run1,189315885431,2.838226318359375,3.3321533203125,1.0
2-3-1,Run1,189315902086,2.849884033203125,3.3111724853515625,1.0
2-3-1,Run1,189315918741,2.8584442138671875,3.3191375732421875,1.0
2-3-1,Run1,189315935396,2.8232421875,3.293304443359375,1.0
2-3-1,Run1,189315952051,2.816497802734375,3.2940826416015625,1.0
2-3-1,Run1,189315968705,2.803817749023437,3.291854858398437,1.0
2-3-1,Run1,189315985360,2.7814483642578125,3.2483673095703125,1.0
2-3-1,Run1,189316002015,2.75640869140625,3.2353515625,1.0
2-3-1,Run1,189316018670,2.726531982421875,3.2291412353515625,1.0
2-3-1,Run1,189316035325,2.7699432373046875,3.24700927734375,1.0
2-3-1,Run1,189316051980,3.039093017578125,3.2945709228515625,1.0
2-3-1,Run1,189316068635,3.039093017578125,3.2945709228515625,1.0
2-3-1,Run1,189316085289,2.938949584960937,3.1858444213867188,1.0
2-3-1,Run1,189316101944,2.6597900390625,3.077117919921875,1.0
2-3-1,Run1,189316118599,2.62640380859375,3.13446044921875,1.0
2-3-1,Run1,189316135253,2.6222686767578125,3.1234893798828125,1.0
2-3-1,Run1,189316151908,2.61669921875,3.08636474609375,1.0
2-3-1,Run1,189316168564,2.595565795898437,3.05487060546875,1.0
2-3-1,Run1,189316185218,2.5876007080078125,3.1126251220703125,1.0
2-3-1,Run1,189316201873,2.5850372314453125,3.0612335205078125,1.0
2-3-1,Run1,189316218528,2.5493316650390625,3.083892822265625,1.0
2-3-1,Run1,189316235182,2.5160064697265625,3.0841064453125,1.0
2-3-1,Run1,189316251837,2.569610595703125,3.122711181640625,1.0
2-3-1,Run1,189316268492,2.6446685791015625,3.1552734375,1.0
2-3-1,Run1,189316285148,2.5813751220703125,3.077545166015625,1.0
2-3-1,Run1,189316301802,2.4802398681640625,3.0529327392578125,1.0
2-3-1,Run1,189316318457,2.5515594482421875,2.9933319091796875,1.0
2-3-1,Run1,189316335112,2.5593719482421875,2.938262939453125,1.0
2-3-1,Run1,189316351766,2.442489624023437,2.962554931640625,1.0
2-3-1,Run1,189316368421,2.477081298828125,3.0035552978515625,1.0
2-3-1,Run1,189316385076,2.5594635009765625,3.0070037841796875,1.0
2-3-1,Run1,189316401730,2.5712127685546875,3.181747436523437,1.0
2-3-1,Run1,189316418386,2.595184326171875,3.13592529296875,1.0
2-3-1,Run1,189316435041,2.574188232421875,2.966415405273437,1.0
2-3-1,Run1,189316451695,2.542327880859375,2.995269775390625,1.0
2-3-1,Run1,189316468350,2.5467681884765625,3.011703491210937,1.0
2-3-1,Run1,189316485005,2.53631591796875,2.9684600830078125,1.0
2-3-1,Run1,189316501659,2.463363647460937,2.9800567626953125,1.0
2-3-1,Run1,189316518314,2.437164306640625,2.9140167236328125,1.0
2-3-1,Run1,189316534970,2.51220703125,2.853485107421875,1.0
2-3-1,Run1,189316551625,2.545928955078125,3.01947021484375,1.0
2-3-1,Run1,189316568279,2.535888671875,3.3069305419921875,1.0
2-3-1,Run1,189316584934,2.5284576416015625,3.2002105712890625,1.0
2-3-1,Run1,189316601589,2.5895538330078125,3.2002105712890625,1.0
2-3-1,Run1,189316618243,2.6510467529296875,3.17474365234375,1.0
2-3-1,Run1,189316634898,2.62493896484375,2.9791717529296875,1.0
2-3-1,Run1,189316651553,2.620269775390625,2.9851226806640625,1.0
2-3-1,Run1,189316668208,2.641571044921875,3.041259765625,1.0
2-3-1,Run1,189316684863,2.5809478759765625,2.95465087890625,1.0
2-3-1,Run1,189316701518,2.5879364013671875,2.9095916748046875,1.0
2-3-1,Run1,189316718172,2.59161376953125,3.03973388671875,1.0
2-3-1,Run1,189316734827,2.4824981689453125,3.067367553710937,1.0
2-3-1,Run1,189316751482,2.52374267578125,2.98687744140625,1.0
2-3-1,Run1,189316768136,2.630279541015625,3.05078125,1.0
2-3-1,Run1,189316784792,2.5877838134765625,3.26953125,1.0
2-3-1,Run1,189316801447,2.5924224853515625,3.084747314453125,1.0
2-3-1,Run1,189316818102,2.623199462890625,3.0673828125,1.0
2-3-1,Run1,189316834756,2.5946807861328125,2.982772827148437,1.0
2-3-1,Run1,189316851411,2.4098358154296875,2.847198486328125,1.0
2-3-1,Run1,189316868066,2.3643528864933896,2.861782298368566,0.0
2-3-1,Run1,189316884720,2.3188699575570912,2.8763661104090072,0.0
2-3-1,Run1,189316901375,2.2733870286207933,2.8909499224494484,0.0
2-3-1,Run1,189316918031,2.227904099684495,2.9055337344898895,0.0
2-3-1,Run1,189316934685,2.182421170748197,2.920117546530331,0.0
2-3-1,Run1,189316951340,2.136938241811899,2.934701358570772,0.0
2-3-1,Run1,189316967995,2.091455312875601,2.9492851706112133,0.0
2-3-1,Run1,189316984649,2.045972383939303,2.9638689826516544,0.0
2-3-1,Run1,189317001304,2.000489455003005,2.9784527946920956,0.0
2-3-1,Run1,189317017959,1.9550065260667067,2.9930366067325367,0.0
2-3-1,Run1,189317034614,1.9095235971304088,3.007620418772978,0.0
2-3-1,Run1,189317051269,1.8640406681941104,3.022204230813419,0.0
2-3-1,Run1,189317067924,1.8185577392578125,3.0367880428538605,1.0
2-3-1,Run1,189317084579,1.8185577392578125,3.0513718548943016,1.0
2-3-1,Run1,189317101233,2.6455078125,3.0659556669347428,1.0
2-3-1,Run1,189317117888,2.801742553710937,3.080539478975184,1.0
2-3-1,Run1,189317134543,2.798858642578125,3.095123291015625,1.0
2-3-1,Run1,189317151197,2.8065185546875,3.1962432861328125,1.0
2-3-1,Run1,189317167853,2.79486083984375,3.43927001953125,1.0
2-3-1,Run1,189317184508,2.7617950439453125,3.3730621337890625,1.0
2-3-1,Run1,189317201162,2.7845458984375,3.22003173828125,1.0
2-3-1,Run1,189317217817,2.829803466796875,3.1844635009765625,1.0
2-3-1,Run1,189317234472,2.810028076171875,3.24212646484375,1.0
2-3-1,Run1,189317251126,2.810089111328125,3.2070846557617188,1.0
2-3-1,Run1,189317267781,2.835113525390625,3.1720428466796875,1.0
2-3-1,Run1,189317284436,2.81787109375,3.2657470703125,1.0
2-3-1,Run1,189317301091,2.8466033935546875,3.332504272460937,1.0
2-3-1,Run1,189317317746,2.852569580078125,3.32550048828125,1.0
2-3-1,Run1,189317334401,2.808929443359375,3.305389404296875,1.0
2-3-1,Run1,189317351056,2.811859130859375,3.319427490234375,1.0
2-3-1,Run1,189317367710,2.8358154296875,3.315277099609375,1.0
2-3-1,Run1,189317384365,2.811279296875,3.246688842773437,1.0
2-3-1,Run1,189317401020,2.8364715576171875,3.2629547119140625,1.0
2-3-1,Run1,189317417675,2.8507843017578125,3.396392822265625,1.0
2-3-1,Run1,189317434330,2.8191680908203125,3.360336303710937,1.0
2-3-1,Run1,189317450985,2.817047119140625,3.201278686523437,1.0
2-3-1,Run1,189317467639,2.7947540283203125,3.1528472900390625,1.0
2-3-1,Run1,189317484294,2.750457763671875,3.1528472900390625,1.0
2-3-1,Run1,189317500949,2.9602813720703125,3.1336534288194446,1.0
2-3-1,Run1,189317517603,2.924885559082031,3.1144595675998263,0.0
2-3-1,Run1,189317534258,2.88948974609375,3.0952657063802085,0.0
2-3-1,Run1,189317550914,2.8540939331054687,3.07607184516059,0.0
2-3-1,Run1,189317567568,2.8186981201171877,3.0568779839409723,0.0
2-3-1,Run1,189317584222,2.7833023071289062,3.037684122721354,0.0
2-3-1,Run1,189317600877,2.747906494140625,3.018490261501736,0.0
2-3-1,Run1,189317617532,2.712510681152344,2.999296400282118,0.0
2-3-1,Run1,189317634186,2.6771148681640624,2.9801025390625,1.0
2-3-1,Run1,189317650841,2.6417190551757814,2.9801025390625,1.0
2-3-1,Run1,189317667497,2.6063232421875,3.1468734741210938,1.0
2-3-1,Run1,189317684151,2.725830078125,3.3136444091796875,1.0
2-3-1,Run1,189317700806,2.71136474609375,3.156524658203125,1.0
2-3-1,Run1,189317717461,2.78485107421875,3.1772918701171875,1.0
2-3-1,Run1,189317734115,2.775009155273437,3.210174560546875,1.0
2-3-1,Run1,189317750770,2.77239990234375,3.2256622314453125,1.0
2-3-1,Run1,189317767425,2.7913970947265625,3.446563720703125,1.0
2-3-1,Run1,189317784078,2.79058837890625,3.2827377319335938,1.0
2-3-1,Run1,189317800734,2.752532958984375,3.1189117431640625,1.0
2-3-1,Run1,189317817389,2.708480834960937,3.2094879150390625,1.0
2-3-1,Run1,189317834043,2.7556915283203125,3.1938018798828125,1.0
2-3-1,Run1,189317850698,2.75665283203125,3.186004638671875,1.0
2-3-1,Run1,189317867353,2.7635955810546875,3.40411376953125,1.0
2-3-1,Run1,189317884008,2.8398590087890625,3.4695281982421875,1.0
2-3-1,Run1,189317900662,2.826034545898437,3.4695281982421875,1.0
2-3-1,Run1,189317917318,2.762664794921875,3.315521240234375,1.0
2-3-1,Run1,189317933973,2.763534545898437,3.213775634765625,1.0
2-3-1,Run1,189317950626,2.8201446533203125,3.1695556640625,1.0
2-3-1,Run1,189317967281,2.760498046875,3.136810302734375,1.0
2-3-1,Run1,189317983936,2.6954498291015625,3.23333740234375,1.0
2-3-1,Run1,189318000590,2.7235107421875,3.220489501953125,1.0
2-3-1,Run1,189318017245,2.7389373779296875,3.1132965087890625,1.0
2-3-1,Run1,189318033900,2.7410888671875,3.1052703857421875,1.0
2-3-1,Run1,189318050555,2.7295684814453125,3.196273803710937,1.0
2-3-1,Run1,189318067210,2.7497711181640625,3.2176513671875,1.0
2-3-1,Run1,189318083865,2.758819580078125,3.2086181640625,1.0
2-3-1,Run1,189318100519,2.73345947265625,3.2110748291015625,1.0
2-3-1,Run1,189318117174,2.729278564453125,3.215057373046875,1.0
2-3-1,Run1,189318133829,2.782821655273437,3.166961669921875,1.0
2-3-1,Run1,189318150484,2.748199462890625,3.069244384765625,1.0
2-3-1,Run1,189318167138,2.7381134033203125,3.0335235595703125,1.0
2-3-1,Run1,189318183793,2.739501953125,3.131011962890625,1.0
2-3-1,Run1,189318200448,2.69036865234375,3.1914825439453125,1.0
2-3-1,Run1,189318217102,2.76776123046875,3.1930694580078125,1.0
2-3-1,Run1,189318233757,2.7723846435546875,3.1471405029296875,1.0
2-3-1,Run1,189318250412,2.7196044921875,3.0642547607421875,1.0
2-3-1,Run1,189318267066,2.709335327148437,3.044662475585937,1.0
2-3-1,Run1,189318283721,2.6832733154296875,3.040374755859375,1.0
2-3-1,Run1,189318300377,2.690521240234375,3.064788818359375,1.0
2-3-1,Run1,189318317031,2.7575225830078125,3.147857666015625,1.0
2-3-1,Run1,189318333685,2.7144775390625,3.32879638671875,1.0
2-3-1,Run1,189318350340,2.6998748779296875,3.3371124267578125,1.0
2-3-1,Run1,189318366994,2.7082672119140625,3.1339263916015625,1.0
2-3-1,Run1,189318383649,2.661163330078125,3.03887939453125,1.0
2-3-1,Run1,189318400304,2.667816162109375,3.0827789306640625,1.0
2-3-1,Run1,189318416960,2.7013397216796875,3.1714324951171875,1.0
2-3-1,Run1,189318433614,2.7653350830078125,3.3528594970703125,1.0
2-3-1,Run1,189318450269,2.763214111328125,3.4272003173828125,1.0
2-3-1,Run1,189318466924,2.734115600585937,3.19903564453125,1.0
2-3-1,Run1,189318483578,2.720458984375,3.1702880859375,1.0
2-3-1,Run1,189318500233,2.9580841064453125,3.332275390625,1.0
2-3-1,Run1,189318516888,3.0573883056640625,3.3211212158203125,1.0
2-3-1,Run1,189318533542,2.7333526611328125,3.2132568359375,1.0
2-3-1,Run1,189318550197,2.721343994140625,3.2194976806640625,1.0
2-3-1,Run1,189318566852,2.777328491210937,3.21246337890625,1.0
2-3-1,Run1,189318583506,2.7612457275390625,3.229827880859375,1.0
2-3-1,Run1,189318600161,2.807769775390625,3.274642944335937,1.0
2-3-1,Run1,189318616816,2.8479461669921875,3.33575439453125,1.0
2-3-1,Run1,189318633470,2.847259521484375,3.567169189453125,1.0
2-3-1,Run1,189318650125,2.8565673828125,3.407562255859375,1.0
2-3-1,Run1,189318666780,2.847442626953125,3.2434844970703125,1.0
2-3-1,Run1,189318683436,2.86669921875,3.2553253173828125,1.0
2-3-1,Run1,189318700089,2.897796630859375,3.2899322509765625,1.0
2-3-1,Run1,189318716744,2.87322998046875,3.316024780273437,1.0
2-3-1,Run1,189318733399,2.8643798828125,3.332977294921875,1.0
2-3-1,Run1,189318750053,2.894805908203125,3.3317413330078125,1.0
2-3-1,Run1,189318766708,2.8724822998046875,3.3393707275390625,1.0
2-3-1,Run1,189318783363,2.84808349609375,3.271484375,1.0
2-3-1,Run1,189318800018,2.8821258544921875,3.2709503173828125,1.0
2-3-1,Run1,189318816673,2.92803955078125,3.3125,1.0
2-3-1,Run1,189318833328,2.9235076904296875,3.4535369873046875,1.0
2-3-1,Run1,189318849982,2.8688201904296875,3.501068115234375,1.0
2-3-1,Run1,189318866637,2.873779296875,3.33526611328125,1.0
2-3-1,Run1,189318883291,2.88421630859375,3.3392486572265625,1.0
2-3-1,Run1,189318899946,2.92327880859375,3.333831787109375,1.0
2-3-1,Run1,189318916601,2.925994873046875,3.377166748046875,1.0
2-3-1,Run1,189318933256,3.1090850830078125,3.6759185791015625,1.0
2-3-1,Run1,189318949911,3.014699935913086,3.6592814127604165,0.0
2-3-1,Run1,189318966565,2.9203147888183594,3.642644246419271,0.0
2-3-1,Run1,189318983220,2.825929641723633,3.626007080078125,0.0
2-3-1,Run1,189318999875,2.7315444946289062,3.609369913736979,0.0
2-3-1,Run1,189319016529,2.6371593475341797,3.5927327473958335,0.0
2-3-1,Run1,189319033184,2.542774200439453,3.5760955810546875,0.0
2-3-1,Run1,189319049840,2.4483890533447266,3.5594584147135415,0.0
2-3-1,Run1,189319066493,2.35400390625,3.542821248372396,1.0
2-3-1,Run1,189319083148,2.35400390625,3.52618408203125,1.0
2-3-1,Run1,189319099803,2.8024444580078125,3.2470855712890625,1.0
2-3-1,Run1,189319116457,2.91802978515625,3.277923583984375,1.0
2-3-1,Run1,189319133112,2.962738037109375,3.355224609375,1.0
2-3-1,Run1,189319149767,3.0052032470703125,3.3348541259765625,1.0
2-3-1,Run1,189319166421,2.969711303710937,3.4050750732421875,1.0
2-3-1,Run1,189319183077,2.942169189453125,3.40875244140625,1.0
2-3-1,Run1,189319199732,2.9814605712890625,3.4043121337890625,1.0
2-3-1,Run1,189319216387,3.04058837890625,3.3961639404296875,1.0
2-3-1,Run1,189319233041,3.06640625,3.396835327148437,1.0
2-3-1,Run1,189319249695,3.0598602294921875,3.3555145263671875,1.0
2-3-1,Run1,189319266350,3.027801513671875,3.375701904296875,1.0
2-3-1,Run1,189319283004,2.990753173828125,3.4464874267578125,1.0
2-3-1,Run1,189319299660,3.0255279541015625,3.4698944091796875,1.0
2-3-1,Run1,189319316315,3.041778564453125,3.4754180908203125,1.0
2-3-1,Run1,189319332969,3.027694702148437,3.4828033447265625,1.0
2-3-1,Run1,189319349624,3.0068359375,3.462158203125,1.0
2-3-1,Run1,189319366279,2.9832305908203125,3.4389190673828125,1.0
2-3-1,Run1,189319382933,2.9905548095703125,3.456695556640625,1.0
2-3-1,Run1,189319399588,2.9743804931640625,3.6515045166015625,1.0
2-3-1,Run1,189319416243,2.964691162109375,3.6446380615234375,1.0
2-3-1,Run1,189319432897,2.9619293212890625,3.6446380615234375,1.0
2-3-1,Run1,189319449552,2.978240966796875,3.675827026367188,1.0
2-3-1,Run1,189319466207,2.940673828125,3.675827026367188,1.0
2-3-1,Run1,189319482862,2.901229858398437,3.6318206787109375,1.0
2-3-1,Run1,189319499516,2.90472412109375,3.6318206787109375,1.0
2-3-1,Run1,189319516171,2.89752197265625,3.473724365234375,1.0
2-3-1,Run1,189319532826,2.9129791259765625,3.3156280517578125,1.0
2-3-1,Run1,189319549480,2.9291534423828125,3.3921661376953125,1.0
2-3-1,Run1,189319566136,2.9115142822265625,3.361679077148437,1.0
2-3-1,Run1,189319582791,2.8616943359375,3.253265380859375,1.0
2-3-1,Run1,189319599445,2.8336944580078125,3.2548980712890625,1.0
2-3-1,Run1,189319616099,2.8870849609375,3.3603057861328125,1.0
2-3-1,Run1,189319632754,2.893707275390625,3.5669403076171875,1.0
2-3-1,Run1,189319649408,2.9099578857421875,3.517730712890625,1.0
2-3-1,Run1,189319666063,2.887725830078125,3.3362274169921875,1.0
2-3-1,Run1,189319682719,2.824737548828125,3.335800170898437,1.0
2-3-1,Run1,189319699373,2.8501739501953125,3.518157958984375,1.0
2-3-1,Run1,189319716028,2.8685302734375,3.5535125732421875,1.0
2-3-1,Run1,189319732683,2.8469696044921875,3.5535125732421875,1.0
2-3-1,Run1,189319749338,2.841583251953125,3.513412475585937,1.0
2-3-1,Run1,189319765992,2.871566772460937,3.3295135498046875,1.0
2-3-1,Run1,189319782647,2.8550262451171875,3.328964233398437,1.0
2-3-1,Run1,189319799302,2.832992553710937,3.347381591796875,1.0
2-3-1,Run1,189319815956,2.859527587890625,3.358154296875,1.0
2-3-1,Run1,189319832611,2.855682373046875,3.5387725830078125,1.0
2-3-1,Run1,189319849266,2.8405303955078125,3.394760131835937,1.0
2-3-1,Run1,189319865920,2.868759155273437,3.394760131835937,1.0
2-3-1,Run1,189319882575,2.89892578125,3.508758544921875,1.0
2-3-1,Run1,189319899230,2.9052734375,3.508758544921875,1.0
2-3-1,Run1,189319915884,2.906494140625,3.596588134765625,1.0
2-3-1,Run1,189319932539,2.89495849609375,3.596588134765625,1.0
2-3-1,Run1,189319949194,2.896453857421875,3.427093505859375,1.0
2-3-1,Run1,189319965848,2.8523712158203125,3.257598876953125,1.0
2-3-1,Run1,189319982504,2.806854248046875,3.3182373046875,1.0
2-3-1,Run1,189319999158,2.843475341796875,3.4542999267578125,1.0
2-3-1,Run1,189320015813,2.904296875,3.5106658935546875,1.0
2-3-1,Run1,189320032467,2.9105224609375,3.5106658935546875,1.0
2-3-1,Run1,189320049122,2.8839874267578125,3.514511108398437,1.0
2-3-1,Run1,189320065778,2.92901611328125,3.514511108398437,1.0
2-3-1,Run1,189320082431,2.9187164306640625,3.4858856201171875,1.0
2-3-1,Run1,189320099086,2.893310546875,3.4858856201171875,1.0
2-3-1,Run1,189320115742,2.911285400390625,3.5236053466796875,1.0
2-3-1,Run1,189320132396,2.934326171875,3.5236053466796875,1.0
2-3-1,Run1,189320149051,2.9566650390625,3.5542144775390625,1.0
2-3-1,Run1,189320165706,2.928863525390625,3.390411376953125,1.0
2-3-1,Run1,189320182360,2.88751220703125,3.3276519775390625,1.0
2-3-1,Run1,189320199015,2.906524658203125,3.1819000244140625,1.0
2-3-1,Run1,189320215670,2.8935089111328125,3.1819000244140625,1.0
2-3-1,Run1,189320232324,3.0835113525390625,3.1790313720703125,1.0
2-3-1,Run1,189320248979,3.0447006225585938,3.1761627197265625,0.0
2-3-1,Run1,189320265634,3.005889892578125,3.1732940673828125,0.0
2-3-1,Run1,189320282289,2.9670791625976562,3.1704254150390625,0.0
2-3-1,Run1,189320298943,2.9282684326171875,3.1675567626953125,0.0
2-3-1,Run1,189320315598,2.8894577026367188,3.1646881103515625,0.0
2-3-1,Run1,189320332253,2.85064697265625,3.1618194580078125,0.0
2-3-1,Run1,189320348907,2.8118362426757812,3.1589508056640625,0.0
2-3-1,Run1,189320365562,2.7730255126953125,3.1560821533203125,1.0
2-3-1,Run1,189320382217,2.9355010986328125,3.1532135009765625,1.0
2-3-1,Run1,189320398871,3.015777587890625,3.1503448486328125,1.0
2-3-1,Run1,189320415526,3.008407592773437,3.26953125,1.0
2-3-1,Run1,189320432182,3.011947631835937,3.536468505859375,1.0
2-3-1,Run1,189320448835,3.039398193359375,3.641403198242188,1.0
2-3-1,Run1,189320465490,3.02197265625,3.432098388671875,1.0
2-3-1,Run1,189320482145,3.008575439453125,3.329681396484375,1.0
2-3-1,Run1,189320498799,3.0239410400390625,3.2405548095703125,1.0
2-3-1,Run1,189320515455,3.052886962890625,3.61224365234375,1.0
2-3-1,Run1,189320532110,3.0644989013671875,3.4682769775390625,1.0
2-3-1,Run1,189320548764,3.0669708251953125,3.455352783203125,1.0
2-3-1,Run1,189320565419,3.0418853759765625,3.574127197265625,1.0
2-3-1,Run1,189320582074,3.0385894775390625,3.412338256835937,1.0
2-3-1,Run1,189320598729,3.04803466796875,3.412338256835937,1.0
2-3-1,Run1,189320615382,3.022552490234375,3.625518798828125,1.0
2-3-1,Run1,189320632037,3.0251922607421875,3.46807861328125,1.0
2-3-1,Run1,189320648693,3.0605926513671875,3.4241943359375,1.0
2-3-1,Run1,189320665347,3.0427703857421875,3.433380126953125,1.0
2-3-1,Run1,189320682002,3.0341796875,3.4654541015625,1.0
2-3-1,Run1,189320698657,3.006378173828125,3.578475952148437,1.0
2-3-1,Run1,189320715311,2.976837158203125,3.5442047119140625,1.0
2-3-1,Run1,189320731966,2.9718017578125,3.4083251953125,1.0
2-3-1,Run1,189320748621,2.963958740234375,3.4068756103515625,1.0
2-3-1,Run1,189320765275,2.96527099609375,3.535675048828125,1.0
2-3-1,Run1,189320781930,2.9353485107421875,3.4497222900390625,1.0
2-3-1,Run1,189320798585,2.8935699462890625,3.36376953125,1.0
2-3-1,Run1,189320815240,2.9135284423828125,3.4151153564453125,1.0
2-3-1,Run1,189320831894,2.834991455078125,3.5633544921875,1.0
2-3-1,Run1,189320848549,2.605255126953125,3.5207481384277344,1.0
2-3-1,Run1,189320865204,2.6113399929470487,3.4781417846679688,0.0
2-3-1,Run1,189320881858,2.6174248589409723,3.435535430908203,0.0
2-3-1,Run1,189320898513,2.6235097249348955,3.3929290771484375,0.0
2-3-1,Run1,189320915168,2.629594590928819,3.350322723388672,0.0
2-3-1,Run1,189320931823,2.635679456922743,3.3077163696289062,0.0
2-3-1,Run1,189320948478,2.6417643229166665,3.2651100158691406,0.0
2-3-1,Run1,189320965133,2.6478491889105897,3.222503662109375,0.0
2-3-1,Run1,189320981786,2.6539340549045134,3.1798973083496094,0.0
2-3-1,Run1,189320998441,2.660018920898437,3.1372909545898438,1.0
2-3-1,Run1,189321015096,2.8523101806640625,3.094684600830078,1.0
2-3-1,Run1,189321031750,2.8902740478515625,3.0520782470703125,1.0
2-3-1,Run1,189321048406,2.862823486328125,3.0520782470703125,1.0
2-3-1,Run1,189321065061,2.8697662353515625,3.1081695556640625,1.0
2-3-1,Run1,189321081716,2.9216766357421875,3.1081695556640625,1.0
2-3-1,Run1,189321098370,2.8900909423828125,3.2182769775390625,1.0
2-3-1,Run1,189321115025,2.838592529296875,3.2182769775390625,1.0
2-3-1,Run1,189321131680,2.830810546875,3.1775665283203125,1.0
2-3-1,Run1,189321148334,2.850982666015625,3.1775665283203125,1.0
2-3-1,Run1,189321164988,2.8566131591796875,3.198211669921875,1.0
2-3-1,Run1,189321181644,2.862457275390625,3.258575439453125,1.0
2-3-1,Run1,189321198298,2.866561889648437,3.2585601806640625,1.0
2-3-1,Run1,189321214953,2.903350830078125,3.274032592773437,1.0
2-3-1,Run1,189321231608,2.86767578125,3.294189453125,1.0
2-3-1,Run1,189321248262,2.8435516357421875,3.224822998046875,1.0
2-3-1,Run1,189321264917,2.9070281982421875,3.2325897216796875,1.0
2-3-1,Run1,189321281572,2.91473388671875,3.283798217773437,1.0
2-3-1,Run1,189321298226,2.853500366210937,3.317047119140625,1.0
2-3-1,Run1,189321314882,2.835479736328125,3.33538818359375,1.0
2-3-1,Run1,189321331536,2.8469390869140625,3.4972076416015625,1.0
2-3-1,Run1,189321348191,2.8457794189453125,3.564117431640625,1.0
2-3-1,Run1,189321364845,2.8463287353515625,3.3408660888671875,1.0
2-3-1,Run1,189321381500,2.832855224609375,3.273193359375,1.0
2-3-1,Run1,189321398155,2.8321990966796875,3.231201171875,1.0
2-3-1,Run1,189321414809,2.7983856201171875,3.261688232421875,1.0
2-3-1,Run1,189321431464,2.7543487548828125,3.3123931884765625,1.0
2-3-1,Run1,189321448120,2.8262176513671875,3.304046630859375,1.0
2-3-1,Run1,189321464774,2.8515777587890625,3.2687530517578125,1.0
2-3-1,Run1,189321481429,2.8202056884765625,3.2595367431640625,1.0
2-3-1,Run1,189321498084,2.83404541015625,3.221588134765625,1.0
2-3-1,Run1,189321514737,2.7970428466796875,3.254791259765625,1.0
2-3-1,Run1,189321531392,2.7584228515625,3.478240966796875,1.0
2-3-1,Run1,189321548047,2.78802490234375,3.4693756103515625,1.0
2-3-1,Run1,189321564701,3.0482330322265625,3.4693756103515625,1.0
2-3-1,Run1,189321581357,2.9388427734375,3.4528961181640625,1.0
2-3-1,Run1,189321598012,2.7175750732421875,3.4528961181640625,1.0
2-3-1,Run1,189321614667,2.746734619140625,3.41070556640625,1.0
2-3-1,Run1,189321631321,2.777801513671875,3.2178497314453125,1.0
2-3-1,Run1,189321647976,2.74871826171875,3.2277374267578125,1.0
2-3-1,Run1,189321664631,2.758544921875,3.21661376953125,1.0
2-3-1,Run1,189321681285,2.795989990234375,3.2000274658203125,1.0
2-3-1,Run1,189321697940,2.780380249023437,3.223846435546875,1.0
2-3-1,Run1,189321714595,2.801727294921875,3.25115966796875,1.0
2-3-1,Run1,189321731249,2.828964233398437,3.253509521484375,1.0
2-3-1,Run1,189321747904,2.81195068359375,3.2371063232421875,1.0
2-3-1,Run1,189321764559,2.8357086181640625,3.252471923828125,1.0
2-3-1,Run1,189321781213,2.8509521484375,3.241195678710937,1.0
2-3-1,Run1,189321797868,2.8188629150390625,3.2299957275390625,1.0
2-3-1,Run1,189321814523,2.793930053710937,3.218475341796875,1.0
2-3-1,Run1,189321831177,2.808685302734375,3.17779541015625,1.0
2-3-1,Run1,189321847833,2.814361572265625,3.23004150390625,1.0
2-3-1,Run1,189321864487,2.788803100585937,3.274871826171875,1.0
2-3-1,Run1,189321881142,2.825057983398437,3.2556610107421875,1.0
2-3-1,Run1,189321897796,2.87542724609375,3.447509765625,1.0
2-3-1,Run1,189321914451,2.8407745361328125,3.45281982421875,1.0
2-3-1,Run1,189321931106,2.81219482421875,3.2739715576171875,1.0
2-3-1,Run1,189321947760,2.853271484375,3.30169677734375,1.0
2-3-1,Run1,189321964415,2.854248046875,3.2958526611328125,1.0
2-3-1,Run1,189321981071,2.8233795166015625,3.28314208984375,1.0
2-3-1,Run1,189321997725,2.8264923095703125,3.295654296875,1.0
2-3-1,Run1,189322014380,2.8497467041015625,3.2921295166015625,1.0
2-3-1,Run1,189322031035,2.8472137451171875,3.2711944580078125,1.0
2-3-1,Run1,189322047688,2.8111724853515625,3.266876220703125,1.0
2-3-1,Run1,189322064343,2.8811492919921875,3.312469482421875,1.0
2-3-1,Run1,189322080998,2.890594482421875,3.303253173828125,1.0
2-3-1,Run1,189322097652,2.9016265869140625,3.290756225585937,1.0
2-3-1,Run1,189322114308,2.9117889404296875,3.2262725830078125,1.0
2-3-1,Run1,189322130963,3.135894775390625,3.2136091752485796,1.0
2-3-1,Run1,189322147618,3.131985134548611,3.2009457674893467,0.0
2-3-1,Run1,189322164272,3.1280754937065973,3.1882823597301138,0.0
2-3-1,Run1,189322180927,3.1241658528645835,3.175618951970881,0.0
2-3-1,Run1,189322197582,3.1202562120225696,3.162955544211648,0.0
2-3-1,Run1,189322214236,3.1163465711805554,3.1502921364524146,0.0
2-3-1,Run1,189322230891,3.1124369303385415,3.1376287286931817,0.0
2-3-1,Run1,189322247546,3.1085272894965277,3.1249653209339487,0.0
2-3-1,Run1,189322264200,3.104617648654514,3.112301913174716,0.0
2-3-1,Run1,189322280855,3.1007080078125,3.099638505415483,1.0
2-3-1,Run1,189322297510,2.949310302734375,3.08697509765625,1.0
2-3-1,Run1,189322314164,2.985595703125,3.08697509765625,1.0
2-3-1,Run1,189322330819,2.9962615966796875,3.2561492919921875,1.0
2-3-1,Run1,189322347474,2.996444702148437,3.2561492919921875,1.0
2-3-1,Run1,189322364128,3.0062408447265625,3.3154449462890625,1.0
2-3-1,Run1,189322380784,3.03839111328125,3.3154449462890625,1.0
2-3-1,Run1,189322397439,3.017196655273437,3.4122772216796875,1.0
2-3-1,Run1,189322414093,2.996444702148437,3.4707183837890625,1.0
2-3-1,Run1,189322430747,3.019149780273437,3.502182006835937,1.0
2-3-1,Run1,189322447402,3.036285400390625,3.411773681640625,1.0
2-3-1,Run1,189322464057,3.0542449951171875,3.403717041015625,1.0
2-3-1,Run1,189322480711,3.056304931640625,3.5003662109375,1.0
2-3-1,Run1,189322497366,3.0804595947265625,3.5079498291015625,1.0
2-3-1,Run1,189322514022,3.084747314453125,3.5081939697265625,1.0
2-3-1,Run1,189322530676,3.080429077148437,3.55291748046875,1.0
2-3-1,Run1,189322547331,3.075103759765625,3.560455322265625,1.0
2-3-1,Run1,189322563986,3.0497283935546875,3.7012939453125,1.0
2-3-1,Run1,189322580640,3.0771942138671875,3.5909652709960938,1.0
2-3-1,Run1,189322597295,3.05902099609375,3.4806365966796875,1.0
2-3-1,Run1,189322613950,3.0357818603515625,3.4806365966796875,1.0
2-3-1,Run1,189322630604,3.0408477783203125,3.4425811767578125,1.0
2-3-1,Run1,189322647260,2.9190673828125,3.4425811767578125,1.0
2-3-1,Run1,189322663915,2.922292709350586,3.457300821940104,0.0
2-3-1,Run1,189322680570,2.925518035888672,3.472020467122396,0.0
2-3-1,Run1,189322697224,2.928743362426758,3.4867401123046875,0.0
2-3-1,Run1,189322713879,2.9319686889648438,3.5014597574869795,0.0
2-3-1,Run1,189322730534,2.9351940155029297,3.516179402669271,0.0
2-3-1,Run1,189322747188,2.9384193420410156,3.530899047851563,0.0
2-3-1,Run1,189322763843,2.9416446685791016,3.5456186930338545,0.0
2-3-1,Run1,189322780499,2.9448699951171875,3.5603383382161464,0.0
2-3-1,Run1,189322797153,2.9480953216552734,3.575057983398438,0.0
2-3-1,Run1,189322813808,2.9513206481933594,3.5897776285807295,0.0
2-3-1,Run1,189322830463,2.9545459747314453,3.6044972737630214,0.0
2-3-1,Run1,189322862252,2.9577713012695312,3.619216918945313,0.0
2-3-1,Run1,189322878907,2.960996627807617,3.633936564127605,0.0
2-3-1,Run1,189322895562,2.964221954345703,3.6486562093098964,0.0
2-3-1,Run1,189322928946,2.967447280883789,3.6633758544921884,0.0
2-3-1,Run1,189322945600,2.970672607421875,3.67809549967448,1.0
2-3-1,Run1,189322962255,2.821685791015625,3.692815144856772,1.0
2-3-1,Run1,189322978910,2.8338623046875,3.7075347900390634,1.0
2-3-1,Run1,189322995564,2.8363037109375,3.3315582275390625,1.0
2-3-1,Run1,189323012219,2.860946655273437,3.17303466796875,1.0
2-3-1,Run1,189323028874,2.8786773681640625,3.2625732421875,1.0
2-3-1,Run1,189323045529,2.909332275390625,3.2625732421875,1.0
2-3-1,Run1,189323062184,2.87249755859375,3.316619873046875,1.0
2-3-1,Run1,189323078839,2.875396728515625,3.316619873046875,1.0
2-3-1,Run1,189323095494,2.907745361328125,3.2725830078125,1.0
2-3-1,Run1,189323112148,2.91522216796875,3.350921630859375,1.0
2-3-1,Run1,189323128803,2.884033203125,3.3520965576171875,1.0
2-3-1,Run1,189323145458,2.8762969970703125,3.319671630859375,1.0
2-3-1,Run1,189323162112,2.8726959228515625,3.3840789794921875,1.0
2-3-1,Run1,189323178767,2.885894775390625,3.40325927734375,1.0
2-3-1,Run1,189323195423,2.9365997314453125,3.336410522460937,1.0
2-3-1,Run1,189323212077,2.948883056640625,3.2733612060546875,1.0
2-3-1,Run1,189323228732,2.893463134765625,3.299041748046875,1.0
2-3-1,Run1,189323245387,2.849227905273437,3.356903076171875,1.0
2-3-1,Run1,189323262041,2.8426666259765625,3.3419952392578125,1.0
2-3-1,Run1,189323278696,2.854156494140625,3.353012084960937,1.0
2-3-1,Run1,189323295351,2.8430938720703125,3.560165405273437,1.0
2-3-1,Run1,189323312006,2.8487091064453125,3.53033447265625,1.0
2-3-1,Run1,189323328661,2.8427734375,3.53033447265625,1.0
2-3-1,Run1,189323345316,2.82373046875,3.4922637939453125,1.0
2-3-1,Run1,189323361971,2.795806884765625,3.30609130859375,1.0
2-3-1,Run1,189323378625,2.80902099609375,3.2959136962890625,1.0
2-3-1,Run1,189323395280,2.7953643798828125,3.451278686523437,1.0
2-3-1,Run1,189323411935,2.736923217773437,3.435531616210937,1.0
2-3-1,Run1,189323428589,2.761016845703125,3.435531616210937,1.0
2-3-1,Run1,189323445244,2.78668212890625,3.109283447265625,1.0
2-3-1,Run1,189323461900,2.767333984375,3.109283447265625,1.0
2-3-1,Run1,189323478554,2.7574005126953125,3.4506988525390625,1.0
2-3-1,Run1,189323495209,2.7733306884765625,3.25384521484375,1.0
2-3-1,Run1,189323511864,2.855621337890625,3.2301788330078125,1.0
2-3-1,Run1,189323528518,2.847640991210937,3.239242553710937,1.0
2-3-1,Run1,189323545173,2.790771484375,3.26678466796875,1.0
2-3-1,Run1,189323561828,2.768218994140625,3.4594268798828125,1.0
2-3-1,Run1,189323578483,2.7801971435546875,3.475616455078125,1.0
2-3-1,Run1,189323595138,2.81768798828125,3.475616455078125,1.0
2-3-1,Run1,189323611793,2.79534912109375,3.4457550048828125,1.0
2-3-1,Run1,189323628448,2.782440185546875,3.4457550048828125,1.0
2-3-1,Run1,189323645102,2.798248291015625,3.4973297119140625,1.0
2-3-1,Run1,189323661757,2.7686767578125,3.4973297119140625,1.0
2-3-1,Run1,189323678412,2.746124267578125,3.4413299560546875,1.0
2-3-1,Run1,189323695066,2.7478790283203125,3.4413299560546875,1.0
2-3-1,Run1,189323711721,2.7354736328125,3.445175170898437,1.0
2-3-1,Run1,189323728377,2.793060302734375,3.445175170898437,1.0
2-3-1,Run1,189323745031,2.816558837890625,3.4049530029296875,1.0
2-3-1,Run1,189323761686,2.831771850585937,3.1654510498046875,1.0
2-3-1,Run1,189323778341,2.7235870361328125,3.044830322265625,1.0
2-3-1,Run1,189323794995,2.7208760579427085,2.999778053977273,0.0
2-3-1,Run1,189323811650,2.718165079752604,2.9547257856889204,0.0
2-3-1,Run1,189323828305,2.7154541015625,2.9096735174005683,0.0
2-3-1,Run1,189323844960,2.712743123372396,2.864621249112216,0.0
2-3-1,Run1,189323861615,2.7100321451822915,2.8195689808238638,0.0
2-3-1,Run1,189323878270,2.7073211669921875,2.7745167125355112,0.0
2-3-1,Run1,189323894925,2.7046101888020835,2.729464444247159,0.0
2-3-1,Run1,189323911579,2.701899210611979,2.6844121759588067,0.0
2-3-1,Run1,189323928234,2.699188232421875,2.6393599076704546,1.0
2-3-1,Run1,189323944889,2.699188232421875,2.5943076393821025,1.0
2-3-1,Run1,189323961543,2.81048583984375,2.54925537109375,1.0
2-3-1,Run1,189323978198,2.916900634765625,2.54925537109375,1.0
2-3-1,Run1,189323994854,2.93511962890625,3.137054443359375,1.0
2-3-1,Run1,189324011508,2.951263427734375,3.137054443359375,1.0
2-3-1,Run1,189324028163,2.951873779296875,3.27227783203125,1.0
2-3-1,Run1,189324044818,2.95928955078125,3.3875885009765625,1.0
2-3-1,Run1,189324061472,2.9849853515625,3.423736572265625,1.0
2-3-1,Run1,189324078127,3.00384521484375,3.3943634033203125,1.0
2-3-1,Run1,189324094782,3.010162353515625,3.4229888916015625,1.0
2-3-1,Run1,189324111437,2.9919891357421875,3.4508819580078125,1.0
2-3-1,Run1,189324128092,2.974639892578125,3.4275665283203125,1.0
2-3-1,Run1,189324144747,3.0246124267578125,3.4182281494140625,1.0
2-3-1,Run1,189324161402,3.0631256103515625,3.4842071533203125,1.0
2-3-1,Run1,189324178056,3.0406494140625,3.4332427978515625,1.0
2-3-1,Run1,189324194711,3.0615386962890625,3.4519195556640625,1.0
2-3-1,Run1,189324211366,3.067733764648437,3.4519195556640625,1.0
2-3-1,Run1,189324228020,3.0732574462890625,3.4339141845703125,1.0
2-3-1,Run1,189324244675,3.0647430419921875,3.5104217529296875,1.0
2-3-1,Run1,189324261331,3.0370635986328125,3.5376739501953125,1.0
2-3-1,Run1,189324277985,3.041015625,3.532379150390625,1.0
2-3-1,Run1,189324294640,3.046539306640625,3.57073974609375,1.0
2-3-1,Run1,189324311295,3.0288543701171875,3.5721893310546875,1.0
2-3-1,Run1,189324327949,3.0330352783203125,3.7052154541015625,1.0
2-3-1,Run1,189324344604,3.04632568359375,3.664962768554688,1.0
2-3-1,Run1,189324361259,3.0130615234375,3.496444702148437,1.0
2-3-1,Run1,189324377914,3.009857177734375,3.496490478515625,1.0
2-3-1,Run1,189324394569,3.0074005126953125,3.682571411132813,1.0
2-3-1,Run1,189324411224,3.0016326904296875,3.6817779541015625,1.0
2-3-1,Run1,189324427879,2.993804931640625,3.4921875,1.0
2-3-1,Run1,189324444533,2.961181640625,3.4820709228515625,1.0
2-3-1,Run1,189324461188,2.918487548828125,3.4414215087890625,1.0
2-3-1,Run1,189324477843,2.94000244140625,3.457183837890625,1.0
2-3-1,Run1,189324494497,2.9095001220703125,3.688064575195313,1.0
2-3-1,Run1,189324511152,2.9027557373046875,3.592987060546875,1.0
2-3-1,Run1,189324527808,2.93743896484375,3.4107818603515625,1.0
2-3-1,Run1,189324544462,2.950836181640625,3.4106597900390625,1.0
2-3-1,Run1,189324561117,2.935775756835937,3.3983612060546875,1.0
2-3-1,Run1,189324577772,2.8853302001953125,3.385223388671875,1.0
2-3-1,Run1,189324594426,2.883636474609375,3.5298309326171875,1.0
2-3-1,Run1,189324611081,2.9412384033203125,3.71014404296875,1.0
2-3-1,Run1,189324627736,2.939208984375,3.456787109375,1.0
2-3-1,Run1,189324644391,2.9129180908203125,3.4222412109375,1.0
2-3-1,Run1,189324661046,2.8921661376953125,3.366683959960937,1.0
2-3-1,Run1,189324677701,2.8758544921875,3.358795166015625,1.0
2-3-1,Run1,189324694356,2.870361328125,3.3957977294921875,1.0
2-3-1,Run1,189324711010,2.89068603515625,3.4000244140625,1.0
2-3-1,Run1,189324727665,3.1664276123046875,3.390777587890625,1.0
2-3-1,Run1,189324744320,3.2256011962890625,3.38555908203125,1.0
2-3-1,Run1,189324760974,2.9530029296875,3.382415771484375,1.0
2-3-1,Run1,189324777629,2.896469116210937,3.3796539306640625,1.0
2-3-1,Run1,189324794285,2.9000244140625,3.5714111328125,1.0
2-3-1,Run1,189324810939,2.9189605712890625,3.5545806884765625,1.0
2-3-1,Run1,189324827594,2.878768920898437,3.5545806884765625,1.0
2-3-1,Run1,189324844249,2.9048309326171875,3.52056884765625,1.0
2-3-1,Run1,189324860903,2.9335174560546875,3.52056884765625,1.0
2-3-1,Run1,189324877558,2.918243408203125,3.5155487060546875,1.0
2-3-1,Run1,189324894213,2.9222412109375,3.5155487060546875,1.0
2-3-1,Run1,189324910868,2.9532470703125,3.612884521484375,1.0
2-3-1,Run1,189324927523,2.9324188232421875,3.4264068603515625,1.0
2-3-1,Run1,189324944178,2.90386962890625,3.424835205078125,1.0
2-3-1,Run1,189324960833,2.9553680419921875,3.594085693359375,1.0
2-3-1,Run1,189324977487,2.970245361328125,3.5091094970703125,1.0
2-3-1,Run1,189324994142,2.9460906982421875,3.5091094970703125,1.0
2-3-1,Run1,189325010797,2.947265625,3.64068603515625,1.0
2-3-1,Run1,189325027451,2.95166015625,3.64068603515625,1.0
2-3-1,Run1,189325044106,2.967041015625,3.581405639648437,1.0
2-3-1,Run1,189325060762,3.0175933837890625,3.581405639648437,1.0
2-3-1,Run1,189325077416,3.0051727294921875,3.6268310546875,1.0
2-3-1,Run1,189325094071,2.969223022460937,3.4802703857421875,1.0
2-3-1,Run1,189325110726,2.9932098388671875,3.490585327148437,1.0
2-3-1,Run1,189325127380,3.0295562744140625,3.4967803955078125,1.0
2-3-1,Run1,189325144035,3.02899169921875,3.504058837890625,1.0
2-3-1,Run1,189325160690,3.04571533203125,3.51824951171875,1.0
2-3-1,Run1,189325177345,3.0616912841796875,3.5196685791015625,1.0
2-3-1,Run1,189325194000,3.0780029296875,3.521728515625,1.0
2-3-1,Run1,189325210655,3.0767974853515625,3.5195770263671875,1.0
2-3-1,Run1,189325227310,3.0702056884765625,3.5406951904296875,1.0
2-3-1,Run1,189325243964,3.074920654296875,3.545516967773437,1.0
2-3-1,Run1,189325260619,3.089935302734375,3.565826416015625,1.0
2-3-1,Run1,189325277274,3.0803375244140625,3.5796356201171875,1.0
2-3-1,Run1,189325293928,3.08575439453125,3.591033935546875,1.0
2-3-1,Run1,189325310583,3.083984375,3.570953369140625,1.0
2-3-1,Run1,189325327239,3.0287628173828125,3.524993896484375,1.0
2-3-1,Run1,189325343893,2.8596343994140625,3.3409881591796875,1.0
2-3-1,Run1,189325360548,2.8553619384765625,3.3181110728870737,0.0
2-3-1,Run1,189325377203,2.8510894775390625,3.29523398659446,0.0
2-3-1,Run1,189325393857,2.8468170166015625,3.2723569003018467,0.0
2-3-1,Run1,189325410512,2.8425445556640625,3.249479814009233,0.0
2-3-1,Run1,189325427167,2.8382720947265625,3.226602727716619,0.0
2-3-1,Run1,189325443822,2.8339996337890625,3.2037256414240054,0.0
2-3-1,Run1,189325460477,2.8297271728515625,3.1808485551313916,0.0
2-3-1,Run1,189325477132,2.8254547119140625,3.157971468838778,0.0
2-3-1,Run1,189325493787,2.8211822509765625,3.1350943825461646,1.0
2-3-1,Run1,189325510441,3.012176513671875,3.112217296253551,1.0
2-3-1,Run1,189325527096,3.1516876220703125,3.089340209960937,1.0
2-3-1,Run1,189325543751,3.15423583984375,3.3199005126953125,1.0
2-3-1,Run1,189325560405,3.1891021728515625,3.5394287109375,1.0
2-3-1,Run1,189325577060,3.195037841796875,3.513641357421875,1.0
2-3-1,Run1,189325593716,3.1859283447265625,3.577865600585937,1.0
2-3-1,Run1,189325610370,3.171112060546875,3.5438690185546875,1.0
2-3-1,Run1,189325627025,3.1643829345703125,3.585922241210937,1.0
2-3-1,Run1,189325643680,3.17181396484375,3.585922241210937,1.0
2-3-1,Run1,189325660334,3.332611083984375,3.617034912109375,1.0
2-3-1,Run1,189325676989,3.360382080078125,3.648147583007813,1.0
2-3-1,Run1,189325693644,3.1780548095703125,3.667892456054688,1.0
2-3-1,Run1,189325710299,3.1800079345703125,3.710983276367188,1.0
2-3-1,Run1,189325726954,3.168563842773437,3.724151611328125,1.0
2-3-1,Run1,189325743609,3.15423583984375,3.735305786132813,1.0
2-3-1,Run1,189325760264,3.1826171875,3.865798950195313,1.0
2-3-1,Run1,189325776918,3.18035888671875,3.8685963948567714,1.0
2-3-1,Run1,189325793573,3.17279052734375,3.8713938395182295,1.0
2-3-1,Run1,189325810228,3.1712799072265625,3.874191284179688,1.0
2-3-1,Run1,189325826882,3.1524200439453125,3.716400146484375,1.0
2-3-1,Run1,189325843537,3.1884918212890625,3.706451416015625,1.0
2-3-1,Run1,189325860193,3.1717529296875,3.689529418945313,1.0
2-3-1,Run1,189325876847,3.131454467773437,3.674880981445313,1.0
2-3-1,Run1,189325893502,3.09588623046875,3.642852783203125,1.0
2-3-1,Run1,189325910157,3.082244873046875,3.64324951171875,1.0
2-3-1,Run1,189325926811,3.05084228515625,3.625396728515625,1.0
2-3-1,Run1,189325943466,3.0641632080078125,3.62408447265625,1.0
2-3-1,Run1,189325960121,3.357940673828125,3.7565765380859375,1.0
2-3-1,Run1,189325976776,3.3502960205078125,3.7230730056762695,0.0
2-3-1,Run1,189325993431,3.3426513671875,3.6895694732666016,0.0
2-3-1,Run1,189326010086,3.3350067138671875,3.6560659408569336,0.0
2-3-1,Run1,189326026741,3.327362060546875,3.6225624084472656,0.0
2-3-1,Run1,189326043395,3.3197174072265625,3.5890588760375977,0.0
2-3-1,Run1,189326060050,3.31207275390625,3.5555553436279297,0.0
2-3-1,Run1,189326076705,3.3044281005859375,3.5220518112182617,0.0
2-3-1,Run1,189326093359,3.2967834472656246,3.4885482788085938,0.0
2-3-1,Run1,189326110014,3.289138793945312,3.455044746398926,0.0
2-3-1,Run1,189326126670,3.2814941406249996,3.421541213989258,0.0
2-3-1,Run1,189326158276,3.273849487304687,3.38803768157959,0.0
2-3-1,Run1,189326174931,3.2662048339843746,3.354534149169922,0.0
2-3-1,Run1,189326191586,3.258560180664062,3.321030616760254,0.0
2-3-1,Run1,189326224972,3.2509155273437496,3.287527084350586,0.0
2-3-1,Run1,189326241627,3.243270874023437,3.254023551940918,1.0
2-3-1,Run1,189326258282,2.94378662109375,3.22052001953125,1.0
2-3-1,Run1,189326274937,2.957870483398437,3.22052001953125,1.0
2-3-1,Run1,189326291592,2.98565673828125,3.269073486328125,1.0
2-3-1,Run1,189326308247,2.93011474609375,3.269073486328125,1.0
2-3-1,Run1,189326324901,2.93316650390625,3.3036041259765625,1.0
2-3-1,Run1,189326341556,3.009185791015625,3.3036041259765625,1.0
2-3-1,Run1,189326358211,3.046661376953125,3.3496551513671875,1.0
2-3-1,Run1,189326374865,3.022323608398437,3.4345703125,1.0
2-3-1,Run1,189326391520,3.00726318359375,3.45941162109375,1.0
2-3-1,Run1,189326408176,2.9916229248046875,3.448272705078125,1.0
2-3-1,Run1,189326424831,2.999053955078125,3.480133056640625,1.0
2-3-1,Run1,189326441485,3.008453369140625,3.504669189453125,1.0
2-3-1,Run1,189326458140,3.0338897705078125,3.712799072265625,1.0
2-3-1,Run1,189326474795,3.0576171875,3.6066665649414062,1.0
2-3-1,Run1,189326491449,3.0279541015625,3.5005340576171875,1.0
2-3-1,Run1,189326508104,3.037338256835937,3.5005340576171875,1.0
2-3-1,Run1,189326524759,3.0611572265625,3.5228424072265625,1.0
2-3-1,Run1,189326541414,3.037506103515625,3.5627899169921875,1.0
2-3-1,Run1,189326558069,2.973052978515625,3.686599731445313,1.0
2-3-1,Run1,189326574724,2.981719970703125,3.4892120361328125,1.0
2-3-1,Run1,189326591378,3.0274200439453125,3.4892120361328125,1.0
2-3-1,Run1,189326608033,3.0081329345703125,3.68951416015625,1.0
2-3-1,Run1,189326624688,2.9326934814453125,3.51458740234375,1.0
2-3-1,Run1,189326641342,2.947860717773437,3.523345947265625,1.0
2-3-1,Run1,189326657997,2.949981689453125,3.500579833984375,1.0
2-3-1,Run1,189326674653,2.9531402587890625,3.469223022460937,1.0
2-3-1,Run1,189326691308,2.97052001953125,3.6118316650390634,1.0
2-3-1,Run1,189326707962,2.9503631591796875,3.496421813964844,1.0
2-3-1,Run1,189326724617,2.92230224609375,3.381011962890625,1.0
2-3-1,Run1,189326741272,2.924179077148437,3.4226837158203125,1.0
2-3-1,Run1,189326757926,2.905792236328125,3.41546630859375,1.0
2-3-1,Run1,189326774581,2.877960205078125,3.39373779296875,1.0
2-3-1,Run1,189326791236,2.9208984375,3.3960113525390625,1.0
2-3-1,Run1,189326807891,2.9273223876953125,3.4124908447265625,1.0
2-3-1,Run1,189326824546,2.8953857421875,3.52276611328125,1.0
2-3-1,Run1,189326841201,2.90399169921875,3.592559814453125,1.0
2-3-1,Run1,189326857855,2.878143310546875,3.592559814453125,1.0
2-3-1,Run1,189326874510,2.8760528564453125,3.5244293212890625,1.0
2-3-1,Run1,189326891165,2.89434814453125,3.3808135986328125,1.0
2-3-1,Run1,189326907819,2.8911895751953125,3.32745361328125,1.0
2-3-1,Run1,189326924474,2.9110870361328125,3.32135009765625,1.0
2-3-1,Run1,189326941130,2.9010467529296875,3.4022674560546875,1.0
2-3-1,Run1,189326957785,2.8819580078125,3.615081787109375,1.0
2-3-1,Run1,189326974439,2.8671417236328125,3.63232421875,1.0
2-3-1,Run1,189326991094,2.880233764648437,3.4262237548828125,1.0
2-3-1,Run1,189327007749,2.87200927734375,3.436508178710937,1.0
2-3-1,Run1,189327024403,2.87359619140625,3.377548217773437,1.0
2-3-1,Run1,189327041058,2.894744873046875,3.257354736328125,1.0
2-3-1,Run1,189327057713,3.13055419921875,3.1941278631036933,1.0
2-3-1,Run1,189327074368,3.097412109375,3.1309009898792612,0.0
2-3-1,Run1,189327091023,3.06427001953125,3.0676741166548296,0.0
2-3-1,Run1,189327107678,3.0311279296875,3.0044472434303975,0.0
2-3-1,Run1,189327124332,2.99798583984375,2.941220370205966,0.0
2-3-1,Run1,189327140987,2.96484375,2.877993496981534,0.0
2-3-1,Run1,189327157642,2.93170166015625,2.814766623757102,0.0
2-3-1,Run1,189327174296,2.8985595703125,2.7515397505326704,0.0
2-3-1,Run1,189327190951,2.86541748046875,2.6883128773082383,0.0
2-3-1,Run1,189327207607,2.832275390625,2.6250860040838067,0.0
2-3-1,Run1,189327224262,2.79913330078125,2.561859130859375,1.0
2-3-1,Run1,189327240916,2.89837646484375,2.561859130859375,1.0
2-3-1,Run1,189327257571,2.899658203125,3.121444702148437,1.0
2-3-1,Run1,189327274226,2.921905517578125,3.121444702148437,1.0
2-3-1,Run1,189327290880,2.9551544189453125,3.2478179931640625,1.0
2-3-1,Run1,189327307535,2.9490203857421875,3.2478179931640625,1.0
2-3-1,Run1,189327324190,2.9337615966796875,3.306610107421875,1.0
2-3-1,Run1,189327340845,2.9910888671875,3.430770874023437,1.0
2-3-1,Run1,189327357500,2.988632202148437,3.45330810546875,1.0
2-3-1,Run1,189327374155,2.9450836181640625,3.42840576171875,1.0
2-3-1,Run1,189327390809,2.959686279296875,3.47943115234375,1.0
2-3-1,Run1,189327407464,3.013168334960937,3.4703369140625,1.0
2-3-1,Run1,189327424119,3.030303955078125,3.6308746337890634,1.0
2-3-1,Run1,189327440773,2.9957275390625,3.6141510009765625,1.0
2-3-1,Run1,189327457428,3.010116577148437,3.4853973388671875,1.0
2-3-1,Run1,189327474084,3.0589599609375,3.439727783203125,1.0
2-3-1,Run1,189327490739,3.0686798095703125,3.5535125732421875,1.0
2-3-1,Run1,189327507393,3.0702056884765625,3.66729736328125,1.0
2-3-1,Run1,189327524048,3.09429931640625,3.66729736328125,1.0
2-3-1,Run1,189327540703,3.0663604736328125,3.5989303588867188,1.0
2-3-1,Run1,189327557357,3.0465545654296875,3.5305633544921875,1.0
2-3-1,Run1,189327574012,3.0577850341796875,3.5777587890625,1.0
2-3-1,Run1,189327590667,3.100814819335937,3.71795654296875,1.0
2-3-1,Run1,189327607322,3.1240997314453125,3.695755004882813,1.0
2-3-1,Run1,189327623977,3.12994384765625,3.695755004882813,1.0
2-3-1,Run1,189327640632,3.127685546875,3.74676513671875,1.0
2-3-1,Run1,189327657285,3.156478881835937,3.62841796875,1.0
2-3-1,Run1,189327673941,3.1622314453125,3.589569091796875,1.0
2-3-1,Run1,189327690596,3.17352294921875,3.727996826171875,1.0
2-3-1,Run1,189327707250,3.182647705078125,3.866424560546875,1.0
2-3-1,Run1,189327723905,3.1569061279296875,3.6699066162109375,1.0
2-3-1,Run1,189327740560,3.133514404296875,3.65008544921875,1.0
2-3-1,Run1,189327757216,3.096771240234375,3.657806396484375,1.0
2-3-1,Run1,189327773870,3.108795166015625,3.67132568359375,1.0
2-3-1,Run1,189327790524,3.1220855712890625,3.585067749023437,1.0
2-3-1,Run1,189327807180,3.090972900390625,3.5087127685546875,1.0
2-3-1,Run1,189327823834,3.2634429931640625,3.574859619140625,1.0
2-3-1,Run1,189327840489,3.2176666259765625,3.5405838012695314,0.0
2-3-1,Run1,189327857144,3.1718902587890625,3.5063079833984374,0.0
2-3-1,Run1,189327873798,3.1261138916015625,3.472032165527344,0.0
2-3-1,Run1,189327890454,3.0803375244140625,3.43775634765625,0.0
2-3-1,Run1,189327907109,3.0345611572265625,3.4034805297851562,0.0
2-3-1,Run1,189327923763,2.9887847900390625,3.3692047119140627,0.0
2-3-1,Run1,189327940418,2.9430084228515625,3.3349288940429687,0.0
2-3-1,Run1,189327957073,2.8972320556640625,3.300653076171875,0.0
2-3-1,Run1,189327973726,2.8514556884765625,3.266377258300781,0.0
2-3-1,Run1,189327990382,2.8056793212890625,3.2321014404296875,1.0
2-3-1,Run1,189328007037,2.9673309326171875,3.2321014404296875,1.0
2-3-1,Run1,189328023693,2.994613647460937,3.1873321533203125,1.0
2-3-1,Run1,189328040346,2.9514617919921875,3.1873321533203125,1.0
2-3-1,Run1,189328057001,2.9198760986328125,3.2676544189453125,1.0
2-3-1,Run1,189328073657,2.9585723876953125,3.2676544189453125,1.0
2-3-1,Run1,189328090311,2.970306396484375,3.357177734375,1.0
2-3-1,Run1,189328106966,2.97613525390625,3.357177734375,1.0
2-3-1,Run1,189328123621,3.0148468017578125,3.39093017578125,1.0
2-3-1,Run1,189328140275,3.037460327148437,3.4624481201171875,1.0
2-3-1,Run1,189328156931,3.0044403076171875,3.659423828125,1.0
2-3-1,Run1,189328173586,2.981536865234375,3.66278076171875,1.0
2-3-1,Run1,189328190240,3.0164031982421875,3.495452880859375,1.0
2-3-1,Run1,189328206895,3.0151824951171875,3.5034942626953125,1.0
2-3-1,Run1,189328223550,2.9996490478515625,3.4864654541015625,1.0
2-3-1,Run1,189328240204,2.986083984375,3.493148803710937,1.0
2-3-1,Run1,189328256859,3.1700439453125,3.4819488525390625,1.0
2-3-1,Run1,189328273514,3.2056427001953125,3.46771240234375,1.0
2-3-1,Run1,189328290170,3.0125885009765625,3.4873809814453125,1.0
2-3-1,Run1,189328306824,3.0237579345703125,3.4888916015625,1.0
2-3-1,Run1,189328323479,3.034149169921875,3.664581298828125,1.0
2-3-1,Run1,189328340134,3.0209503173828125,3.661209106445313,1.0
2-3-1,Run1,189328356788,2.964202880859375,3.476104736328125,1.0
2-3-1,Run1,189328373443,2.95721435546875,3.481842041015625,1.0
2-3-1,Run1,189328390098,2.982406616210937,3.48077392578125,1.0
2-3-1,Run1,189328406752,2.986190795898437,3.4660797119140625,1.0
2-3-1,Run1,189328423407,2.97821044921875,3.625,1.0
2-3-1,Run1,189328440063,2.990707397460937,3.5962371826171875,1.0
2-3-1,Run1,189328456717,2.9988250732421875,3.4193572998046875,1.0
2-3-1,Run1,189328473372,2.981552124023437,3.415374755859375,1.0
2-3-1,Run1,189328490027,2.9527587890625,3.422943115234375,1.0
2-3-1,Run1,189328506681,2.9727935791015625,3.4157867431640625,1.0
2-3-1,Run1,189328523336,2.9925994873046875,3.416900634765625,1.0
2-3-1,Run1,189328539991,2.983123779296875,3.421844482421875,1.0
2-3-1,Run1,189328556646,2.9864044189453125,3.404281616210937,1.0
2-3-1,Run1,189328573301,2.9839630126953125,3.436279296875,1.0
2-3-1,Run1,189328589956,2.988494873046875,3.419342041015625,1.0
2-3-1,Run1,189328606611,2.97906494140625,3.379302978515625,1.0
2-3-1,Run1,189328623265,2.939300537109375,3.2838897705078125,1.0
2-3-1,Run1,189328639920,2.822723388671875,3.146026611328125,1.0
2-3-1,Run1,189328656575,2.824034257368608,3.152926358309659,0.0
2-3-1,Run1,189328673229,2.825345126065341,3.1598261052911933,0.0
2-3-1,Run1,189328689884,2.8266559947620737,3.166725852272727,0.0
2-3-1,Run1,189328706540,2.8279668634588067,3.1736255992542612,0.0
2-3-1,Run1,189328723194,2.8292777321555396,3.1805253462357954,0.0
2-3-1,Run1,189328739849,2.8305886008522725,3.1874250932173296,0.0
2-3-1,Run1,189328756504,2.8318994695490054,3.1943248401988638,0.0
2-3-1,Run1,189328773158,2.8332103382457383,3.201224587180398,0.0
2-3-1,Run1,189328789813,2.8345212069424712,3.2081243341619317,0.0
2-3-1,Run1,189328806468,2.835832075639204,3.215024081143466,0.0
2-3-1,Run1,189328823123,2.837142944335937,3.221923828125,1.0
2-3-1,Run1,189328839778,2.837142944335937,3.221923828125,1.0
2-3-1,Run1,189328856433,2.935577392578125,3.219512939453125,1.0
2-3-1,Run1,189328873088,2.935577392578125,3.23040771484375,1.0
2-3-1,Run1,189328889742,2.9560546875,3.310302734375,1.0
2-3-1,Run1,189328906397,3.03668212890625,3.383209228515625,1.0
2-3-1,Run1,189328923051,2.9937896728515625,3.4514617919921875,1.0
2-3-1,Run1,189328939706,2.9974365234375,3.480819702148437,1.0
2-3-1,Run1,189328956361,3.02191162109375,3.4691162109375,1.0
2-3-1,Run1,189328973017,3.037506103515625,3.529052734375,1.0
2-3-1,Run1,189328989671,3.0544891357421875,3.559600830078125,1.0
2-3-1,Run1,189329006326,3.040267944335937,3.52923583984375,1.0
2-3-1,Run1,189329022981,3.018341064453125,3.542633056640625,1.0
2-3-1,Run1,189329039635,3.0520782470703125,3.528671264648437,1.0
2-3-1,Run1,189329056290,3.0408477783203125,3.5191192626953125,1.0
2-3-1,Run1,189329072945,3.01947021484375,3.53289794921875,1.0
2-3-1,Run1,189329089600,3.027984619140625,3.5379638671875,1.0
2-3-1,Run1,189329106255,3.0325927734375,3.5352935791015625,1.0
2-3-1,Run1,189329122910,3.04241943359375,3.7392425537109375,1.0
2-3-1,Run1,189329139565,3.03863525390625,3.696807861328125,1.0
2-3-1,Run1,189329156219,3.0118560791015625,3.526336669921875,1.0
2-3-1,Run1,189329172874,3.0239410400390625,3.514389038085937,1.0
2-3-1,Run1,189329189529,3.0110321044921875,3.6457672119140634,1.0
2-3-1,Run1,189329206183,3.004379272460937,3.620437622070313,1.0
2-3-1,Run1,189329222838,2.954864501953125,3.474472045898437,1.0
2-3-1,Run1,189329239494,2.948944091796875,3.457870483398437,1.0
2-3-1,Run1,189329256148,2.979339599609375,3.4057769775390625,1.0
2-3-1,Run1,189329272803,2.9207000732421875,3.4286041259765625,1.0
2-3-1,Run1,189329289458,2.8904266357421875,3.44219970703125,1.0
2-3-1,Run1,189329306112,2.926788330078125,3.516632080078125,1.0
2-3-1,Run1,189329322767,2.928375244140625,3.515045166015625,1.0
2-3-1,Run1,189329339422,2.922515869140625,3.41131591796875,1.0
2-3-1,Run1,189329356077,2.8928680419921875,3.543792724609375,1.0
2-3-1,Run1,189329372732,2.861724853515625,3.5634765625,1.0
2-3-1,Run1,189329389387,2.8476104736328125,3.5634765625,1.0
2-3-1,Run1,189329406042,2.8463592529296875,3.552642822265625,1.0
2-3-1,Run1,189329422696,2.8455963134765625,3.552642822265625,1.0
2-3-1,Run1,189329439351,2.88018798828125,3.4642486572265625,1.0
2-3-1,Run1,189329456006,2.8719635009765625,3.323211669921875,1.0
2-3-1,Run1,189329472660,2.864715576171875,3.3191680908203125,1.0
2-3-1,Run1,189329489315,2.903778076171875,3.3197021484375,1.0
2-3-1,Run1,189329505971,2.8760223388671875,3.3402099609375,1.0
2-3-1,Run1,189329522625,2.8209228515625,3.3293609619140625,1.0
2-3-1,Run1,189329539280,2.8278961181640625,3.307891845703125,1.0
2-3-1,Run1,189329555935,2.8252410888671875,3.3045654296875,1.0
2-3-1,Run1,189329572589,2.8224334716796875,3.31805419921875,1.0
2-3-1,Run1,189329589244,2.827377319335937,3.340560913085937,1.0
2-3-1,Run1,189329605899,2.85064697265625,3.3332061767578125,1.0
2-3-1,Run1,189329622554,2.8701934814453125,3.333358764648437,1.0
2-3-1,Run1,189329639209,2.8396148681640625,3.35528564453125,1.0
2-3-1,Run1,189329655864,2.83154296875,3.5492095947265625,1.0
2-3-1,Run1,189329672519,2.811859130859375,3.52972412109375,1.0
2-3-1,Run1,189329689173,2.8009490966796875,3.3284149169921875,1.0
2-3-1,Run1,189329705828,2.814208984375,3.3270263671875,1.0
2-3-1,Run1,189329722483,2.8480224609375,3.3963165283203125,1.0
2-3-1,Run1,189329739137,2.847930908203125,3.3899688720703125,1.0
2-3-1,Run1,189329755792,2.8522491455078125,3.341415405273437,1.0
2-3-1,Run1,189329772448,2.87158203125,3.3365478515625,1.0
2-3-1,Run1,189329789102,2.8728179931640625,3.328948974609375,1.0
2-3-1,Run1,189329805757,2.87835693359375,3.3488922119140625,1.0
2-3-1,Run1,189329822412,2.8906402587890625,3.5491943359375,1.0
2-3-1,Run1,189329839066,2.874298095703125,3.5261993408203125,1.0
2-3-1,Run1,189329855721,2.86480712890625,3.5261993408203125,1.0
2-3-1,Run1,189329872376,2.89031982421875,3.5071792602539062,1.0
2-3-1,Run1,189329889031,3.162811279296875,3.4881591796875,1.0
2-3-1,Run1,189329905686,3.1667083740234374,3.4691390991210938,0.0
2-3-1,Run1,189329922341,3.17060546875,3.4501190185546875,0.0
2-3-1,Run1,189329938996,3.1745025634765627,3.4310989379882812,0.0
2-3-1,Run1,189329955650,3.178399658203125,3.412078857421875,0.0
2-3-1,Run1,189329972305,3.1822967529296875,3.3930587768554688,0.0
2-3-1,Run1,189329988960,3.18619384765625,3.3740386962890625,0.0
2-3-1,Run1,189330005614,3.1900909423828123,3.3550186157226562,0.0
2-3-1,Run1,189330022269,3.193988037109375,3.33599853515625,0.0
2-3-1,Run1,189330038925,3.1978851318359376,3.3169784545898438,0.0
2-3-1,Run1,189330055579,3.2017822265625,3.2979583740234375,0.0
2-3-1,Run1,189330086297,3.2056793212890624,3.2789382934570312,0.0
2-3-1,Run1,189330102952,3.209576416015625,3.259918212890625,0.0
2-3-1,Run1,189330119606,3.2134735107421877,3.2408981323242188,0.0
2-3-1,Run1,189330153001,3.21737060546875,3.2218780517578125,0.0
2-3-1,Run1,189330169657,3.2212677001953125,3.2028579711914062,1.0
2-3-1,Run1,189330186312,3.0320281982421875,3.183837890625,1.0
2-3-1,Run1,189330202966,3.0458221435546875,3.183837890625,1.0
2-3-1,Run1,189330219621,3.02313232421875,3.26214599609375,1.0
2-3-1,Run1,189330236276,3.012420654296875,3.26214599609375,1.0
2-3-1,Run1,189330252930,3.01629638671875,3.289947509765625,1.0
2-3-1,Run1,189330269585,3.035751342773437,3.5057373046875,1.0
2-3-1,Run1,189330286240,3.0579986572265625,3.5605010986328125,1.0
2-3-1,Run1,189330302895,3.0587158203125,3.4473114013671875,1.0
2-3-1,Run1,189330319550,3.073959350585937,3.4792633056640625,1.0
2-3-1,Run1,189330336205,3.0995025634765625,3.504302978515625,1.0
2-3-1,Run1,189330352860,3.0877227783203125,3.55242919921875,1.0
2-3-1,Run1,189330369514,3.081207275390625,3.544662475585937,1.0
2-3-1,Run1,189330386169,3.0789337158203125,3.537139892578125,1.0
2-3-1,Run1,189330402824,3.0813446044921875,3.549835205078125,1.0
2-3-1,Run1,189330419478,3.07830810546875,3.5604400634765625,1.0
2-3-1,Run1,189330436134,3.0778350830078125,3.56756591796875,1.0
2-3-1,Run1,189330452789,3.0802154541015625,3.573974609375,1.0
2-3-1,Run1,189330469443,3.073638916015625,3.6078033447265625,1.0
2-3-1,Run1,189330486098,3.065292358398437,3.609283447265625,1.0
2-3-1,Run1,189330502753,3.0548095703125,3.5926971435546875,1.0
2-3-1,Run1,189330519407,3.051239013671875,3.5520477294921875,1.0
2-3-1,Run1,189330536062,3.0261993408203125,3.5268096923828125,1.0
2-3-1,Run1,189330552717,2.9993896484375,3.529876708984375,1.0
2-3-1,Run1,189330569372,3.0009918212890625,3.507781982421875,1.0
2-3-1,Run1,189330586027,2.99127197265625,3.473495483398437,1.0
2-3-1,Run1,189330602682,3.002670288085937,3.4139862060546875,1.0
2-3-1,Run1,189330619337,2.955307006835937,3.16644287109375,1.0
2-3-1,Run1,189330635991,2.81219482421875,3.16644287109375,1.0
2-3-1,Run1,189330652646,2.805518410422585,3.1189422607421875,0.0
2-3-1,Run1,189330669301,2.7988419966264204,3.071441650390625,0.0
2-3-1,Run1,189330685955,2.7921655828302554,3.0239410400390625,0.0
2-3-1,Run1,189330702611,2.785489169034091,2.9764404296875,0.0
2-3-1,Run1,189330719266,2.778812755237926,2.9289398193359375,0.0
2-3-1,Run1,189330735920,2.7721363414417612,2.881439208984375,0.0
2-3-1,Run1,189330752575,2.7654599276455962,2.8339385986328125,0.0
2-3-1,Run1,189330769230,2.7587835138494317,2.78643798828125,0.0
2-3-1,Run1,189330785884,2.7521071000532666,2.7389373779296875,0.0
2-3-1,Run1,189330802539,2.745430686257102,2.691436767578125,0.0
2-3-1,Run1,189330819194,2.738754272460937,2.6439361572265625,1.0
2-3-1,Run1,189330835849,2.738754272460937,2.6439361572265625,1.0
2-3-1,Run1,189330852504,2.855087280273437,3.179656982421875,1.0
2-3-1,Run1,189330869159,2.931243896484375,3.179656982421875,1.0
2-3-1,Run1,189330885814,2.923828125,3.205657958984375,1.0
2-3-1,Run1,189330902468,2.9396514892578125,3.303939819335937,1.0
2-3-1,Run1,189330919123,2.940765380859375,3.3466033935546875,1.0
2-3-1,Run1,189330935778,2.9715576171875,3.2719268798828125,1.0
2-3-1,Run1,189330952432,2.9439849853515625,3.2605743408203125,1.0
2-3-1,Run1,189330969088,2.923309326171875,3.369979858398437,1.0
2-3-1,Run1,189330985743,2.9347076416015625,3.4006500244140625,1.0
2-3-1,Run1,189331002397,2.952362060546875,3.301849365234375,1.0
2-3-1,Run1,189331019052,2.9458770751953125,3.3077850341796875,1.0
2-3-1,Run1,189331035707,2.901473999023437,3.3936920166015625,1.0
2-3-1,Run1,189331052361,2.924713134765625,3.419784545898437,1.0
2-3-1,Run1,189331069016,2.966415405273437,3.4339752197265625,1.0
2-3-1,Run1,189331085671,2.9504852294921875,3.6624755859375,1.0
2-3-1,Run1,189331102326,2.94110107421875,3.5066604614257812,1.0
2-3-1,Run1,189331118981,2.9378662109375,3.3508453369140625,1.0
2-3-1,Run1,189331135636,2.9405517578125,3.436996459960937,1.0
2-3-1,Run1,189331152291,2.928680419921875,3.660430908203125,1.0
2-3-1,Run1,189331168945,2.93414306640625,3.459259033203125,1.0
2-3-1,Run1,189331185600,2.8949737548828125,3.3735504150390625,1.0
2-3-1,Run1,189331202255,2.891265869140625,3.4072418212890625,1.0
2-3-1,Run1,189331218909,2.8954315185546875,3.579681396484375,1.0
2-3-1,Run1,189331235565,2.87872314453125,3.5089263916015625,1.0
2-3-1,Run1,189331252220,2.867538452148437,3.3551483154296875,1.0
2-3-1,Run1,189331268874,2.8929901123046875,3.325653076171875,1.0
2-3-1,Run1,189331285529,2.903472900390625,3.40606689453125,1.0
2-3-1,Run1,189331302184,2.8878326416015625,3.3490982055664062,1.0
2-3-1,Run1,189331318838,2.903167724609375,3.2921295166015625,1.0
2-3-1,Run1,189331335493,2.9325714111328125,3.352523803710937,1.0
2-3-1,Run1,189331352148,2.9408416748046875,3.34613037109375,1.0
2-3-1,Run1,189331368802,2.905731201171875,3.28369140625,1.0
2-3-1,Run1,189331385458,2.886215209960937,3.298324584960937,1.0
2-3-1,Run1,189331402113,2.92132568359375,3.298324584960937,1.0
2-3-1,Run1,189331418768,2.942840576171875,3.32611083984375,1.0
2-3-1,Run1,189331435422,2.8710174560546875,3.3712158203125,1.0
2-3-1,Run1,189331452077,2.82769775390625,3.3137359619140625,1.0
2-3-1,Run1,189331468732,2.8738555908203125,3.3276519775390625,1.0
2-3-1,Run1,189331485386,2.866073608398437,3.543609619140625,1.0
2-3-1,Run1,189331502041,2.706787109375,3.5304718017578125,1.0
2-3-1,Run1,189331518697,2.7179412841796875,3.3426513671875,1.0
2-3-1,Run1,189331535351,2.84735107421875,3.331024169921875,1.0
2-3-1,Run1,189331552006,2.84368896484375,3.3436279296875,1.0
2-3-1,Run1,189331568661,2.8729248046875,3.3265380859375,1.0
2-3-1,Run1,189331585315,2.931381225585937,3.295196533203125,1.0
2-3-1,Run1,189331601970,2.898651123046875,3.350082397460937,1.0
2-3-1,Run1,189331618625,2.8850555419921875,3.3692779541015625,1.0
2-3-1,Run1,189331635279,2.901229858398437,3.346710205078125,1.0
2-3-1,Run1,189331651935,2.896575927734375,3.34686279296875,1.0
2-3-1,Run1,189331668590,2.9100799560546875,3.3295135498046875,1.0
2-3-1,Run1,189331685245,2.891357421875,3.3486328125,1.0
2-3-1,Run1,189331701899,2.7482452392578125,3.35638427734375,1.0
2-3-1,Run1,189331718554,2.744003295898437,3.316436767578125,1.0
2-3-1,Run1,189331735209,2.892929077148437,3.2396697998046875,1.0
2-3-1,Run1,189331751863,2.867401123046875,3.2822418212890625,1.0
2-3-1,Run1,189331768518,2.871566772460937,3.33123779296875,1.0
2-3-1,Run1,189331785174,2.890594482421875,3.3161163330078125,1.0
2-3-1,Run1,189331801828,2.8881988525390625,3.24774169921875,1.0
2-3-1,Run1,189331818483,2.9073638916015625,3.274078369140625,1.0
2-3-1,Run1,189331835138,2.906005859375,3.3625030517578125,1.0
2-3-1,Run1,189331851792,2.9077911376953125,3.312469482421875,1.0
2-3-1,Run1,189331868447,2.88525390625,3.332489013671875,1.0
2-3-1,Run1,189331885102,2.8685302734375,3.3313140869140625,1.0
2-3-1,Run1,189331901756,2.9044189453125,3.2303619384765625,1.0
2-3-1,Run1,189331918412,2.922470092773437,3.242218017578125,1.0
2-3-1,Run1,189331935067,2.8618621826171875,3.3116912841796875,1.0
2-3-1,Run1,189331951722,2.8674774169921875,3.3187255859375,1.0
2-3-1,Run1,189331968376,2.8641510009765625,3.3390045166015625,1.0
2-3-1,Run1,189331985031,2.837921142578125,3.3261260986328125,1.0
2-3-1,Run1,189332001686,2.7325897216796875,3.224761962890625,1.0
2-3-1,Run1,189332018340,2.738761208274148,3.226030789888822,0.0
2-3-1,Run1,189332034995,2.744932694868608,3.227299616887019,0.0
2-3-1,Run1,189332051651,2.7511041814630683,3.2285684438852162,0.0
2-3-1,Run1,189332068305,2.7572756680575283,3.2298372708834133,0.0
2-3-1,Run1,189332084960,2.7634471546519888,3.2311060978816104,0.0
2-3-1,Run1,189332101615,2.7696186412464487,3.2323749248798075,0.0
2-3-1,Run1,189332118269,2.775790127840909,3.233643751878005,0.0
2-3-1,Run1,189332134924,2.781961614435369,3.234912578876202,0.0
2-3-1,Run1,189332151579,2.7881331010298296,3.236181405874399,0.0
2-3-1,Run1,189332168233,2.7943045876242896,3.2374502328725963,0.0
2-3-1,Run1,189332184889,2.80047607421875,3.2387190598707933,1.0
2-3-1,Run1,189332201544,2.80047607421875,3.2399878868689904,1.0
2-3-1,Run1,189332218199,2.735092163085937,3.2412567138671875,1.0
2-3-1,Run1,189332234853,2.8739471435546875,3.2412567138671875,1.0
2-3-1,Run1,189332251508,2.9262847900390625,3.20770263671875,1.0
2-3-1,Run1,189332268163,2.9525604248046875,3.36328125,1.0
2-3-1,Run1,189332284817,2.963470458984375,3.41595458984375,1.0
2-3-1,Run1,189332301472,2.941864013671875,3.30328369140625,1.0
2-3-1,Run1,189332318128,2.9190216064453125,3.327484130859375,1.0
2-3-1,Run1,189332334782,2.929046630859375,3.3836212158203125,1.0
2-3-1,Run1,189332351437,2.9275054931640625,3.3490753173828125,1.0
2-3-1,Run1,189332368092,2.9347381591796875,3.369613647460937,1.0
2-3-1,Run1,189332384746,2.9472198486328125,3.379425048828125,1.0
2-3-1,Run1,189332401401,2.9557647705078125,3.293563842773437,1.0
2-3-1,Run1,189332418056,2.96539306640625,3.34844970703125,1.0
2-3-1,Run1,189332434710,2.951644897460937,3.3811492919921875,1.0
2-3-1,Run1,189332451366,2.939804077148437,3.418670654296875,1.0
2-3-1,Run1,189332468021,2.9868927001953125,3.469467163085937,1.0
2-3-1,Run1,189332484676,3.003021240234375,3.4170379638671875,1.0
2-3-1,Run1,189332501330,2.9613494873046875,3.4132537841796875,1.0
2-3-1,Run1,189332517985,2.950592041015625,3.441986083984375,1.0
2-3-1,Run1,189332534640,2.833984375,3.3602752685546875,1.0
2-3-1,Run1,189332551294,2.8519287109375,3.314361572265625,1.0
2-3-1,Run1,189332567949,2.8519287109375,3.314361572265625,1.0
2-3-1,Run1,189332584605,2.9068679809570312,3.3910980224609375,0.0
2-3-1,Run1,189332601259,2.9618072509765625,3.46783447265625,1.0
2-3-1,Run1,189332617914,2.853973388671875,3.32196044921875,1.0
2-3-1,Run1,189332634569,2.865936279296875,3.311676025390625,1.0
2-3-1,Run1,189332651223,2.85345458984375,3.3218994140625,1.0
2-3-1,Run1,189332667878,2.8325347900390625,3.318954467773437,1.0
2-3-1,Run1,189332684533,2.7877197265625,3.24920654296875,1.0
2-3-1,Run1,189332701187,2.7899169921875,3.249618530273437,1.0
2-3-1,Run1,189332717843,2.8086700439453125,3.278289794921875,1.0
2-3-1,Run1,189332734498,2.8098602294921875,3.2794189453125,1.0
2-3-1,Run1,189332751153,2.8162384033203125,3.2708892822265625,1.0
2-3-1,Run1,189332767807,2.798736572265625,3.24578857421875,1.0
2-3-1,Run1,189332784462,2.79315185546875,3.2161102294921875,1.0
2-3-1,Run1,189332801117,2.7840576171875,3.2241668701171875,1.0
2-3-1,Run1,189332817771,2.7781524658203125,3.23187255859375,1.0
2-3-1,Run1,189332834426,2.793197631835937,3.2178192138671875,1.0
2-3-1,Run1,189332851082,2.790191650390625,3.184188842773437,1.0
2-3-1,Run1,189332867736,2.7188873291015625,3.2037811279296875,1.0
2-3-1,Run1,189332884391,2.8811721801757812,3.386749267578125,1.0
2-3-1,Run1,189332901046,3.04345703125,3.426055908203125,1.0
2-3-1,Run1,Blink Count,456.0,3.426055908203125,
